over_id,over_overNumber,over_runrate,over_runsConceded,over_wickets,over_runsExtras,over_totalInningRuns,over_totalInningWickets,over_totalRuns,id,matchName,fixtureId,fixtureName,inningNumber,battingTeamId,battingTeamName,bowlingTeamId,bowlingTeamName,ballDateTime,ballNumber,isWicket,dismissalTypeId,dismissalPlayerId,dismissalPlayerName,bowlerPlayerId,bowlerPlayerName,battingPlayerId,battingPlayerName,nonStrikeBattingPlayerId,nonStrikeBattingPlayerName,shotAngle,shotMagnitude,fieldingPosition,runsConceded,extras,runs,runsScored,dismissalType,lengthTypeId,lineTypeId,appealDismissalTypeId,battingConnectionId,battingFeetId,battingShotTypeId,bowlingDetailId,bowlingFromId,bowlingTypeId,bowlingHandId,outcomeId,referralOutcomeId,noBallReasonId,isWide,isNoBall,isByes,isLegByes,isAirControlled,isAppeal,decisionOfficialId,isFreeHit,isNewBall,isPowerPlay,isBattingPowerPlay,isFloodLit,isReferred,teamRuns,runsByes,runsWide,runsLegByes,noBallsCount,isBoundry,isAirNotControlled
773419,1,2.0,2.0,0.0,0.0,2.0,0.0,2.0,30248,,15911,County Championship Division Two 2023,1,34,Gloucestershire,40,Durham,2023-07-10T10:59:44Z,1,False,,,,120,Ben Raine,40,Ben Charlesworth,34,Chris Dent,90,48,Wicketkeeper,0,0,0,0,,LengthBall,Null,NotOut,NoShot,0,Leave,Null,Round,Fast,Right,Null,NotReferred,Null,False,False,False,False,False,False,25,False,True,False,False,False,False,0,0,0,0,0,False,False
773419,1,2.0,2.0,0.0,0.0,2.0,0.0,2.0,30248,,15911,County Championship Division Two 2023,1,34,Gloucestershire,40,Durham,2023-07-10T11:00:00Z,2,False,,,,120,Ben Raine,40,Ben Charlesworth,34,Chris Dent,90,48,Wicketkeeper,0,0,0,0,,LengthBall,Null,NotOut,NoShot,0,Leave,Null,Round,Fast,Right,Null,NotReferred,Null,False,False,False,False,False,False,25,False,False,False,False,False,False,0,0,0,0,0,False,False
773419,1,2.0,2.0,0.0,0.0,2.0,0.0,2.0,30248,,15911,County Championship Division Two 2023,1,34,Gloucestershire,40,Durham,2023-07-10T11:00:37Z,3,False,,,,120,Ben Raine,40,Ben Charlesworth,34,Chris Dent,336,161,Deep Cover,2,0,2,2,,HalfVolley,Null,NotOut,Played,0,Drive,Null,Round,Fast,Right,Null,NotReferred,Null,False,False,False,False,False,False,25,False,False,False,False,False,False,2,0,0,0,0,False,False
773419,1,2.0,2.0,0.0,0.0,2.0,0.0,2.0,30248,,15911,County Championship Division Two 2023,1,34,Gloucestershire,40,Durham,2023-07-10T11:01:12Z,4,False,,,,120,Ben Raine,40,Ben Charlesworth,34,Chris Dent,90,48,Wicketkeeper,0,0,0,0,,LengthBall,Null,NotOut,NoShot,0,Leave,Null,Round,Fast,Right,Null,NotReferred,Null,False,False,False,False,False,False,25,False,False,False,False,False,False,0,0,0,0,0,False,False
773419,1,2.0,2.0,0.0,0.0,2.0,0.0,2.0,30248,,15911,County Championship Division Two 2023,1,34,Gloucestershire,40,Durham,2023-07-10T11:01:44Z,5,False,,,,120,Ben Raine,40,Ben Charlesworth,34,Chris Dent,90,48,Wicketkeeper,0,0,0,0,,LengthBall,Null,NotOut,NoShot,0,Leave,Null,Round,Fast,Right,Null,NotReferred,Null,False,False,False,False,False,False,25,False,False,False,False,False,False,0,0,0,0,0,False,False
773419,1,2.0,2.0,0.0,0.0,2.0,0.0,2.0,30248,,15911,County Championship Division Two 2023,1,34,Gloucestershire,40,Durham,2023-07-10T11:02:22Z,6,False,,,,120,Ben Raine,40,Ben Charlesworth,34,Chris Dent,270,40,Bowler,0,0,0,0,,LengthBall,Null,NotOut,Played,0,ForwardDefensive,Null,Round,Fast,Right,Null,NotReferred,Null,False,False,False,False,False,False,25,False,False,False,False,False,False,0,0,0,0,0,False,False
773426,2,1.0,0.0,0.0,0.0,2.0,0.0,0.0,30248,,15911,County Championship Division Two 2023,1,34,Gloucestershire,40,Durham,2023-07-10T11:03:21Z,1,False,,,,2673,Matthew Potts,34,Chris Dent,40,Ben Charlesworth,90,48,Wicketkeeper,0,0,0,0,,LengthBall,Null,NotOut,NoShot,0,Leave,Null,Round,Medium,Right,Null,NotReferred,Null,False,False,False,False,False,False,10,False,False,False,False,False,False,0,0,0,0,0,False,False
773426,2,1.0,0.0,0.0,0.0,2.0,0.0,0.0,30248,,15911,County Championship Division Two 2023,1,34,Gloucestershire,40,Durham,2023-07-10T11:03:53Z,2,False,,,,2673,Matthew Potts,34,Chris Dent,40,Ben Charlesworth,90,48,Wicketkeeper,0,0,0,0,,LengthBall,Null,NotOut,Missed,0,Cut,Null,Round,Medium,Right,Null,NotReferred,Null,False,False,False,False,False,False,10,False,False,False,False,False,False,0,0,0,0,0,False,False
773426,2,1.0,0.0,0.0,0.0,2.0,0.0,0.0,30248,,15911,County Championship Division Two 2023,1,34,Gloucestershire,40,Durham,2023-07-10T11:04:29Z,3,False,,,,2673,Matthew Potts,34,Chris Dent,40,Ben Charlesworth,90,48,Wicketkeeper,0,0,0,0,,LengthBall,Null,NotOut,NoShot,0,Leave,Null,Round,Medium,Right,Null,NotReferred,Null,False,False,False,False,False,False,10,False,False,False,False,False,False,0,0,0,0,0,False,False
773426,2,1.0,0.0,0.0,0.0,2.0,0.0,0.0,30248,,15911,County Championship Division Two 2023,1,34,Gloucestershire,40,Durham,2023-07-10T11:04:59Z,4,False,,,,2673,Matthew Potts,34,Chris Dent,40,Ben Charlesworth,90,48,Wicketkeeper,0,0,0,0,,LengthBall,Null,NotOut,Missed,0,ForwardDefensive,Null,Round,Medium,Right,Null,NotReferred,Null,False,False,False,False,False,False,10,False,False,False,False,False,False,0,0,0,0,0,False,False
773426,2,1.0,0.0,0.0,0.0,2.0,0.0,0.0,30248,,15911,County Championship Division Two 2023,1,34,Gloucestershire,40,Durham,2023-07-10T11:05:33Z,5,False,,,,2673,Matthew Potts,34,Chris Dent,40,Ben Charlesworth,90,48,Wicketkeeper,0,0,0,0,,LengthBall,Null,NotOut,NoShot,0,Leave,Null,Round,Medium,Right,Null,NotReferred,Null,False,False,False,False,False,False,10,False,False,False,False,False,False,0,0,0,0,0,False,False
773426,2,1.0,0.0,0.0,0.0,2.0,0.0,0.0,30248,,15911,County Championship Division Two 2023,1,34,Gloucestershire,40,Durham,2023-07-10T11:06:04Z,6,False,,,,2673,Matthew Potts,34,Chris Dent,40,Ben Charlesworth,90,48,Wicketkeeper,0,0,0,0,,LengthBall,Null,NotOut,NoShot,0,Leave,Null,Round,Medium,Right,Null,NotReferred,Null,False,False,False,False,False,False,10,False,False,False,False,False,False,0,0,0,0,0,False,False
773433,3,3.33,8.0,0.0,0.0,10.0,0.0,8.0,30248,,15911,County Championship Division Two 2023,1,34,Gloucestershire,40,Durham,2023-07-10T11:07:04Z,1,False,,,,120,Ben Raine,40,Ben Charlesworth,34,Chris Dent,288,29,Silly Mid Off,0,0,0,0,,LengthBall,Null,NotOut,Played,0,ForwardDefensive,Null,Round,Fast,Right,Null,NotReferred,Null,False,False,False,False,False,False,25,False,False,False,False,False,False,0,0,0,0,0,False,False
773433,3,3.33,8.0,0.0,0.0,10.0,0.0,8.0,30248,,15911,County Championship Division Two 2023,1,34,Gloucestershire,40,Durham,2023-07-10T11:07:33Z,2,False,,,,120,Ben Raine,40,Ben Charlesworth,34,Chris Dent,270,40,Bowler,0,0,0,0,,LengthBall,Null,NotOut,Played,0,ForwardDefensive,Null,Over,Fast,Right,Null,NotReferred,Null,False,False,False,False,False,False,25,False,False,False,False,False,False,0,0,0,0,0,False,False
773433,3,3.33,8.0,0.0,0.0,10.0,0.0,8.0,30248,,15911,County Championship Division Two 2023,1,34,Gloucestershire,40,Durham,2023-07-10T11:08:22Z,3,False,,,,120,Ben Raine,40,Ben Charlesworth,34,Chris Dent,298,43,Silly Mid Off,0,0,0,0,,LengthBall,Null,NotOut,Played,0,ForwardDefensive,Null,Over,Fast,Right,Null,NotReferred,Null,False,False,False,False,False,False,25,False,False,False,False,False,False,0,0,0,0,0,False,False
773433,3,3.33,8.0,0.0,0.0,10.0,0.0,8.0,30248,,15911,County Championship Division Two 2023,1,34,Gloucestershire,40,Durham,2023-07-10T11:09:07Z,4,False,,,,120,Ben Raine,40,Ben Charlesworth,34,Chris Dent,333,57,Short Extra Cover,0,0,0,0,,LengthBall,Null,NotOut,Played,0,ForwardDefensive,Null,Over,Fast,Right,Null,NotReferred,Null,False,False,False,False,False,False,25,False,False,False,False,False,False,0,0,0,0,0,False,False
773433,3,3.33,8.0,0.0,0.0,10.0,0.0,8.0,30248,,15911,County Championship Division Two 2023,1,34,Gloucestershire,40,Durham,2023-07-10T11:09:41Z,5,False,,,,120,Ben Raine,40,Ben Charlesworth,34,Chris Dent,34,167,Third Man,4,0,4,4,,LengthBall,Null,NotOut,Edged,0,Drive,Null,Over,Fast,Right,Null,NotReferred,Null,False,False,False,False,False,False,25,False,False,False,False,False,False,4,0,0,0,0,False,True
773433,3,3.33,8.0,0.0,0.0,10.0,0.0,8.0,30248,,15911,County Championship Division Two 2023,1,34,Gloucestershire,40,Durham,2023-07-10T11:10:22Z,6,False,,,,120,Ben Raine,40,Ben Charlesworth,34,Chris Dent,109,178,Fine Leg,4,0,4,4,,LengthBall,Null,NotOut,HitHard,0,Flick,Null,Over,Fast,Right,Null,NotReferred,Null,False,False,False,False,False,False,25,False,False,False,False,False,False,4,0,0,0,0,False,True
773442,4,2.75,1.0,0.0,0.0,11.0,0.0,1.0,30248,,15911,County Championship Division Two 2023,1,34,Gloucestershire,40,Durham,2023-07-10T11:11:11Z,1,False,,,,2673,Matthew Potts,34,Chris Dent,40,Ben Charlesworth,90,48,Wicketkeeper,0,0,0,0,,LengthBall,Null,NotOut,MissedLegSide,0,Flick,Null,Over,Medium,Right,Null,NotReferred,Null,False,False,False,False,False,False,10,False,False,False,False,False,False,0,0,0,0,0,False,False
773442,4,2.75,1.0,0.0,0.0,11.0,0.0,1.0,30248,,15911,County Championship Division Two 2023,1,34,Gloucestershire,40,Durham,2023-07-10T11:11:49Z,2,False,,,,2673,Matthew Potts,34,Chris Dent,40,Ben Charlesworth,330,29,Silly Point,0,0,0,0,,LengthBall,Null,NotOut,Played,0,ForwardDefensive,Null,Round,Medium,Right,Null,NotReferred,Null,False,False,False,False,False,False,10,False,False,False,False,False,False,0,0,0,0,0,False,False
773442,4,2.75,1.0,0.0,0.0,11.0,0.0,1.0,30248,,15911,County Championship Division Two 2023,1,34,Gloucestershire,40,Durham,2023-07-10T11:12:19Z,3,False,,,,2673,Matthew Potts,34,Chris Dent,40,Ben Charlesworth,90,48,Wicketkeeper,0,0,0,0,,LengthBall,Null,NotOut,NoShot,0,Leave,Null,Round,Medium,Right,Null,NotReferred,Null,False,False,False,False,False,False,10,False,False,False,False,False,False,0,0,0,0,0,False,False
773442,4,2.75,1.0,0.0,0.0,11.0,0.0,1.0,30248,,15911,County Championship Division Two 2023,1,34,Gloucestershire,40,Durham,2023-07-10T11:12:56Z,4,False,,,,2673,Matthew Potts,34,Chris Dent,40,Ben Charlesworth,298,28,Silly Point,0,0,0,0,,LengthBall,Null,NotOut,Played,0,ForwardDefensive,Null,Round,Medium,Right,Null,NotReferred,Null,False,False,False,False,False,False,10,False,False,False,False,False,False,0,0,0,0,0,False,False
773442,4,2.75,1.0,0.0,0.0,11.0,0.0,1.0,30248,,15911,County Championship Division Two 2023,1,34,Gloucestershire,40,Durham,2023-07-10T11:13:28Z,5,False,,,,2673,Matthew Potts,34,Chris Dent,40,Ben Charlesworth,4,76,Point,0,0,0,0,,BackOfALength,Null,NotOut,Played,0,Cut,Null,Round,Medium,Right,Null,NotReferred,Null,False,False,False,False,False,False,10,False,False,False,False,False,False,0,0,0,0,0,False,False
773442,4,2.75,1.0,0.0,0.0,11.0,0.0,1.0,30248,,15911,County Championship Division Two 2023,1,34,Gloucestershire,40,Durham,2023-07-10T11:14:09Z,6,False,,,,2673,Matthew Potts,34,Chris Dent,40,Ben Charlesworth,170,67,Square Leg,1,0,1,1,,Short,Null,NotOut,Played,0,Worked,Null,Round,Medium,Right,Null,NotReferred,Null,False,False,False,False,False,False,10,False,False,False,False,False,False,1,0,0,0,0,False,False
773450,5,3.4,6.0,0.0,0.0,17.0,0.0,6.0,30248,,15911,County Championship Division Two 2023,1,34,Gloucestershire,40,Durham,2023-07-10T11:15:10Z,1,False,,,,120,Ben Raine,34,Chris Dent,40,Ben Charlesworth,90,48,Wicketkeeper,0,0,0,0,,LengthBall,Null,NotOut,NoShot,0,Leave,Null,Over,Fast,Right,Null,NotReferred,Null,False,False,False,False,False,False,25,False,False,False,False,False,False,0,0,0,0,0,False,False
773450,5,3.4,6.0,0.0,0.0,17.0,0.0,6.0,30248,,15911,County Championship Division Two 2023,1,34,Gloucestershire,40,Durham,2023-07-10T11:15:44Z,2,False,,,,120,Ben Raine,34,Chris Dent,40,Ben Charlesworth,28,170,Third Man,4,0,4,4,,LengthBall,Null,NotOut,Edged,0,ForwardDefensive,Null,Over,Fast,Right,Null,NotReferred,Null,False,False,False,False,False,False,25,False,False,False,False,False,False,4,0,0,0,0,False,True
773450,5,3.4,6.0,0.0,0.0,17.0,0.0,6.0,30248,,15911,County Championship Division Two 2023,1,34,Gloucestershire,40,Durham,2023-07-10T11:16:36Z,3,False,,,,120,Ben Raine,34,Chris Dent,40,Ben Charlesworth,90,48,Wicketkeeper,0,0,0,0,,LengthBall,Null,NotOut,NoShot,0,Leave,Null,Over,Fast,Right,Null,NotReferred,Null,False,False,False,False,False,False,25,False,False,False,False,False,False,0,0,0,0,0,False,False
773450,5,3.4,6.0,0.0,0.0,17.0,0.0,6.0,30248,,15911,County Championship Division Two 2023,1,34,Gloucestershire,40,Durham,2023-07-10T11:17:11Z,4,False,,,,120,Ben Raine,34,Chris Dent,40,Ben Charlesworth,348,92,Cover,1,0,1,1,,LengthBall,Null,NotOut,Played,0,Pushed,Null,Over,Fast,Right,Null,NotReferred,Null,False,False,False,False,False,False,25,False,False,False,False,False,False,1,0,0,0,0,False,False
773450,5,3.4,6.0,0.0,0.0,17.0,0.0,6.0,30248,,15911,County Championship Division Two 2023,1,34,Gloucestershire,40,Durham,2023-07-10T11:17:56Z,5,False,,,,120,Ben Raine,40,Ben Charlesworth,34,Chris Dent,90,48,Wicketkeeper,0,0,0,0,,LengthBall,Null,NotOut,NoShot,0,Leave,Null,Over,Fast,Right,Null,NotReferred,Null,False,False,False,False,False,False,25,False,False,False,False,False,False,0,0,0,0,0,False,False
773450,5,3.4,6.0,0.0,0.0,17.0,0.0,6.0,30248,,15911,County Championship Division Two 2023,1,34,Gloucestershire,40,Durham,2023-07-10T11:18:31Z,6,False,,,,120,Ben Raine,40,Ben Charlesworth,34,Chris Dent,184,88,Square Leg,1,0,1,1,,LengthBall,Null,NotOut,Played,0,ForwardDefensive,Null,Over,Fast,Right,Null,NotReferred,Null,False,False,False,False,False,False,25,False,False,False,False,False,False,1,0,0,0,0,False,False
773458,6,3.17,2.0,0.0,0.0,19.0,0.0,2.0,30248,,15911,County Championship Division Two 2023,1,34,Gloucestershire,40,Durham,2023-07-10T11:19:29Z,1,False,,,,2673,Matthew Potts,40,Ben Charlesworth,34,Chris Dent,90,48,Wicketkeeper,0,0,0,0,,LengthBall,Null,NotOut,NoShot,0,Leave,Null,Round,Medium,Right,Null,NotReferred,Null,False,False,False,False,False,False,10,False,False,False,False,False,False,0,0,0,0,0,False,False
773458,6,3.17,2.0,0.0,0.0,19.0,0.0,2.0,30248,,15911,County Championship Division Two 2023,1,34,Gloucestershire,40,Durham,2023-07-10T11:20:04Z,2,False,,,,2673,Matthew Potts,40,Ben Charlesworth,34,Chris Dent,90,48,Wicketkeeper,0,0,0,0,,LengthBall,Null,NotOut,Missed,0,ForwardDefensive,Null,Round,Medium,Right,Null,NotReferred,Null,False,False,False,False,False,False,10,False,False,False,False,False,False,0,0,0,0,0,False,False
773458,6,3.17,2.0,0.0,0.0,19.0,0.0,2.0,30248,,15911,County Championship Division Two 2023,1,34,Gloucestershire,40,Durham,2023-07-10T11:20:33Z,3,False,,,,2673,Matthew Potts,40,Ben Charlesworth,34,Chris Dent,90,48,Wicketkeeper,0,0,0,0,,LengthBall,Null,NotOut,Missed,0,ForwardDefensive,Null,Round,Medium,Right,Null,NotReferred,Null,False,False,False,False,False,False,10,False,False,False,False,False,False,0,0,0,0,0,False,False
773458,6,3.17,2.0,0.0,0.0,19.0,0.0,2.0,30248,,15911,County Championship Division Two 2023,1,34,Gloucestershire,40,Durham,2023-07-10T11:21:08Z,4,False,,,,2673,Matthew Potts,40,Ben Charlesworth,34,Chris Dent,90,48,Wicketkeeper,0,0,0,0,,LengthBall,Null,NotOut,NoShot,0,Leave,Null,Round,Medium,Right,Null,NotReferred,Null,False,False,False,False,False,False,10,False,False,False,False,False,False,0,0,0,0,0,False,False
773458,6,3.17,2.0,0.0,0.0,19.0,0.0,2.0,30248,,15911,County Championship Division Two 2023,1,34,Gloucestershire,40,Durham,2023-07-10T11:21:44Z,5,False,,,,2673,Matthew Potts,40,Ben Charlesworth,34,Chris Dent,322,142,Deep Extra Cover,2,0,2,2,,LengthBall,Null,NotOut,Played,0,Drive,Null,Round,Medium,Right,Null,NotReferred,Null,False,False,False,False,False,False,10,False,False,False,False,False,False,2,0,0,0,0,False,False
773458,6,3.17,2.0,0.0,0.0,19.0,0.0,2.0,30248,,15911,County Championship Division Two 2023,1,34,Gloucestershire,40,Durham,2023-07-10T11:22:33Z,6,False,,,,2673,Matthew Potts,40,Ben Charlesworth,34,Chris Dent,90,48,Wicketkeeper,0,0,0,0,,LengthBall,Null,NotOut,Missed,0,ForwardDefensive,Null,Round,Medium,Right,Null,NotReferred,Null,False,False,False,False,False,False,10,False,False,False,False,False,False,0,0,0,0,0,False,False
773465,7,3.29,0.0,0.0,4.0,23.0,0.0,4.0,30248,,15911,County Championship Division Two 2023,1,34,Gloucestershire,40,Durham,2023-07-10T11:23:24Z,1,False,,,,120,Ben Raine,34,Chris Dent,40,Ben Charlesworth,316,35,Short Extra Cover,0,0,0,0,,LengthBall,Null,NotOut,Played,0,ForwardDefensive,Null,Round,Fast,Right,Null,NotReferred,Null,False,False,False,False,False,False,25,False,False,False,False,False,False,0,0,0,0,0,False,False
773465,7,3.29,0.0,0.0,4.0,23.0,0.0,4.0,30248,,15911,County Championship Division Two 2023,1,34,Gloucestershire,40,Durham,2023-07-10T11:23:55Z,2,False,,,,120,Ben Raine,34,Chris Dent,40,Ben Charlesworth,90,48,Wicketkeeper,0,0,0,0,,LengthBall,Null,NotOut,NoShot,0,Leave,Null,Round,Fast,Right,Null,NotReferred,Null,False,False,False,False,False,False,25,False,False,False,False,False,False,0,0,0,0,0,False,False
773465,7,3.29,0.0,0.0,4.0,23.0,0.0,4.0,30248,,15911,County Championship Division Two 2023,1,34,Gloucestershire,40,Durham,2023-07-10T11:24:29Z,3,False,,,,120,Ben Raine,34,Chris Dent,40,Ben Charlesworth,90,48,Wicketkeeper,0,0,0,0,,LengthBall,Null,NotOut,Missed,0,ForwardDefensive,Null,Round,Fast,Right,Null,NotReferred,Null,False,False,False,False,False,False,25,False,False,False,False,False,False,0,0,0,0,0,False,False
773465,7,3.29,0.0,0.0,4.0,23.0,0.0,4.0,30248,,15911,County Championship Division Two 2023,1,34,Gloucestershire,40,Durham,2023-07-10T11:25:05Z,4,False,,,,120,Ben Raine,34,Chris Dent,40,Ben Charlesworth,90,48,Wicketkeeper,0,0,0,0,,LengthBall,Null,NotOut,NoShot,0,Leave,Null,Round,Fast,Right,Null,NotReferred,Null,False,False,False,False,False,False,25,False,False,False,False,False,False,0,0,0,0,0,False,False
773465,7,3.29,0.0,0.0,4.0,23.0,0.0,4.0,30248,,15911,County Championship Division Two 2023,1,34,Gloucestershire,40,Durham,2023-07-10T11:25:40Z,5,False,,,,120,Ben Raine,34,Chris Dent,40,Ben Charlesworth,81,181,Third Man,0,4,4,0,,LengthBall,Null,Lbw,HitPad,0,ForwardDefensive,Null,Round,Fast,Right,NotOut1stUmpire,NotReferred,Null,False,False,False,True,False,True,25,False,False,False,False,False,False,0,0,0,4,0,False,False
773465,7,3.29,0.0,0.0,4.0,23.0,0.0,4.0,30248,,15911,County Championship Division Two 2023,1,34,Gloucestershire,40,Durham,2023-07-10T11:26:31Z,6,False,,,,120,Ben Raine,34,Chris Dent,40,Ben Charlesworth,331,49,Short Extra Cover,0,0,0,0,,LengthBall,Null,NotOut,Played,0,ForwardDefensive,Null,Round,Fast,Right,Null,NotReferred,Null,False,False,False,False,False,False,25,False,False,False,False,False,False,0,0,0,0,0,False,False
773473,8,2.88,0.0,1.0,0.0,23.0,1.0,0.0,30248,,15911,County Championship Division Two 2023,1,34,Gloucestershire,40,Durham,2023-07-10T11:27:24Z,1,True,Caught,40.0,Ben Charlesworth,2673,Matthew Potts,40,Ben Charlesworth,34,Chris Dent,240,95,Mid On,0,0,0,0,Caught,LengthBall,Null,NotOut,MisTimed,0,Drive,Null,Round,Medium,Right,Out1stUmpire,NotReferred,Null,False,False,False,False,False,False,25,False,False,False,False,False,False,0,0,0,0,0,False,False
773473,8,2.88,0.0,1.0,0.0,23.0,1.0,0.0,30248,,15911,County Championship Division Two 2023,1,34,Gloucestershire,40,Durham,2023-07-10T11:29:30Z,2,False,,,,2673,Matthew Potts,7917,Ollie Price,34,Chris Dent,311,47,Short Mid Wicket,0,0,0,0,,LengthBall,Null,NotOut,Played,0,ForwardDefensive,Null,Over,Medium,Right,Null,NotReferred,Null,False,False,False,False,False,False,10,False,False,False,False,False,False,0,0,0,0,0,False,False
773473,8,2.88,0.0,1.0,0.0,23.0,1.0,0.0,30248,,15911,County Championship Division Two 2023,1,34,Gloucestershire,40,Durham,2023-07-10T11:30:06Z,3,False,,,,2673,Matthew Potts,7917,Ollie Price,34,Chris Dent,105,50,First Slip,0,0,0,0,,LengthBall,Null,NotOut,Edged,0,ForwardDefensive,Null,Over,Medium,Right,Null,NotReferred,Null,False,False,False,False,False,False,10,False,False,False,False,False,False,0,0,0,0,0,False,False
773473,8,2.88,0.0,1.0,0.0,23.0,1.0,0.0,30248,,15911,County Championship Division Two 2023,1,34,Gloucestershire,40,Durham,2023-07-10T11:30:44Z,4,False,,,,2673,Matthew Potts,7917,Ollie Price,34,Chris Dent,291,91,Mid On,0,0,0,0,,LengthBall,Null,NotOut,Played,0,Drive,Null,Over,Medium,Right,Null,NotReferred,Null,False,False,False,False,False,False,10,False,False,False,False,False,False,0,0,0,0,0,False,False
773473,8,2.88,0.0,1.0,0.0,23.0,1.0,0.0,30248,,15911,County Championship Division Two 2023,1,34,Gloucestershire,40,Durham,2023-07-10T11:31:36Z,5,False,,,,2673,Matthew Potts,7917,Ollie Price,34,Chris Dent,215,63,Short Extra Cover,0,0,0,0,,LengthBall,Null,NotOut,Played,0,ForwardDefensive,Null,Over,Medium,Right,Null,NotReferred,Null,False,False,False,False,False,False,10,False,False,False,False,False,False,0,0,0,0,0,False,False
773473,8,2.88,0.0,1.0,0.0,23.0,1.0,0.0,30248,,15911,County Championship Division Two 2023,1,34,Gloucestershire,40,Durham,2023-07-10T11:32:07Z,6,False,,,,2673,Matthew Potts,7917,Ollie Price,34,Chris Dent,90,48,Wicketkeeper,0,0,0,0,,Short,Null,NotOut,NoShot,0,Leave,Null,Over,Medium,Right,Null,NotReferred,Null,False,False,False,False,False,False,10,False,False,False,False,False,False,0,0,0,0,0,False,False
773479,9,2.67,1.0,0.0,0.0,24.0,1.0,1.0,30248,,15911,County Championship Division Two 2023,1,34,Gloucestershire,40,Durham,2023-07-10T11:32:52Z,1,False,,,,120,Ben Raine,34,Chris Dent,7917,Ollie Price,90,48,Wicketkeeper,0,0,0,0,,LengthBall,Null,NotOut,Missed,0,ForwardDefensive,Null,Round,Fast,Right,Null,NotReferred,Null,False,False,False,False,False,False,25,False,False,False,False,False,False,0,0,0,0,0,False,False
773479,9,2.67,1.0,0.0,0.0,24.0,1.0,1.0,30248,,15911,County Championship Division Two 2023,1,34,Gloucestershire,40,Durham,2023-07-10T11:33:22Z,2,False,,,,120,Ben Raine,34,Chris Dent,7917,Ollie Price,238,93,Mid On,1,0,1,1,,LengthBall,Null,NotOut,Played,0,Worked,Null,Round,Fast,Right,Null,NotReferred,Null,False,False,False,False,False,False,25,False,False,False,False,False,False,1,0,0,0,0,False,False
773479,9,2.67,1.0,0.0,0.0,24.0,1.0,1.0,30248,,15911,County Championship Division Two 2023,1,34,Gloucestershire,40,Durham,2023-07-10T11:34:16Z,3,False,,,,120,Ben Raine,7917,Ollie Price,34,Chris Dent,343,76,Mid Wicket,0,0,0,0,,LengthBall,Null,NotOut,Played,0,ForwardDefensive,Null,Over,Fast,Right,Null,NotReferred,Null,False,False,False,False,False,False,25,False,False,False,False,False,False,0,0,0,0,0,False,False
773479,9,2.67,1.0,0.0,0.0,24.0,1.0,1.0,30248,,15911,County Championship Division Two 2023,1,34,Gloucestershire,40,Durham,2023-07-10T11:34:50Z,4,False,,,,120,Ben Raine,7917,Ollie Price,34,Chris Dent,330,79,Mid Wicket,0,0,0,0,,LengthBall,Null,NotOut,Played,0,ForwardDefensive,Null,Over,Fast,Right,Null,NotReferred,Null,False,False,False,False,False,False,25,False,False,False,False,False,False,0,0,0,0,0,False,False
773479,9,2.67,1.0,0.0,0.0,24.0,1.0,1.0,30248,,15911,County Championship Division Two 2023,1,34,Gloucestershire,40,Durham,2023-07-10T11:35:24Z,5,False,,,,120,Ben Raine,7917,Ollie Price,34,Chris Dent,90,48,Wicketkeeper,0,0,0,0,,LengthBall,Null,NotOut,Missed,0,ForwardDefensive,Null,Over,Fast,Right,Null,NotReferred,Null,False,False,False,False,False,False,25,False,False,False,False,False,False,0,0,0,0,0,False,False
773479,9,2.67,1.0,0.0,0.0,24.0,1.0,1.0,30248,,15911,County Championship Division Two 2023,1,34,Gloucestershire,40,Durham,2023-07-10T11:36:02Z,6,False,,,,120,Ben Raine,7917,Ollie Price,34,Chris Dent,340,96,Mid Wicket,0,0,0,0,,LengthBall,Null,NotOut,Played,0,ForwardDefensive,Null,Over,Fast,Right,Null,NotReferred,Null,False,False,False,False,False,False,25,False,False,False,False,False,False,0,0,0,0,0,False,False
773487,10,3.3,9.0,0.0,0.0,33.0,1.0,9.0,30248,,15911,County Championship Division Two 2023,1,34,Gloucestershire,40,Durham,2023-07-10T11:36:49Z,1,False,,,,2673,Matthew Potts,34,Chris Dent,7917,Ollie Price,90,48,Wicketkeeper,0,0,0,0,,LengthBall,Null,NotOut,NoShot,0,Leave,Null,Round,Medium,Right,Null,NotReferred,Null,False,False,False,False,False,False,10,False,False,False,False,False,False,0,0,0,0,0,False,False
773487,10,3.3,9.0,0.0,0.0,33.0,1.0,9.0,30248,,15911,County Championship Division Two 2023,1,34,Gloucestershire,40,Durham,2023-07-10T11:37:23Z,2,False,,,,2673,Matthew Potts,34,Chris Dent,7917,Ollie Price,205,191,Deep Mid Wicket,4,0,4,4,,LengthBall,Null,NotOut,HitHard,0,Worked,Null,Round,Medium,Right,Null,NotReferred,Null,False,False,False,False,False,False,10,False,False,False,False,False,False,4,0,0,0,0,False,True
773487,10,3.3,9.0,0.0,0.0,33.0,1.0,9.0,30248,,15911,County Championship Division Two 2023,1,34,Gloucestershire,40,Durham,2023-07-10T11:37:56Z,3,False,,,,2673,Matthew Potts,34,Chris Dent,7917,Ollie Price,45,50,Third Slip,1,0,1,1,,LengthBall,Null,NotOut,Edged,0,ForwardDefensive,Null,Round,Medium,Right,Null,NotReferred,Null,False,False,False,False,False,False,10,False,False,False,False,False,False,1,0,0,0,0,False,False
773487,10,3.3,9.0,0.0,0.0,33.0,1.0,9.0,30248,,15911,County Championship Division Two 2023,1,34,Gloucestershire,40,Durham,2023-07-10T11:38:37Z,4,False,,,,2673,Matthew Potts,7917,Ollie Price,34,Chris Dent,206,74,Extra Cover,0,0,0,0,,LengthBall,Null,NotOut,Played,0,ForwardDefensive,Null,Over,Medium,Right,Null,NotReferred,Null,False,False,False,False,False,False,10,False,False,False,False,False,False,0,0,0,0,0,False,False
773487,10,3.3,9.0,0.0,0.0,33.0,1.0,9.0,30248,,15911,County Championship Division Two 2023,1,34,Gloucestershire,40,Durham,2023-07-10T11:39:09Z,5,False,,,,2673,Matthew Potts,7917,Ollie Price,34,Chris Dent,249,198,Long Off,4,0,4,4,,LengthBall,Null,NotOut,HitHard,0,Drive,Null,Over,Medium,Right,Null,NotReferred,Null,False,False,False,False,False,False,10,False,False,False,False,False,False,4,0,0,0,0,False,True
773487,10,3.3,9.0,0.0,0.0,33.0,1.0,9.0,30248,,15911,County Championship Division Two 2023,1,34,Gloucestershire,40,Durham,2023-07-10T11:39:50Z,6,False,,,,2673,Matthew Potts,7917,Ollie Price,34,Chris Dent,188,71,Point,0,0,0,0,,Short,Null,NotOut,Played,0,ForwardDefensive,Null,Over,Medium,Right,Null,NotReferred,Null,False,False,False,False,False,False,10,False,False,False,False,False,False,0,0,0,0,0,False,False
773494,11,3.36,4.0,0.0,0.0,37.0,1.0,4.0,30248,,15911,County Championship Division Two 2023,1,34,Gloucestershire,40,Durham,2023-07-10T11:41:32Z,1,False,,,,2675,Migael Pretorius,34,Chris Dent,7917,Ollie Price,314,56,Short Extra Cover,0,0,0,0,,LengthBall,Null,NotOut,Played,0,ForwardDefensive,Null,Round,Medium,Right,Null,NotReferred,Null,False,False,False,False,False,False,25,False,False,False,False,False,False,0,0,0,0,0,False,False
773494,11,3.36,4.0,0.0,0.0,37.0,1.0,4.0,30248,,15911,County Championship Division Two 2023,1,34,Gloucestershire,40,Durham,2023-07-10T11:41:40Z,2,False,,,,2675,Migael Pretorius,34,Chris Dent,7917,Ollie Price,90,48,Wicketkeeper,0,0,0,0,,LengthBall,Null,NotOut,Played,0,ForwardDefensive,Null,Round,Medium,Right,Null,NotReferred,Null,False,False,False,False,False,False,25,False,False,False,False,False,False,0,0,0,0,0,False,False
773494,11,3.36,4.0,0.0,0.0,37.0,1.0,4.0,30248,,15911,County Championship Division Two 2023,1,34,Gloucestershire,40,Durham,2023-07-10T11:42:05Z,3,False,,,,2675,Migael Pretorius,34,Chris Dent,7917,Ollie Price,90,48,Wicketkeeper,0,0,0,0,,LengthBall,Null,NotOut,NoShot,0,Leave,Null,Round,Medium,Right,Null,NotReferred,Null,False,False,False,False,False,False,25,False,False,False,False,False,False,0,0,0,0,0,False,False
773494,11,3.36,4.0,0.0,0.0,37.0,1.0,4.0,30248,,15911,County Championship Division Two 2023,1,34,Gloucestershire,40,Durham,2023-07-10T11:42:36Z,4,False,,,,2675,Migael Pretorius,34,Chris Dent,7917,Ollie Price,322,52,Short Extra Cover,0,0,0,0,,LengthBall,Null,NotOut,Played,0,ForwardDefensive,Null,Round,Medium,Right,Null,NotReferred,Null,False,False,False,False,False,False,25,False,False,False,False,False,False,0,0,0,0,0,False,False
773494,11,3.36,4.0,0.0,0.0,37.0,1.0,4.0,30248,,15911,County Championship Division Two 2023,1,34,Gloucestershire,40,Durham,2023-07-10T11:43:08Z,5,False,,,,2675,Migael Pretorius,34,Chris Dent,7917,Ollie Price,1,191,Deep Point,4,0,4,4,,BackOfALength,Null,NotOut,HitHard,0,Cut,Null,Round,Medium,Right,Null,NotReferred,Null,False,False,False,False,False,False,25,False,False,False,False,False,False,4,0,0,0,0,False,True
773494,11,3.36,4.0,0.0,0.0,37.0,1.0,4.0,30248,,15911,County Championship Division Two 2023,1,34,Gloucestershire,40,Durham,2023-07-10T11:43:47Z,6,False,,,,2675,Migael Pretorius,34,Chris Dent,7917,Ollie Price,237,104,Mid On,0,0,0,0,,LengthBall,Null,NotOut,Played,0,ForwardDefensive,Null,Round,Medium,Right,Null,NotReferred,Null,False,False,False,False,False,False,25,False,False,False,False,False,False,0,0,0,0,0,False,False
773501,12,3.25,2.0,0.0,0.0,39.0,1.0,2.0,30248,,15911,County Championship Division Two 2023,1,34,Gloucestershire,40,Durham,2023-07-10T11:44:34Z,1,False,,,,2673,Matthew Potts,7917,Ollie Price,34,Chris Dent,190,72,Cover,0,0,0,0,,LengthBall,Null,NotOut,Played,0,ForwardDefensive,Null,Over,Medium,Right,Null,NotReferred,Null,False,False,False,False,False,False,10,False,False,False,False,False,False,0,0,0,0,0,False,False
773501,12,3.25,2.0,0.0,0.0,39.0,1.0,2.0,30248,,15911,County Championship Division Two 2023,1,34,Gloucestershire,40,Durham,2023-07-10T11:45:08Z,2,False,,,,2673,Matthew Potts,7917,Ollie Price,34,Chris Dent,90,48,Wicketkeeper,0,0,0,0,,LengthBall,Null,NotOut,NoShot,0,Leave,Null,Over,Medium,Right,Null,NotReferred,Null,False,False,False,False,False,False,10,False,False,False,False,False,False,0,0,0,0,0,False,False
773501,12,3.25,2.0,0.0,0.0,39.0,1.0,2.0,30248,,15911,County Championship Division Two 2023,1,34,Gloucestershire,40,Durham,2023-07-10T11:45:39Z,3,False,,,,2673,Matthew Potts,7917,Ollie Price,34,Chris Dent,90,48,Wicketkeeper,0,0,0,0,,LengthBall,Null,NotOut,NoShot,0,Leave,Null,Over,Medium,Right,Null,NotReferred,Null,False,False,False,False,False,False,10,False,False,False,False,False,False,0,0,0,0,0,False,False
773501,12,3.25,2.0,0.0,0.0,39.0,1.0,2.0,30248,,15911,County Championship Division Two 2023,1,34,Gloucestershire,40,Durham,2023-07-10T11:46:10Z,4,False,,,,2673,Matthew Potts,7917,Ollie Price,34,Chris Dent,21,125,Backward Square Leg,1,0,1,1,,LengthBall,Null,NotOut,Played,0,Worked,Null,Over,Medium,Right,Null,NotReferred,Null,False,False,False,False,False,False,10,False,False,False,False,False,False,1,0,0,0,0,False,False
773501,12,3.25,2.0,0.0,0.0,39.0,1.0,2.0,30248,,15911,County Championship Division Two 2023,1,34,Gloucestershire,40,Durham,2023-07-10T11:46:51Z,5,False,,,,2673,Matthew Potts,34,Chris Dent,7917,Ollie Price,90,48,Wicketkeeper,0,0,0,0,,Short,Null,NotOut,NoShot,0,Leave,Null,Round,Medium,Right,Null,NotReferred,Null,False,False,False,False,False,False,10,False,False,False,False,False,False,0,0,0,0,0,False,False
773501,12,3.25,2.0,0.0,0.0,39.0,1.0,2.0,30248,,15911,County Championship Division Two 2023,1,34,Gloucestershire,40,Durham,2023-07-10T11:47:26Z,6,False,,,,2673,Matthew Potts,34,Chris Dent,7917,Ollie Price,166,143,Deep Backward Square Leg,1,0,1,1,,Short,Null,NotOut,Played,0,Pull,Null,Round,Medium,Right,Null,NotReferred,Null,False,False,False,False,False,False,10,False,False,False,False,False,False,1,0,0,0,0,False,False
773505,13,3.15,2.0,0.0,0.0,41.0,1.0,2.0,30248,,15911,County Championship Division Two 2023,1,34,Gloucestershire,40,Durham,2023-07-10T11:48:26Z,1,False,,,,2675,Migael Pretorius,34,Chris Dent,7917,Ollie Price,350,73,Cover,0,0,0,0,,LengthBall,Null,NotOut,Played,0,ForwardDefensive,Null,Round,Medium,Right,Null,NotReferred,Null,False,False,False,False,False,False,25,False,False,False,False,False,False,0,0,0,0,0,False,False
773505,13,3.15,2.0,0.0,0.0,41.0,1.0,2.0,30248,,15911,County Championship Division Two 2023,1,34,Gloucestershire,40,Durham,2023-07-10T11:48:58Z,2,False,,,,2675,Migael Pretorius,34,Chris Dent,7917,Ollie Price,318,47,Short Extra Cover,0,0,0,0,,LengthBall,Null,NotOut,Played,0,ForwardDefensive,Null,Round,Medium,Right,Null,NotReferred,Null,False,False,False,False,False,False,25,False,False,False,False,False,False,0,0,0,0,0,False,False
773505,13,3.15,2.0,0.0,0.0,41.0,1.0,2.0,30248,,15911,County Championship Division Two 2023,1,34,Gloucestershire,40,Durham,2023-07-10T11:49:28Z,3,False,,,,2675,Migael Pretorius,34,Chris Dent,7917,Ollie Price,308,41,Silly Mid Off,0,0,0,0,,LengthBall,Null,NotOut,Played,0,ForwardDefensive,Null,Round,Medium,Right,Null,NotReferred,Null,False,False,False,False,False,False,25,False,False,False,False,False,False,0,0,0,0,0,False,False
773505,13,3.15,2.0,0.0,0.0,41.0,1.0,2.0,30248,,15911,County Championship Division Two 2023,1,34,Gloucestershire,40,Durham,2023-07-10T11:50:02Z,4,False,,,,2675,Migael Pretorius,34,Chris Dent,7917,Ollie Price,340,131,Deep Cover,2,0,2,2,,LengthBall,Null,NotOut,Played,0,Pushed,Null,Round,Medium,Right,Null,NotReferred,Null,False,False,False,False,False,False,25,False,False,False,False,False,False,2,0,0,0,0,False,False
773505,13,3.15,2.0,0.0,0.0,41.0,1.0,2.0,30248,,15911,County Championship Division Two 2023,1,34,Gloucestershire,40,Durham,2023-07-10T11:50:38Z,5,False,,,,2675,Migael Pretorius,34,Chris Dent,7917,Ollie Price,323,24,Silly Point,0,0,0,0,,LengthBall,Null,NotOut,Played,0,ForwardDefensive,Null,Round,Medium,Right,Null,NotReferred,Null,False,False,False,False,False,False,25,False,False,False,False,False,False,0,0,0,0,0,False,False
773505,13,3.15,2.0,0.0,0.0,41.0,1.0,2.0,30248,,15911,County Championship Division Two 2023,1,34,Gloucestershire,40,Durham,2023-07-10T11:51:14Z,6,False,,,,2675,Migael Pretorius,34,Chris Dent,7917,Ollie Price,292,75,Mid Off,0,0,0,0,,LengthBall,Null,NotOut,Played,0,ForwardDefensive,Null,Round,Medium,Right,Null,NotReferred,Null,False,False,False,False,False,False,25,False,False,False,False,False,False,0,0,0,0,0,False,False
773511,14,3.21,4.0,0.0,2.0,45.0,1.0,4.0,30248,,15911,County Championship Division Two 2023,1,34,Gloucestershire,40,Durham,2023-07-10T11:52:13Z,1,False,,,,2672,Brydon Carse,7917,Ollie Price,34,Chris Dent,204,70,Cover,0,0,0,0,,LengthBall,Null,NotOut,Played,0,ForwardDefensive,Null,Over,Medium,Right,Null,NotReferred,Null,False,False,False,False,False,False,10,False,False,False,False,False,False,0,0,0,0,0,False,False
773511,14,3.21,4.0,0.0,2.0,45.0,1.0,4.0,30248,,15911,County Championship Division Two 2023,1,34,Gloucestershire,40,Durham,2023-07-10T11:52:47Z,2,False,,,,2672,Brydon Carse,7917,Ollie Price,34,Chris Dent,90,48,Wicketkeeper,0,0,0,0,,LengthBall,Null,NotOut,NoShot,0,Leave,Null,Over,Medium,Right,Null,NotReferred,Null,False,False,False,False,False,False,10,False,False,False,False,False,False,0,0,0,0,0,False,False
773511,14,3.21,4.0,0.0,2.0,45.0,1.0,4.0,30248,,15911,County Championship Division Two 2023,1,34,Gloucestershire,40,Durham,2023-07-10T11:53:25Z,3,False,,,,2672,Brydon Carse,7917,Ollie Price,34,Chris Dent,2,117,Square Leg,2,0,2,2,,LengthBall,Null,NotOut,Played,0,Worked,Null,Over,Fast,Right,Null,NotReferred,Null,False,False,False,False,False,False,10,False,False,False,False,False,False,2,0,0,0,0,False,False
773511,14,3.21,4.0,0.0,2.0,45.0,1.0,4.0,30248,,15911,County Championship Division Two 2023,1,34,Gloucestershire,40,Durham,2023-07-10T11:53:58Z,4,False,,,,2672,Brydon Carse,7917,Ollie Price,34,Chris Dent,241,42,Silly Mid Off,2,2,2,0,,LengthBall,Null,NotOut,Played,0,ForwardDefensive,Null,Over,Fast,Right,Null,NotReferred,FrontFoot,False,True,False,False,False,False,10,False,False,False,False,False,False,0,0,0,0,2,False,False
773511,14,3.21,4.0,0.0,2.0,45.0,1.0,4.0,30248,,15911,County Championship Division Two 2023,1,34,Gloucestershire,40,Durham,2023-07-10T11:54:29Z,4,False,,,,2672,Brydon Carse,7917,Ollie Price,34,Chris Dent,182,62,Point,0,0,0,0,,LengthBall,Null,NotOut,Played,0,ForwardDefensive,Null,Over,Fast,Right,Null,NotReferred,Null,False,False,False,False,False,False,10,False,False,False,False,False,False,0,0,0,0,0,False,False
773511,14,3.21,4.0,0.0,2.0,45.0,1.0,4.0,30248,,15911,County Championship Division Two 2023,1,34,Gloucestershire,40,Durham,2023-07-10T11:55:02Z,5,False,,,,2672,Brydon Carse,7917,Ollie Price,34,Chris Dent,216,61,Short Extra Cover,0,0,0,0,,LengthBall,Null,NotOut,Played,0,ForwardDefensive,Null,Over,Fast,Right,Null,NotReferred,Null,False,False,False,False,False,False,10,False,False,False,False,False,False,0,0,0,0,0,False,False
773511,14,3.21,4.0,0.0,2.0,45.0,1.0,4.0,30248,,15911,County Championship Division Two 2023,1,34,Gloucestershire,40,Durham,2023-07-10T11:55:35Z,6,False,,,,2672,Brydon Carse,7917,Ollie Price,34,Chris Dent,233,47,Silly Mid Off,0,0,0,0,,LengthBall,Null,NotOut,Played,0,ForwardDefensive,Null,Over,Fast,Right,Null,NotReferred,Null,False,False,False,False,False,False,10,False,False,False,False,False,False,0,0,0,0,0,False,False
773518,15,3.2,3.0,0.0,0.0,48.0,1.0,3.0,30248,,15911,County Championship Division Two 2023,1,34,Gloucestershire,40,Durham,2023-07-10T11:56:30Z,1,False,,,,2675,Migael Pretorius,34,Chris Dent,7917,Ollie Price,336,25,Silly Point,0,0,0,0,,LengthBall,Null,NotOut,HitPad,0,ForwardDefensive,Null,Round,Medium,Right,Null,NotReferred,Null,False,False,False,False,False,False,25,False,False,False,False,False,False,0,0,0,0,0,False,False
773518,15,3.2,3.0,0.0,0.0,48.0,1.0,3.0,30248,,15911,County Championship Division Two 2023,1,34,Gloucestershire,40,Durham,2023-07-10T11:57:14Z,2,False,,,,2675,Migael Pretorius,34,Chris Dent,7917,Ollie Price,233,163,Long On,3,0,3,3,,LengthBall,Null,NotOut,Played,0,Drive,Null,Round,Medium,Right,Null,NotReferred,Null,False,False,False,False,False,False,25,False,False,False,False,False,False,3,0,0,0,0,False,False
773518,15,3.2,3.0,0.0,0.0,48.0,1.0,3.0,30248,,15911,County Championship Division Two 2023,1,34,Gloucestershire,40,Durham,2023-07-10T11:58:02Z,3,False,,,,2675,Migael Pretorius,7917,Ollie Price,34,Chris Dent,195,80,Cover,0,0,0,0,,LengthBall,Null,NotOut,Played,0,Pushed,Null,Over,Medium,Right,Null,NotReferred,Null,False,False,False,False,False,False,25,False,False,False,False,False,False,0,0,0,0,0,False,False
773518,15,3.2,3.0,0.0,0.0,48.0,1.0,3.0,30248,,15911,County Championship Division Two 2023,1,34,Gloucestershire,40,Durham,2023-07-10T11:58:34Z,4,False,,,,2675,Migael Pretorius,7917,Ollie Price,34,Chris Dent,90,48,Wicketkeeper,0,0,0,0,,LengthBall,Null,NotOut,NoShot,0,Leave,Null,Over,Medium,Right,Null,NotReferred,Null,False,False,False,False,False,False,25,False,False,False,False,False,False,0,0,0,0,0,False,False
773518,15,3.2,3.0,0.0,0.0,48.0,1.0,3.0,30248,,15911,County Championship Division Two 2023,1,34,Gloucestershire,40,Durham,2023-07-10T11:59:04Z,5,False,,,,2675,Migael Pretorius,7917,Ollie Price,34,Chris Dent,246,91,Mid Off,0,0,0,0,,LengthBall,Null,NotOut,Played,0,ForwardDefensive,Null,Over,Medium,Right,Null,NotReferred,Null,False,False,False,False,False,False,25,False,False,False,False,False,False,0,0,0,0,0,False,False
773518,15,3.2,3.0,0.0,0.0,48.0,1.0,3.0,30248,,15911,County Championship Division Two 2023,1,34,Gloucestershire,40,Durham,2023-07-10T11:59:37Z,6,False,,,,2675,Migael Pretorius,7917,Ollie Price,34,Chris Dent,270,40,Bowler,0,0,0,0,,LengthBall,Null,NotOut,Played,0,ForwardDefensive,Null,Over,Medium,Right,Null,NotReferred,Null,False,False,False,False,False,False,25,False,False,False,False,False,False,0,0,0,0,0,False,False
773524,16,3.06,1.0,0.0,0.0,49.0,1.0,1.0,30248,,15911,County Championship Division Two 2023,1,34,Gloucestershire,40,Durham,2023-07-10T12:00:36Z,1,False,,,,2672,Brydon Carse,34,Chris Dent,7917,Ollie Price,347,52,Point,0,0,0,0,,LengthBall,Null,NotOut,Played,0,ForwardDefensive,Null,Over,Fast,Right,Null,NotReferred,Null,False,False,False,False,False,False,10,False,False,False,False,False,False,0,0,0,0,0,False,False
773524,16,3.06,1.0,0.0,0.0,49.0,1.0,1.0,30248,,15911,County Championship Division Two 2023,1,34,Gloucestershire,40,Durham,2023-07-10T12:01:09Z,2,False,,,,2672,Brydon Carse,34,Chris Dent,7917,Ollie Price,317,40,Short Extra Cover,0,0,0,0,,LengthBall,Null,NotOut,Played,0,ForwardDefensive,Null,Over,Fast,Right,Null,NotReferred,Null,False,False,False,False,False,False,10,False,False,False,False,False,False,0,0,0,0,0,False,False
773524,16,3.06,1.0,0.0,0.0,49.0,1.0,1.0,30248,,15911,County Championship Division Two 2023,1,34,Gloucestershire,40,Durham,2023-07-10T12:01:41Z,3,False,,,,2672,Brydon Carse,34,Chris Dent,7917,Ollie Price,320,52,Short Extra Cover,0,0,0,0,,LengthBall,Null,NotOut,Played,0,ForwardDefensive,Null,Over,Fast,Right,Null,NotReferred,Null,False,False,False,False,False,False,10,False,False,False,False,False,False,0,0,0,0,0,False,False
773524,16,3.06,1.0,0.0,0.0,49.0,1.0,1.0,30248,,15911,County Championship Division Two 2023,1,34,Gloucestershire,40,Durham,2023-07-10T12:02:15Z,4,False,,,,2672,Brydon Carse,34,Chris Dent,7917,Ollie Price,331,37,Short Extra Cover,0,0,0,0,,LengthBall,Null,NotOut,Played,0,ForwardDefensive,Null,Over,Fast,Right,Null,NotReferred,Null,False,False,False,False,False,False,10,False,False,False,False,False,False,0,0,0,0,0,False,False
773524,16,3.06,1.0,0.0,0.0,49.0,1.0,1.0,30248,,15911,County Championship Division Two 2023,1,34,Gloucestershire,40,Durham,2023-07-10T12:02:47Z,5,False,,,,2672,Brydon Carse,34,Chris Dent,7917,Ollie Price,227,39,Short Mid Wicket,0,0,0,0,,LengthBall,Null,NotOut,Played,0,ForwardDefensive,Null,Over,Fast,Right,Null,NotReferred,Null,False,False,False,False,False,False,10,False,False,False,False,False,False,0,0,0,0,0,False,False
773524,16,3.06,1.0,0.0,0.0,49.0,1.0,1.0,30248,,15911,County Championship Division Two 2023,1,34,Gloucestershire,40,Durham,2023-07-10T12:03:20Z,6,False,,,,2672,Brydon Carse,34,Chris Dent,7917,Ollie Price,195,55,Short Mid Wicket,1,0,1,1,,LengthBall,Null,NotOut,MisTimed,0,ForwardDefensive,Null,Over,Fast,Right,Null,NotReferred,Null,False,False,False,False,False,False,10,False,False,False,False,False,False,1,0,0,0,0,False,False
773530,17,3.0,1.0,0.0,1.0,51.0,1.0,2.0,30248,,15911,County Championship Division Two 2023,1,34,Gloucestershire,40,Durham,2023-07-10T12:04:12Z,1,False,,,,2675,Migael Pretorius,34,Chris Dent,7917,Ollie Price,190,57,Short Mid Wicket,0,1,1,0,,LengthBall,Null,NotOut,HitPad,0,Worked,Null,Round,Medium,Right,Null,NotReferred,Null,False,False,False,True,False,False,25,False,False,False,False,False,False,0,0,0,1,0,False,False
773530,17,3.0,1.0,0.0,1.0,51.0,1.0,2.0,30248,,15911,County Championship Division Two 2023,1,34,Gloucestershire,40,Durham,2023-07-10T12:04:53Z,2,False,,,,2675,Migael Pretorius,7917,Ollie Price,34,Chris Dent,188,71,Point,0,0,0,0,,LengthBall,Null,NotOut,Played,0,ForwardDefensive,Null,Over,Medium,Right,Null,NotReferred,Null,False,False,False,False,False,False,25,False,False,False,False,False,False,0,0,0,0,0,False,False
773530,17,3.0,1.0,0.0,1.0,51.0,1.0,2.0,30248,,15911,County Championship Division Two 2023,1,34,Gloucestershire,40,Durham,2023-07-10T12:05:26Z,3,False,,,,2675,Migael Pretorius,7917,Ollie Price,34,Chris Dent,215,42,Short Extra Cover,0,0,0,0,,LengthBall,Null,NotOut,Played,0,ForwardDefensive,Null,Over,Medium,Right,Null,NotReferred,Null,False,False,False,False,False,False,25,False,False,False,False,False,False,0,0,0,0,0,False,False
773530,17,3.0,1.0,0.0,1.0,51.0,1.0,2.0,30248,,15911,County Championship Division Two 2023,1,34,Gloucestershire,40,Durham,2023-07-10T12:06:01Z,4,False,,,,2675,Migael Pretorius,7917,Ollie Price,34,Chris Dent,206,86,Extra Cover,0,0,0,0,,LengthBall,Null,NotOut,Played,0,Drive,Null,Over,Medium,Right,Null,NotReferred,Null,False,False,False,False,False,False,25,False,False,False,False,False,False,0,0,0,0,0,False,False
773530,17,3.0,1.0,0.0,1.0,51.0,1.0,2.0,30248,,15911,County Championship Division Two 2023,1,34,Gloucestershire,40,Durham,2023-07-10T12:06:48Z,5,False,,,,2675,Migael Pretorius,7917,Ollie Price,34,Chris Dent,182,88,Point,0,0,0,0,,BackOfALength,Null,NotOut,Played,0,Cut,Null,Over,Medium,Right,Null,NotReferred,Null,False,False,False,False,False,False,25,False,False,False,False,False,False,0,0,0,0,0,False,False
773530,17,3.0,1.0,0.0,1.0,51.0,1.0,2.0,30248,,15911,County Championship Division Two 2023,1,34,Gloucestershire,40,Durham,2023-07-10T12:07:21Z,6,False,,,,2675,Migael Pretorius,7917,Ollie Price,34,Chris Dent,21,105,Backward Square Leg,1,0,1,1,,LengthBall,Null,NotOut,Played,0,Worked,Null,Over,Medium,Right,Null,NotReferred,Null,False,False,False,False,False,False,25,False,False,False,False,False,False,1,0,0,0,0,False,False
773536,18,3.06,4.0,0.0,0.0,55.0,1.0,4.0,30248,,15911,County Championship Division Two 2023,1,34,Gloucestershire,40,Durham,2023-07-10T12:08:21Z,1,False,,,,2672,Brydon Carse,7917,Ollie Price,34,Chris Dent,217,15,Silly Point,0,0,0,0,,Yorker,Null,NotOut,Played,0,ForwardDefensive,Null,Over,Fast,Right,Null,NotReferred,Null,False,False,False,False,False,False,10,False,False,False,False,False,False,0,0,0,0,0,False,False
773536,18,3.06,4.0,0.0,0.0,55.0,1.0,4.0,30248,,15911,County Championship Division Two 2023,1,34,Gloucestershire,40,Durham,2023-07-10T12:09:08Z,2,False,,,,2672,Brydon Carse,7917,Ollie Price,34,Chris Dent,33,54,Leg Gully,0,0,0,0,,BackOfALength,Null,NotOut,Played,0,Pull,Null,Over,Fast,Right,Null,NotReferred,Null,False,False,False,False,False,False,10,False,False,False,False,False,False,0,0,0,0,0,False,False
773536,18,3.06,4.0,0.0,0.0,55.0,1.0,4.0,30248,,15911,County Championship Division Two 2023,1,34,Gloucestershire,40,Durham,2023-07-10T12:09:43Z,3,False,,,,2672,Brydon Carse,7917,Ollie Price,34,Chris Dent,270,40,Bowler,0,0,0,0,,LengthBall,Null,NotOut,Played,0,ForwardDefensive,Null,Over,Fast,Right,Null,NotReferred,Null,False,False,False,False,False,False,10,False,False,False,False,False,False,0,0,0,0,0,False,False
773536,18,3.06,4.0,0.0,0.0,55.0,1.0,4.0,30248,,15911,County Championship Division Two 2023,1,34,Gloucestershire,40,Durham,2023-07-10T12:10:14Z,4,False,,,,2672,Brydon Carse,7917,Ollie Price,34,Chris Dent,208,89,Extra Cover,0,0,0,0,,LengthBall,Null,NotOut,Played,0,Drive,Null,Over,Fast,Right,Null,NotReferred,Null,False,False,False,False,False,False,10,False,False,False,False,False,False,0,0,0,0,0,False,False
773536,18,3.06,4.0,0.0,0.0,55.0,1.0,4.0,30248,,15911,County Championship Division Two 2023,1,34,Gloucestershire,40,Durham,2023-07-10T12:10:57Z,5,False,,,,2672,Brydon Carse,7917,Ollie Price,34,Chris Dent,90,48,Wicketkeeper,0,0,0,0,,LengthBall,Null,NotOut,NoShot,0,Leave,Null,Over,Fast,Right,Null,NotReferred,Null,False,False,False,False,False,False,10,False,False,False,False,False,False,0,0,0,0,0,False,False
773536,18,3.06,4.0,0.0,0.0,55.0,1.0,4.0,30248,,15911,County Championship Division Two 2023,1,34,Gloucestershire,40,Durham,2023-07-10T12:11:40Z,6,False,,,,2672,Brydon Carse,7917,Ollie Price,34,Chris Dent,1,183,Deep Square Leg,4,0,4,4,,Short,Null,NotOut,HitHard,0,Pull,Null,Over,Fast,Right,Null,NotReferred,Null,False,False,False,False,False,False,10,False,False,False,False,False,False,4,0,0,0,0,False,True
773542,19,3.05,3.0,0.0,0.0,58.0,1.0,3.0,30248,,15911,County Championship Division Two 2023,1,34,Gloucestershire,40,Durham,2023-07-10T12:12:49Z,1,False,,,,2675,Migael Pretorius,34,Chris Dent,7917,Ollie Price,165,143,Deep Backward Square Leg,1,0,1,1,,LengthBall,Null,NotOut,Played,0,Worked,Null,Round,Medium,Right,Null,NotReferred,Null,False,False,False,False,False,False,25,False,False,False,False,False,False,1,0,0,0,0,False,False
773542,19,3.05,3.0,0.0,0.0,58.0,1.0,3.0,30248,,15911,County Championship Division Two 2023,1,34,Gloucestershire,40,Durham,2023-07-10T12:13:29Z,2,False,,,,2675,Migael Pretorius,7917,Ollie Price,34,Chris Dent,270,40,Bowler,0,0,0,0,,LengthBall,Null,NotOut,Played,0,ForwardDefensive,Null,Over,Medium,Right,Null,NotReferred,Null,False,False,False,False,False,False,25,False,False,False,False,False,False,0,0,0,0,0,False,False
773542,19,3.05,3.0,0.0,0.0,58.0,1.0,3.0,30248,,15911,County Championship Division Two 2023,1,34,Gloucestershire,40,Durham,2023-07-10T12:14:04Z,3,False,,,,2675,Migael Pretorius,7917,Ollie Price,34,Chris Dent,359,157,Deep Square Leg,1,0,1,1,,Short,Null,NotOut,Played,0,Pull,Null,Over,Medium,Right,Null,NotReferred,Null,False,False,False,False,False,False,25,False,False,False,False,False,False,1,0,0,0,0,False,False
773542,19,3.05,3.0,0.0,0.0,58.0,1.0,3.0,30248,,15911,County Championship Division Two 2023,1,34,Gloucestershire,40,Durham,2023-07-10T12:14:42Z,4,False,,,,2675,Migael Pretorius,34,Chris Dent,7917,Ollie Price,1,80,Point,0,0,0,0,,LengthBall,Null,NotOut,Played,0,ForwardDefensive,Null,Over,Medium,Right,Null,NotReferred,Null,False,False,False,False,False,False,25,False,False,False,False,False,False,0,0,0,0,0,False,False
773542,19,3.05,3.0,0.0,0.0,58.0,1.0,3.0,30248,,15911,County Championship Division Two 2023,1,34,Gloucestershire,40,Durham,2023-07-10T12:15:16Z,5,False,,,,2675,Migael Pretorius,34,Chris Dent,7917,Ollie Price,217,47,Short Mid Wicket,0,0,0,0,,LengthBall,Null,NotOut,Played,0,ForwardDefensive,Null,Over,Medium,Right,Null,NotReferred,Null,False,False,False,False,False,False,25,False,False,False,False,False,False,0,0,0,0,0,False,False
773542,19,3.05,3.0,0.0,0.0,58.0,1.0,3.0,30248,,15911,County Championship Division Two 2023,1,34,Gloucestershire,40,Durham,2023-07-10T12:15:48Z,6,False,,,,2675,Migael Pretorius,34,Chris Dent,7917,Ollie Price,149,132,Fine Leg,1,0,1,1,,LengthBall,Null,NotOut,Played,0,Worked,Null,Round,Medium,Right,Null,NotReferred,Null,False,False,False,False,False,False,25,False,False,False,False,False,False,1,0,0,0,0,False,False
773549,20,3.05,3.0,0.0,2.0,61.0,1.0,3.0,30248,,15911,County Championship Division Two 2023,1,34,Gloucestershire,40,Durham,2023-07-10T12:16:36Z,1,False,,,,2672,Brydon Carse,34,Chris Dent,7917,Ollie Price,329,34,Short Extra Cover,0,0,0,0,,LengthBall,Null,NotOut,Played,0,Dropped,Null,Round,Fast,Right,Null,NotReferred,Null,False,False,False,False,False,False,10,False,False,False,False,False,False,0,0,0,0,0,False,False
773549,20,3.05,3.0,0.0,2.0,61.0,1.0,3.0,30248,,15911,County Championship Division Two 2023,1,34,Gloucestershire,40,Durham,2023-07-10T12:17:10Z,2,False,,,,2672,Brydon Carse,34,Chris Dent,7917,Ollie Price,90,48,Wicketkeeper,0,0,0,0,,Short,Null,NotOut,NoShot,0,Leave,Null,Over,Fast,Right,Null,NotReferred,Null,False,False,False,False,False,False,10,False,False,False,False,False,False,0,0,0,0,0,False,False
773549,20,3.05,3.0,0.0,2.0,61.0,1.0,3.0,30248,,15911,County Championship Division Two 2023,1,34,Gloucestershire,40,Durham,2023-07-10T12:17:44Z,3,False,,,,2672,Brydon Carse,34,Chris Dent,7917,Ollie Price,239,39,Silly Mid On,0,0,0,0,,LengthBall,Null,NotOut,Played,0,ForwardDefensive,Null,Over,Fast,Right,Null,NotReferred,Null,False,False,False,False,False,False,10,False,False,False,False,False,False,0,0,0,0,0,False,False
773549,20,3.05,3.0,0.0,2.0,61.0,1.0,3.0,30248,,15911,County Championship Division Two 2023,1,34,Gloucestershire,40,Durham,2023-07-10T12:18:21Z,4,False,,,,2672,Brydon Carse,34,Chris Dent,7917,Ollie Price,90,48,Wicketkeeper,2,2,2,0,,LengthBall,Null,NotOut,NoShot,0,Leave,Null,Over,Fast,Right,Null,NotReferred,FrontFoot,False,True,False,False,False,False,10,False,False,False,False,False,False,0,0,0,0,2,False,False
773549,20,3.05,3.0,0.0,2.0,61.0,1.0,3.0,30248,,15911,County Championship Division Two 2023,1,34,Gloucestershire,40,Durham,2023-07-10T12:19:00Z,4,False,,,,2672,Brydon Carse,34,Chris Dent,7917,Ollie Price,270,40,Bowler,0,0,0,0,,LengthBall,Null,NotOut,Played,0,ForwardDefensive,Null,Over,Fast,Right,Null,NotReferred,Null,False,False,False,False,False,False,10,False,False,False,False,False,False,0,0,0,0,0,False,False
773549,20,3.05,3.0,0.0,2.0,61.0,1.0,3.0,30248,,15911,County Championship Division Two 2023,1,34,Gloucestershire,40,Durham,2023-07-10T12:19:36Z,5,False,,,,2672,Brydon Carse,34,Chris Dent,7917,Ollie Price,270,40,Bowler,0,0,0,0,,LengthBall,Null,NotOut,Played,0,ForwardDefensive,Null,Over,Fast,Right,Null,NotReferred,Null,False,False,False,False,False,False,10,False,False,False,False,False,False,0,0,0,0,0,False,False
773549,20,3.05,3.0,0.0,2.0,61.0,1.0,3.0,30248,,15911,County Championship Division Two 2023,1,34,Gloucestershire,40,Durham,2023-07-10T12:20:11Z,6,False,,,,2672,Brydon Carse,34,Chris Dent,7917,Ollie Price,225,100,Mid On,1,0,1,1,,LengthBall,Null,NotOut,Played,0,Worked,Null,Over,Fast,Right,Null,NotReferred,Null,False,False,False,False,False,False,10,False,False,False,False,False,False,1,0,0,0,0,False,False
773556,21,3.24,7.0,0.0,0.0,68.0,1.0,7.0,30248,,15911,County Championship Division Two 2023,1,34,Gloucestershire,40,Durham,2023-07-10T12:21:19Z,1,False,,,,120,Ben Raine,34,Chris Dent,7917,Ollie Price,184,183,Deep Square Leg,4,0,4,4,,LengthBall,Null,NotOut,HitHard,0,Flick,Null,Over,Fast,Right,Null,NotReferred,Null,False,False,False,False,False,False,25,False,False,False,False,False,False,4,0,0,0,0,False,True
773556,21,3.24,7.0,0.0,0.0,68.0,1.0,7.0,30248,,15911,County Championship Division Two 2023,1,34,Gloucestershire,40,Durham,2023-07-10T12:22:01Z,2,False,,,,120,Ben Raine,34,Chris Dent,7917,Ollie Price,318,41,Short Extra Cover,0,0,0,0,,LengthBall,Null,NotOut,Played,0,ForwardDefensive,Null,Round,Fast,Right,Null,NotReferred,Null,False,False,False,False,False,False,25,False,False,False,False,False,False,0,0,0,0,0,False,False
773556,21,3.24,7.0,0.0,0.0,68.0,1.0,7.0,30248,,15911,County Championship Division Two 2023,1,34,Gloucestershire,40,Durham,2023-07-10T12:22:34Z,3,False,,,,120,Ben Raine,34,Chris Dent,7917,Ollie Price,238,30,Short Leg,0,0,0,0,,LengthBall,Null,NotOut,Played,0,ForwardDefensive,Null,Round,Fast,Right,Null,NotReferred,Null,False,False,False,False,False,False,25,False,False,False,False,False,False,0,0,0,0,0,False,False
773556,21,3.24,7.0,0.0,0.0,68.0,1.0,7.0,30248,,15911,County Championship Division Two 2023,1,34,Gloucestershire,40,Durham,2023-07-10T12:23:22Z,4,False,,,,120,Ben Raine,34,Chris Dent,7917,Ollie Price,228,60,Short Mid Wicket,0,0,0,0,,LengthBall,Null,NotOut,Played,0,ForwardDefensive,Null,Round,Fast,Right,Null,NotReferred,Null,False,False,False,False,False,False,25,False,False,False,False,False,False,0,0,0,0,0,False,False
773556,21,3.24,7.0,0.0,0.0,68.0,1.0,7.0,30248,,15911,County Championship Division Two 2023,1,34,Gloucestershire,40,Durham,2023-07-10T12:23:56Z,5,False,,,,120,Ben Raine,34,Chris Dent,7917,Ollie Price,176,147,Deep Square Leg,1,0,1,1,,LengthBall,Null,NotOut,Played,0,Worked,Null,Round,Fast,Right,Null,NotReferred,Null,False,False,False,False,False,False,25,False,False,False,False,False,False,1,0,0,0,0,False,False
773556,21,3.24,7.0,0.0,0.0,68.0,1.0,7.0,30248,,15911,County Championship Division Two 2023,1,34,Gloucestershire,40,Durham,2023-07-10T12:24:46Z,6,False,,,,120,Ben Raine,7917,Ollie Price,34,Chris Dent,320,165,Deep Mid Wicket,2,0,2,2,,LengthBall,Null,NotOut,Played,0,Worked,Null,Over,Fast,Right,Null,NotReferred,Null,False,False,False,False,False,False,25,False,False,False,False,False,False,2,0,0,0,0,False,False
773565,22,3.41,7.0,0.0,0.0,75.0,1.0,7.0,30248,,15911,County Championship Division Two 2023,1,34,Gloucestershire,40,Durham,2023-07-10T12:26:12Z,1,False,,,,2673,Matthew Potts,34,Chris Dent,7917,Ollie Price,208,152,Deep Mid Wicket,2,0,2,2,,LengthBall,Null,NotOut,Played,0,Worked,Null,Round,Medium,Right,Null,NotReferred,Null,False,False,False,False,False,False,10,False,False,False,False,False,False,2,0,0,0,0,False,False
773565,22,3.41,7.0,0.0,0.0,75.0,1.0,7.0,30248,,15911,County Championship Division Two 2023,1,34,Gloucestershire,40,Durham,2023-07-10T12:26:40Z,2,False,,,,2673,Matthew Potts,34,Chris Dent,7917,Ollie Price,205,30,Short Leg,0,0,0,0,,LengthBall,Null,NotOut,Played,0,ForwardDefensive,Null,Round,Medium,Right,Null,NotReferred,Null,False,False,False,False,False,False,10,False,False,False,False,False,False,0,0,0,0,0,False,False
773565,22,3.41,7.0,0.0,0.0,75.0,1.0,7.0,30248,,15911,County Championship Division Two 2023,1,34,Gloucestershire,40,Durham,2023-07-10T12:27:13Z,3,False,,,,2673,Matthew Potts,34,Chris Dent,7917,Ollie Price,58,176,Third Man,4,0,4,4,,LengthBall,Null,NotOut,Edged,0,ForwardDefensive,Null,Round,Medium,Right,Null,NotReferred,Null,False,False,False,False,False,False,10,False,False,False,False,False,False,4,0,0,0,0,False,True
773565,22,3.41,7.0,0.0,0.0,75.0,1.0,7.0,30248,,15911,County Championship Division Two 2023,1,34,Gloucestershire,40,Durham,2023-07-10T12:28:07Z,4,False,,,,2673,Matthew Potts,34,Chris Dent,7917,Ollie Price,270,40,Bowler,0,0,0,0,,LengthBall,Null,NotOut,Played,0,ForwardDefensive,Null,Round,Medium,Right,Null,NotReferred,Null,False,False,False,False,False,False,10,False,False,False,False,False,False,0,0,0,0,0,False,False
773565,22,3.41,7.0,0.0,0.0,75.0,1.0,7.0,30248,,15911,County Championship Division Two 2023,1,34,Gloucestershire,40,Durham,2023-07-10T12:28:36Z,5,False,,,,2673,Matthew Potts,34,Chris Dent,7917,Ollie Price,201,163,Deep Mid Wicket,1,0,1,1,,LengthBall,Null,NotOut,Played,0,Worked,Null,Round,Medium,Right,Null,NotReferred,Null,False,False,False,False,False,False,10,False,False,False,False,False,False,1,0,0,0,0,False,False
773565,22,3.41,7.0,0.0,0.0,75.0,1.0,7.0,30248,,15911,County Championship Division Two 2023,1,34,Gloucestershire,40,Durham,2023-07-10T12:29:17Z,6,False,,,,2673,Matthew Potts,7917,Ollie Price,34,Chris Dent,288,85,Mid On,0,0,0,0,,LengthBall,Null,NotOut,Played,0,ForwardDefensive,Null,Over,Medium,Right,Null,NotReferred,Null,False,False,False,False,False,False,10,False,False,False,False,False,False,0,0,0,0,0,False,False
773571,23,3.35,2.0,0.0,0.0,77.0,1.0,2.0,30248,,15911,County Championship Division Two 2023,1,34,Gloucestershire,40,Durham,2023-07-10T12:30:19Z,1,False,,,,120,Ben Raine,34,Chris Dent,7917,Ollie Price,270,40,Bowler,0,0,0,0,,LengthBall,Null,NotOut,Played,0,ForwardDefensive,Null,Round,Fast,Right,Null,NotReferred,Null,False,False,False,False,False,False,25,False,False,False,False,False,False,0,0,0,0,0,False,False
773571,23,3.35,2.0,0.0,0.0,77.0,1.0,2.0,30248,,15911,County Championship Division Two 2023,1,34,Gloucestershire,40,Durham,2023-07-10T12:30:47Z,2,False,,,,120,Ben Raine,34,Chris Dent,7917,Ollie Price,163,123,Backward Square Leg,1,0,1,1,,LengthBall,Null,NotOut,Played,0,Worked,Null,Round,Fast,Right,Null,NotReferred,Null,False,False,False,False,False,False,25,False,False,False,False,False,False,1,0,0,0,0,False,False
773571,23,3.35,2.0,0.0,0.0,77.0,1.0,2.0,30248,,15911,County Championship Division Two 2023,1,34,Gloucestershire,40,Durham,2023-07-10T12:31:32Z,3,False,,,,120,Ben Raine,7917,Ollie Price,34,Chris Dent,42,141,Fine Leg,1,0,1,1,,LengthBall,Null,NotOut,Played,0,Worked,Null,Over,Fast,Right,Null,NotReferred,Null,False,False,False,False,False,False,25,False,False,False,False,False,False,1,0,0,0,0,False,False
773571,23,3.35,2.0,0.0,0.0,77.0,1.0,2.0,30248,,15911,County Championship Division Two 2023,1,34,Gloucestershire,40,Durham,2023-07-10T12:32:10Z,4,False,,,,120,Ben Raine,34,Chris Dent,7917,Ollie Price,320,37,Short Extra Cover,0,0,0,0,,LengthBall,Null,NotOut,Played,0,ForwardDefensive,Null,Round,Fast,Right,Null,NotReferred,Null,False,False,False,False,False,False,25,False,False,False,False,False,False,0,0,0,0,0,False,False
773571,23,3.35,2.0,0.0,0.0,77.0,1.0,2.0,30248,,15911,County Championship Division Two 2023,1,34,Gloucestershire,40,Durham,2023-07-10T12:32:41Z,5,False,,,,120,Ben Raine,34,Chris Dent,7917,Ollie Price,90,48,Wicketkeeper,0,0,0,0,,Short,Null,NotOut,NoShot,0,Leave,Null,Round,Fast,Right,Null,NotReferred,Null,False,False,False,False,False,False,25,False,False,False,False,False,False,0,0,0,0,0,False,False
773571,23,3.35,2.0,0.0,0.0,77.0,1.0,2.0,30248,,15911,County Championship Division Two 2023,1,34,Gloucestershire,40,Durham,2023-07-10T12:33:20Z,6,False,,,,120,Ben Raine,34,Chris Dent,7917,Ollie Price,270,40,Bowler,0,0,0,0,,LengthBall,Null,NotOut,Played,0,ForwardDefensive,Null,Round,Fast,Right,Null,NotReferred,Null,False,False,False,False,False,False,25,False,False,False,False,False,False,0,0,0,0,0,False,False
773578,24,3.38,4.0,0.0,0.0,81.0,1.0,4.0,30248,,15911,County Championship Division Two 2023,1,34,Gloucestershire,40,Durham,2023-07-10T12:34:04Z,1,False,,,,2673,Matthew Potts,7917,Ollie Price,34,Chris Dent,212,43,Short Extra Cover,0,0,0,0,,LengthBall,Null,NotOut,Played,0,ForwardDefensive,Null,Over,Medium,Right,Null,NotReferred,Null,False,False,False,False,False,False,10,False,False,False,False,False,False,0,0,0,0,0,False,False
773578,24,3.38,4.0,0.0,0.0,81.0,1.0,4.0,30248,,15911,County Championship Division Two 2023,1,34,Gloucestershire,40,Durham,2023-07-10T12:34:32Z,2,False,,,,2673,Matthew Potts,7917,Ollie Price,34,Chris Dent,220,67,Short Extra Cover,0,0,0,0,,LengthBall,Null,NotOut,Played,0,ForwardDefensive,Null,Over,Medium,Right,Null,NotReferred,Null,False,False,False,False,False,False,10,False,False,False,False,False,False,0,0,0,0,0,False,False
773578,24,3.38,4.0,0.0,0.0,81.0,1.0,4.0,30248,,15911,County Championship Division Two 2023,1,34,Gloucestershire,40,Durham,2023-07-10T12:35:07Z,3,False,,,,2673,Matthew Potts,7917,Ollie Price,34,Chris Dent,245,94,Mid Off,0,0,0,0,,LengthBall,Null,NotOut,Played,0,Drive,Null,Over,Medium,Right,Null,NotReferred,Null,False,False,False,False,False,False,10,False,False,False,False,False,False,0,0,0,0,0,False,False
773578,24,3.38,4.0,0.0,0.0,81.0,1.0,4.0,30248,,15911,County Championship Division Two 2023,1,34,Gloucestershire,40,Durham,2023-07-10T12:35:36Z,4,False,,,,2673,Matthew Potts,7917,Ollie Price,34,Chris Dent,300,96,Mid On,0,0,0,0,,LengthBall,Null,NotOut,Played,0,Worked,Null,Over,Medium,Right,Null,NotReferred,Null,False,False,False,False,False,False,10,False,False,False,False,False,False,0,0,0,0,0,False,False
773578,24,3.38,4.0,0.0,0.0,81.0,1.0,4.0,30248,,15911,County Championship Division Two 2023,1,34,Gloucestershire,40,Durham,2023-07-10T12:36:06Z,5,False,,,,2673,Matthew Potts,7917,Ollie Price,34,Chris Dent,178,99,Point,0,0,0,0,,LengthBall,Null,NotOut,Played,0,ForwardDefensive,Null,Over,Medium,Right,Null,NotReferred,Null,False,False,False,False,False,False,10,False,False,False,False,False,False,0,0,0,0,0,False,False
773578,24,3.38,4.0,0.0,0.0,81.0,1.0,4.0,30248,,15911,County Championship Division Two 2023,1,34,Gloucestershire,40,Durham,2023-07-10T12:36:42Z,6,False,,,,2673,Matthew Potts,7917,Ollie Price,34,Chris Dent,133,191,Third Man,4,0,4,4,,LengthBall,Null,NotOut,Edged,0,Drive,Null,Over,Medium,Right,Null,NotReferred,Null,False,False,False,False,False,False,10,False,False,False,False,False,False,4,0,0,0,0,False,True
773586,25,3.4,4.0,0.0,0.0,85.0,1.0,4.0,30248,,15911,County Championship Division Two 2023,1,34,Gloucestershire,40,Durham,2023-07-10T12:37:49Z,1,False,,,,120,Ben Raine,34,Chris Dent,7917,Ollie Price,90,48,Wicketkeeper,0,0,0,0,,LengthBall,Null,NotOut,NoShot,0,Leave,Null,Round,Fast,Right,Null,NotReferred,Null,False,False,False,False,False,False,25,False,False,False,False,False,False,0,0,0,0,0,False,False
773586,25,3.4,4.0,0.0,0.0,85.0,1.0,4.0,30248,,15911,County Championship Division Two 2023,1,34,Gloucestershire,40,Durham,2023-07-10T12:38:25Z,2,False,,,,120,Ben Raine,34,Chris Dent,7917,Ollie Price,150,146,Fine Leg,1,0,1,1,,Short,Null,NotOut,MisTimed,0,Pull,Null,Round,Fast,Right,Null,NotReferred,Null,False,False,False,False,False,False,25,False,False,False,False,False,False,1,0,0,0,0,False,False
773586,25,3.4,4.0,0.0,0.0,85.0,1.0,4.0,30248,,15911,County Championship Division Two 2023,1,34,Gloucestershire,40,Durham,2023-07-10T12:39:35Z,3,False,,,,120,Ben Raine,7917,Ollie Price,34,Chris Dent,322,160,Deep Mid Wicket,2,0,2,2,,LengthBall,Null,NotOut,Played,0,Worked,Null,Over,Fast,Right,Null,NotReferred,Null,False,False,False,False,False,False,25,False,False,False,False,False,False,2,0,0,0,0,False,False
773586,25,3.4,4.0,0.0,0.0,85.0,1.0,4.0,30248,,15911,County Championship Division Two 2023,1,34,Gloucestershire,40,Durham,2023-07-10T12:40:15Z,4,False,,,,120,Ben Raine,7917,Ollie Price,34,Chris Dent,345,155,Deep Mid Wicket,1,0,1,1,,Short,Null,NotOut,Played,0,Pull,Null,Over,Fast,Right,Null,NotReferred,Null,False,False,False,False,False,False,25,False,False,False,False,False,False,1,0,0,0,0,False,False
773586,25,3.4,4.0,0.0,0.0,85.0,1.0,4.0,30248,,15911,County Championship Division Two 2023,1,34,Gloucestershire,40,Durham,2023-07-10T12:41:04Z,5,False,,,,120,Ben Raine,34,Chris Dent,7917,Ollie Price,239,44,Silly Mid On,0,0,0,0,,LengthBall,Null,NotOut,Played,0,ForwardDefensive,Null,Round,Fast,Right,Null,NotReferred,Null,False,False,False,False,False,False,25,False,False,False,False,False,False,0,0,0,0,0,False,False
773586,25,3.4,4.0,0.0,0.0,85.0,1.0,4.0,30248,,15911,County Championship Division Two 2023,1,34,Gloucestershire,40,Durham,2023-07-10T12:41:36Z,6,False,,,,120,Ben Raine,34,Chris Dent,7917,Ollie Price,90,48,Wicketkeeper,0,0,0,0,,Short,Null,NotOut,NoShot,0,Leave,Null,Round,Fast,Right,Null,NotReferred,Null,False,False,False,False,False,False,25,False,False,False,False,False,False,0,0,0,0,0,False,False
773595,26,3.27,0.0,0.0,0.0,85.0,1.0,0.0,30248,,15911,County Championship Division Two 2023,1,34,Gloucestershire,40,Durham,2023-07-10T12:42:40Z,1,False,,,,2673,Matthew Potts,7917,Ollie Price,34,Chris Dent,183,78,Point,0,0,0,0,,LengthBall,Null,NotOut,Played,0,ForwardDefensive,Null,Over,Medium,Right,Null,NotReferred,Null,False,False,False,False,False,False,10,False,False,False,False,False,False,0,0,0,0,0,False,False
773595,26,3.27,0.0,0.0,0.0,85.0,1.0,0.0,30248,,15911,County Championship Division Two 2023,1,34,Gloucestershire,40,Durham,2023-07-10T12:43:15Z,2,False,,,,2673,Matthew Potts,7917,Ollie Price,34,Chris Dent,300,98,Mid On,0,0,0,0,,LengthBall,Null,NotOut,MisTimed,0,Drive,Null,Over,Medium,Right,Null,NotReferred,Null,False,False,False,False,False,False,10,False,False,False,False,False,False,0,0,0,0,0,False,False
773595,26,3.27,0.0,0.0,0.0,85.0,1.0,0.0,30248,,15911,County Championship Division Two 2023,1,34,Gloucestershire,40,Durham,2023-07-10T12:43:46Z,3,False,,,,2673,Matthew Potts,7917,Ollie Price,34,Chris Dent,234,22,Silly Point,0,0,0,0,,LengthBall,Null,NotOut,Played,0,ForwardDefensive,Null,Over,Medium,Right,Null,NotReferred,Null,False,False,False,False,False,False,10,False,False,False,False,False,False,0,0,0,0,0,False,False
773595,26,3.27,0.0,0.0,0.0,85.0,1.0,0.0,30248,,15911,County Championship Division Two 2023,1,34,Gloucestershire,40,Durham,2023-07-10T12:44:21Z,4,False,,,,2673,Matthew Potts,7917,Ollie Price,34,Chris Dent,90,48,Wicketkeeper,0,0,0,0,,LengthBall,Null,NotOut,NoShot,0,Leave,Null,Over,Medium,Right,Null,NotReferred,Null,False,False,False,False,False,False,10,False,False,False,False,False,False,0,0,0,0,0,False,False
773595,26,3.27,0.0,0.0,0.0,85.0,1.0,0.0,30248,,15911,County Championship Division Two 2023,1,34,Gloucestershire,40,Durham,2023-07-10T12:44:53Z,5,False,,,,2673,Matthew Potts,7917,Ollie Price,34,Chris Dent,185,70,Point,0,0,0,0,,LengthBall,Null,NotOut,Played,0,ForwardDefensive,Null,Over,Medium,Right,Null,NotReferred,Null,False,False,False,False,False,False,10,False,False,False,False,False,False,0,0,0,0,0,False,False
773595,26,3.27,0.0,0.0,0.0,85.0,1.0,0.0,30248,,15911,County Championship Division Two 2023,1,34,Gloucestershire,40,Durham,2023-07-10T12:45:25Z,6,False,,,,2673,Matthew Potts,7917,Ollie Price,34,Chris Dent,90,48,Wicketkeeper,0,0,0,0,,LengthBall,Null,NotOut,NoShot,0,Leave,Null,Over,Medium,Right,Null,NotReferred,Null,False,False,False,False,False,False,10,False,False,False,False,False,False,0,0,0,0,0,False,False
773601,27,3.26,3.0,0.0,0.0,88.0,1.0,3.0,30248,,15911,County Championship Division Two 2023,1,34,Gloucestershire,40,Durham,2023-07-10T12:46:20Z,1,False,,,,120,Ben Raine,34,Chris Dent,7917,Ollie Price,332,48,Short Extra Cover,0,0,0,0,,LengthBall,Null,NotOut,Played,0,ForwardDefensive,Null,Round,Fast,Right,Null,NotReferred,Null,False,False,False,False,False,False,25,False,False,False,False,False,False,0,0,0,0,0,False,False
773601,27,3.26,3.0,0.0,0.0,88.0,1.0,3.0,30248,,15911,County Championship Division Two 2023,1,34,Gloucestershire,40,Durham,2023-07-10T12:46:53Z,2,False,,,,120,Ben Raine,34,Chris Dent,7917,Ollie Price,90,48,Wicketkeeper,0,0,0,0,,Short,Null,NotOut,NoShot,0,Leave,Null,Round,Fast,Right,Null,NotReferred,Null,False,False,False,False,False,False,25,False,False,False,False,False,False,0,0,0,0,0,False,False
773601,27,3.26,3.0,0.0,0.0,88.0,1.0,3.0,30248,,15911,County Championship Division Two 2023,1,34,Gloucestershire,40,Durham,2023-07-10T12:47:29Z,3,False,,,,120,Ben Raine,34,Chris Dent,7917,Ollie Price,215,49,Short Mid Wicket,0,0,0,0,,LengthBall,Null,NotOut,Played,0,BackwardDefensive,Null,Round,Fast,Right,Null,NotReferred,Null,False,False,False,False,False,False,25,False,False,False,False,False,False,0,0,0,0,0,False,False
773601,27,3.26,3.0,0.0,0.0,88.0,1.0,3.0,30248,,15911,County Championship Division Two 2023,1,34,Gloucestershire,40,Durham,2023-07-10T12:48:04Z,4,False,,,,120,Ben Raine,34,Chris Dent,7917,Ollie Price,209,91,Mid Wicket,2,0,2,2,,LengthBall,Null,NotOut,Played,0,Worked,Null,Round,Fast,Right,Null,NotReferred,Null,False,False,False,False,False,False,25,False,False,False,False,False,False,2,0,0,0,0,False,False
773601,27,3.26,3.0,0.0,0.0,88.0,1.0,3.0,30248,,15911,County Championship Division Two 2023,1,34,Gloucestershire,40,Durham,2023-07-10T12:49:21Z,5,False,,,,120,Ben Raine,34,Chris Dent,7917,Ollie Price,234,52,Silly Mid Off,0,0,0,0,,LengthBall,Null,NotOut,Played,0,ForwardDefensive,Null,Round,Fast,Right,Null,NotReferred,Null,False,False,False,False,False,False,25,False,False,False,False,False,False,0,0,0,0,0,False,False
773601,27,3.26,3.0,0.0,0.0,88.0,1.0,3.0,30248,,15911,County Championship Division Two 2023,1,34,Gloucestershire,40,Durham,2023-07-10T12:49:54Z,6,False,,,,120,Ben Raine,34,Chris Dent,7917,Ollie Price,173,149,Deep Backward Point,1,0,1,1,,Short,Null,NotOut,Played,0,Pull,Null,Round,Fast,Right,Null,NotReferred,Null,False,False,False,False,False,False,25,False,False,False,False,False,False,1,0,0,0,0,False,False
773609,28,3.18,1.0,1.0,0.0,89.0,2.0,1.0,30248,,15911,County Championship Division Two 2023,1,34,Gloucestershire,40,Durham,2023-07-10T12:51:50Z,1,False,,,,2675,Migael Pretorius,34,Chris Dent,7917,Ollie Price,238,44,Silly Mid On,0,0,0,0,,LengthBall,Null,NotOut,Played,0,ForwardDefensive,Null,Round,Medium,Right,Null,NotReferred,Null,False,False,False,False,False,False,10,False,False,False,False,False,False,0,0,0,0,0,False,False
773609,28,3.18,1.0,1.0,0.0,89.0,2.0,1.0,30248,,15911,County Championship Division Two 2023,1,34,Gloucestershire,40,Durham,2023-07-10T12:51:56Z,2,False,,,,2675,Migael Pretorius,34,Chris Dent,7917,Ollie Price,90,48,Wicketkeeper,0,0,0,0,,LengthBall,Null,NotOut,Missed,0,ForwardDefensive,Null,Round,Medium,Right,Null,NotReferred,Null,False,False,False,False,False,False,10,False,False,False,False,False,False,0,0,0,0,0,False,False
773609,28,3.18,1.0,1.0,0.0,89.0,2.0,1.0,30248,,15911,County Championship Division Two 2023,1,34,Gloucestershire,40,Durham,2023-07-10T12:52:23Z,3,False,,,,2675,Migael Pretorius,34,Chris Dent,7917,Ollie Price,207,148,Deep Mid Wicket,1,0,1,1,,LengthBall,Null,NotOut,Played,0,Worked,Null,Round,Medium,Right,Null,NotReferred,Null,False,False,False,False,False,False,10,False,False,False,False,False,False,1,0,0,0,0,False,False
773609,28,3.18,1.0,1.0,0.0,89.0,2.0,1.0,30248,,15911,County Championship Division Two 2023,1,34,Gloucestershire,40,Durham,2023-07-10T12:53:21Z,4,False,,,,2675,Migael Pretorius,7917,Ollie Price,34,Chris Dent,207,47,Short Extra Cover,0,0,0,0,,LengthBall,Null,NotOut,Played,0,ForwardDefensive,Null,Over,Medium,Right,Null,NotReferred,Null,False,False,False,False,False,False,10,False,False,False,False,False,False,0,0,0,0,0,False,False
773609,28,3.18,1.0,1.0,0.0,89.0,2.0,1.0,30248,,15911,County Championship Division Two 2023,1,34,Gloucestershire,40,Durham,2023-07-10T12:53:51Z,5,True,Caught,7917.0,Ollie Price,2675,Migael Pretorius,7917,Ollie Price,34,Chris Dent,120,50,Second Slip,0,0,0,0,Caught,LengthBall,Null,NotOut,Edged,0,Drive,Null,Over,Medium,Right,Out1stUmpire,NotReferred,Null,False,False,False,False,False,False,25,False,False,False,False,False,False,0,0,0,0,0,False,False
773609,28,3.18,1.0,1.0,0.0,89.0,2.0,1.0,30248,,15911,County Championship Division Two 2023,1,34,Gloucestershire,40,Durham,2023-07-10T12:56:09Z,6,False,,,,2675,Migael Pretorius,35,Miles Hammond,34,Chris Dent,90,48,Wicketkeeper,0,0,0,0,,LengthBall,Null,NotOut,NoShot,0,Leave,Null,Round,Medium,Right,Null,NotReferred,Null,False,False,False,False,False,False,10,False,False,False,False,False,False,0,0,0,0,0,False,False
773617,29,3.24,5.0,0.0,0.0,94.0,2.0,5.0,30248,,15911,County Championship Division Two 2023,1,34,Gloucestershire,40,Durham,2023-07-10T12:57:15Z,1,False,,,,120,Ben Raine,34,Chris Dent,35,Miles Hammond,312,41,Short Extra Cover,0,0,0,0,,LengthBall,Null,NotOut,Played,0,ForwardDefensive,Null,Round,Fast,Right,Null,NotReferred,Null,False,False,False,False,False,False,25,False,False,False,False,False,False,0,0,0,0,0,False,False
773617,29,3.24,5.0,0.0,0.0,94.0,2.0,5.0,30248,,15911,County Championship Division Two 2023,1,34,Gloucestershire,40,Durham,2023-07-10T12:57:40Z,2,False,,,,120,Ben Raine,34,Chris Dent,35,Miles Hammond,162,139,Deep Backward Square Leg,5,0,5,5,,Short,Null,NotOut,Played,0,Pull,Null,Round,Fast,Right,Null,NotReferred,Null,False,False,False,False,False,False,25,False,False,False,False,False,False,5,0,0,0,0,False,False
773617,29,3.24,5.0,0.0,0.0,94.0,2.0,5.0,30248,,15911,County Championship Division Two 2023,1,34,Gloucestershire,40,Durham,2023-07-10T12:59:47Z,3,False,,,,120,Ben Raine,35,Miles Hammond,34,Chris Dent,309,22,Silly Point,0,0,0,0,,LengthBall,Null,NotOut,Played,0,ForwardDefensive,Null,Round,Fast,Right,Null,NotReferred,Null,False,False,False,False,False,False,25,False,False,False,False,False,False,0,0,0,0,0,False,False
773617,29,3.24,5.0,0.0,0.0,94.0,2.0,5.0,30248,,15911,County Championship Division Two 2023,1,34,Gloucestershire,40,Durham,2023-07-10T12:59:57Z,4,False,,,,120,Ben Raine,35,Miles Hammond,34,Chris Dent,90,48,Wicketkeeper,0,0,0,0,,LengthBall,Null,NotOut,Missed,0,ForwardDefensive,Null,Round,Fast,Right,Null,NotReferred,Null,False,False,False,False,False,False,25,False,False,False,False,False,False,0,0,0,0,0,False,False
773617,29,3.24,5.0,0.0,0.0,94.0,2.0,5.0,30248,,15911,County Championship Division Two 2023,1,34,Gloucestershire,40,Durham,2023-07-10T13:00:11Z,5,False,,,,120,Ben Raine,35,Miles Hammond,34,Chris Dent,90,48,Wicketkeeper,0,0,0,0,,LengthBall,Null,NotOut,Missed,0,ForwardDefensive,Null,Round,Fast,Right,Null,NotReferred,Null,False,False,False,False,False,False,25,False,False,False,False,False,False,0,0,0,0,0,False,False
773617,29,3.24,5.0,0.0,0.0,94.0,2.0,5.0,30248,,15911,County Championship Division Two 2023,1,34,Gloucestershire,40,Durham,2023-07-10T13:00:18Z,6,False,,,,120,Ben Raine,35,Miles Hammond,34,Chris Dent,270,40,Bowler,0,0,0,0,,LengthBall,Null,NotOut,Played,0,ForwardDefensive,Null,Round,Fast,Right,Null,NotReferred,Null,False,False,False,False,False,False,25,False,False,False,False,False,False,0,0,0,0,0,False,False
773624,30,3.37,7.0,0.0,0.0,101.0,2.0,7.0,30248,,15911,County Championship Division Two 2023,1,34,Gloucestershire,40,Durham,2023-07-10T13:39:37Z,1,False,,,,2673,Matthew Potts,34,Chris Dent,35,Miles Hammond,355,60,Point,0,0,0,0,,LengthBall,Null,NotOut,Played,0,Cut,Null,Round,Medium,Right,Null,NotReferred,Null,False,False,False,False,False,False,10,False,False,False,False,False,False,0,0,0,0,0,False,False
773624,30,3.37,7.0,0.0,0.0,101.0,2.0,7.0,30248,,15911,County Championship Division Two 2023,1,34,Gloucestershire,40,Durham,2023-07-10T13:40:11Z,2,False,,,,2673,Matthew Potts,34,Chris Dent,35,Miles Hammond,270,40,Bowler,0,0,0,0,,LengthBall,Null,NotOut,Played,0,ForwardDefensive,Null,Round,Medium,Right,Null,NotReferred,Null,False,False,False,False,False,False,10,False,False,False,False,False,False,0,0,0,0,0,False,False
773624,30,3.37,7.0,0.0,0.0,101.0,2.0,7.0,30248,,15911,County Championship Division Two 2023,1,34,Gloucestershire,40,Durham,2023-07-10T13:40:41Z,3,False,,,,2673,Matthew Potts,34,Chris Dent,35,Miles Hammond,196,156,Deep Mid Wicket,1,0,1,1,,LengthBall,Null,NotOut,Played,0,Worked,Null,Round,Medium,Right,Null,NotReferred,Null,False,False,False,False,False,False,10,False,False,False,False,False,False,1,0,0,0,0,False,False
773624,30,3.37,7.0,0.0,0.0,101.0,2.0,7.0,30248,,15911,County Championship Division Two 2023,1,34,Gloucestershire,40,Durham,2023-07-10T13:41:28Z,4,False,,,,2673,Matthew Potts,35,Miles Hammond,34,Chris Dent,344,111,Cover,1,0,1,1,,LengthBall,Null,NotOut,Played,0,Pushed,Null,Round,Medium,Right,Null,NotReferred,Null,False,False,False,False,False,False,10,False,False,False,False,False,False,1,0,0,0,0,False,False
773624,30,3.37,7.0,0.0,0.0,101.0,2.0,7.0,30248,,15911,County Championship Division Two 2023,1,34,Gloucestershire,40,Durham,2023-07-10T13:42:09Z,5,False,,,,2673,Matthew Potts,34,Chris Dent,35,Miles Hammond,176,97,Square Leg,1,0,1,1,,LengthBall,Null,NotOut,Played,0,Worked,Null,Round,Medium,Right,Null,NotReferred,Null,False,False,False,False,False,False,10,False,False,False,False,False,False,1,0,0,0,0,False,False
773624,30,3.37,7.0,0.0,0.0,101.0,2.0,7.0,30248,,15911,County Championship Division Two 2023,1,34,Gloucestershire,40,Durham,2023-07-10T13:42:50Z,6,False,,,,2673,Matthew Potts,35,Miles Hammond,34,Chris Dent,50,178,Third Man,4,0,4,4,,LengthBall,Null,NotOut,Edged,0,ForwardDefensive,Null,Over,Medium,Right,Null,NotReferred,Null,False,False,False,False,False,False,10,False,False,False,False,False,False,4,0,0,0,0,False,True
773634,31,3.26,0.0,0.0,0.0,101.0,2.0,0.0,30248,,15911,County Championship Division Two 2023,1,34,Gloucestershire,40,Durham,2023-07-10T13:44:19Z,1,False,,,,2675,Migael Pretorius,34,Chris Dent,35,Miles Hammond,90,48,Wicketkeeper,0,0,0,0,,LengthBall,Null,NotOut,NoShot,0,Leave,Null,Round,Medium,Right,Null,NotReferred,Null,False,False,False,False,False,False,25,False,False,False,False,False,False,0,0,0,0,0,False,False
773634,31,3.26,0.0,0.0,0.0,101.0,2.0,0.0,30248,,15911,County Championship Division Two 2023,1,34,Gloucestershire,40,Durham,2023-07-10T13:44:54Z,2,False,,,,2675,Migael Pretorius,34,Chris Dent,35,Miles Hammond,328,56,Short Extra Cover,0,0,0,0,,LengthBall,Null,NotOut,Played,0,ForwardDefensive,Null,Round,Medium,Right,Null,NotReferred,Null,False,False,False,False,False,False,25,False,False,False,False,False,False,0,0,0,0,0,False,False
773634,31,3.26,0.0,0.0,0.0,101.0,2.0,0.0,30248,,15911,County Championship Division Two 2023,1,34,Gloucestershire,40,Durham,2023-07-10T13:45:26Z,3,False,,,,2675,Migael Pretorius,34,Chris Dent,35,Miles Hammond,271,83,Silly Mid On,0,0,0,0,,LengthBall,Null,NotOut,Played,0,ForwardDefensive,Null,Round,Medium,Right,Null,NotReferred,Null,False,False,False,False,False,False,25,False,False,False,False,False,False,0,0,0,0,0,False,False
773634,31,3.26,0.0,0.0,0.0,101.0,2.0,0.0,30248,,15911,County Championship Division Two 2023,1,34,Gloucestershire,40,Durham,2023-07-10T13:46:03Z,4,False,,,,2675,Migael Pretorius,34,Chris Dent,35,Miles Hammond,191,60,Short Mid Wicket,0,0,0,0,,LengthBall,Null,NotOut,Played,0,ForwardDefensive,Null,Round,Medium,Right,Null,NotReferred,Null,False,False,False,False,False,False,25,False,False,False,False,False,False,0,0,0,0,0,False,False
773634,31,3.26,0.0,0.0,0.0,101.0,2.0,0.0,30248,,15911,County Championship Division Two 2023,1,34,Gloucestershire,40,Durham,2023-07-10T13:46:43Z,5,False,,,,2675,Migael Pretorius,34,Chris Dent,35,Miles Hammond,90,48,Wicketkeeper,0,0,0,0,,LengthBall,Null,NotOut,NoShot,0,Leave,Null,Round,Medium,Right,Null,NotReferred,Null,False,False,False,False,False,False,25,False,False,False,False,False,False,0,0,0,0,0,False,False
773634,31,3.26,0.0,0.0,0.0,101.0,2.0,0.0,30248,,15911,County Championship Division Two 2023,1,34,Gloucestershire,40,Durham,2023-07-10T13:47:20Z,6,False,,,,2675,Migael Pretorius,34,Chris Dent,35,Miles Hammond,309,30,Silly Point,0,0,0,0,,LengthBall,Null,NotOut,Played,0,ForwardDefensive,Null,Round,Medium,Right,Null,NotReferred,Null,False,False,False,False,False,False,25,False,False,False,False,False,False,0,0,0,0,0,False,False
773639,32,3.28,4.0,0.0,0.0,105.0,2.0,4.0,30248,,15911,County Championship Division Two 2023,1,34,Gloucestershire,40,Durham,2023-07-10T13:48:15Z,1,False,,,,2673,Matthew Potts,35,Miles Hammond,34,Chris Dent,281,88,Mid Off,0,0,0,0,,LengthBall,Null,NotOut,Played,0,Drive,Null,Over,Medium,Right,Null,NotReferred,Null,False,False,False,False,False,False,10,False,False,False,False,False,False,0,0,0,0,0,False,False
773639,32,3.28,4.0,0.0,0.0,105.0,2.0,4.0,30248,,15911,County Championship Division Two 2023,1,34,Gloucestershire,40,Durham,2023-07-10T13:48:45Z,2,False,,,,2673,Matthew Potts,35,Miles Hammond,34,Chris Dent,188,92,Square Leg,0,0,0,0,,LengthBall,Null,NotOut,Played,0,Worked,Null,Over,Medium,Right,Null,NotReferred,Null,False,False,False,False,False,False,10,False,False,False,False,False,False,0,0,0,0,0,False,False
773639,32,3.28,4.0,0.0,0.0,105.0,2.0,4.0,30248,,15911,County Championship Division Two 2023,1,34,Gloucestershire,40,Durham,2023-07-10T13:49:21Z,3,False,,,,2673,Matthew Potts,35,Miles Hammond,34,Chris Dent,206,194,Deep Mid Wicket,4,0,4,4,,LengthBall,Null,NotOut,HitHard,0,Flick,Null,Over,Medium,Right,Null,NotReferred,Null,False,False,False,False,False,False,10,False,False,False,False,False,False,4,0,0,0,0,False,True
773639,32,3.28,4.0,0.0,0.0,105.0,2.0,4.0,30248,,15911,County Championship Division Two 2023,1,34,Gloucestershire,40,Durham,2023-07-10T13:50:08Z,4,False,,,,2673,Matthew Potts,35,Miles Hammond,34,Chris Dent,90,48,Wicketkeeper,0,0,0,0,,LengthBall,Null,NotOut,NoShot,0,Leave,Null,Over,Medium,Right,Null,NotReferred,Null,False,False,False,False,False,False,10,False,False,False,False,False,False,0,0,0,0,0,False,False
773639,32,3.28,4.0,0.0,0.0,105.0,2.0,4.0,30248,,15911,County Championship Division Two 2023,1,34,Gloucestershire,40,Durham,2023-07-10T13:50:43Z,5,False,,,,2673,Matthew Potts,35,Miles Hammond,34,Chris Dent,325,49,Short Extra Cover,0,0,0,0,,LengthBall,Null,NotOut,Played,0,ForwardDefensive,Null,Over,Medium,Right,Null,NotReferred,Null,False,False,False,False,False,False,10,False,False,False,False,False,False,0,0,0,0,0,False,False
773639,32,3.28,4.0,0.0,0.0,105.0,2.0,4.0,30248,,15911,County Championship Division Two 2023,1,34,Gloucestershire,40,Durham,2023-07-10T13:51:24Z,6,False,,,,2673,Matthew Potts,35,Miles Hammond,34,Chris Dent,337,76,Cover,0,0,0,0,,LengthBall,Null,NotOut,Played,0,Pushed,Null,Round,Medium,Right,Null,NotReferred,Null,False,False,False,False,False,False,10,False,False,False,False,False,False,0,0,0,0,0,False,False
773646,33,3.27,3.0,0.0,0.0,108.0,2.0,3.0,30248,,15911,County Championship Division Two 2023,1,34,Gloucestershire,40,Durham,2023-07-10T13:52:31Z,1,False,,,,2675,Migael Pretorius,34,Chris Dent,35,Miles Hammond,232,37,Silly Mid On,0,0,0,0,,LengthBall,Null,NotOut,Played,0,ForwardDefensive,Null,Over,Medium,Right,Null,NotReferred,Null,False,False,False,False,False,False,25,False,False,False,False,False,False,0,0,0,0,0,False,False
773646,33,3.27,3.0,0.0,0.0,108.0,2.0,3.0,30248,,15911,County Championship Division Two 2023,1,34,Gloucestershire,40,Durham,2023-07-10T13:53:02Z,2,False,,,,2675,Migael Pretorius,34,Chris Dent,35,Miles Hammond,308,43,Silly Mid Off,0,0,0,0,,LengthBall,Null,NotOut,Played,0,ForwardDefensive,Null,Over,Medium,Right,Null,NotReferred,Null,False,False,False,False,False,False,25,False,False,False,False,False,False,0,0,0,0,0,False,False
773646,33,3.27,3.0,0.0,0.0,108.0,2.0,3.0,30248,,15911,County Championship Division Two 2023,1,34,Gloucestershire,40,Durham,2023-07-10T13:53:35Z,3,False,,,,2675,Migael Pretorius,34,Chris Dent,35,Miles Hammond,174,149,Deep Square Leg,2,0,2,2,,Short,Null,NotOut,Played,0,Pull,Null,Over,Medium,Right,Null,NotReferred,Null,False,False,False,False,False,False,25,False,False,False,False,False,False,2,0,0,0,0,False,False
773646,33,3.27,3.0,0.0,0.0,108.0,2.0,3.0,30248,,15911,County Championship Division Two 2023,1,34,Gloucestershire,40,Durham,2023-07-10T13:54:13Z,4,False,,,,2675,Migael Pretorius,34,Chris Dent,35,Miles Hammond,193,154,Deep Mid Wicket,1,0,1,1,,Short,Null,NotOut,Played,0,Pull,Null,Over,Medium,Right,Null,NotReferred,Null,False,False,False,False,False,False,25,False,False,False,False,False,False,1,0,0,0,0,False,False
773646,33,3.27,3.0,0.0,0.0,108.0,2.0,3.0,30248,,15911,County Championship Division Two 2023,1,34,Gloucestershire,40,Durham,2023-07-10T13:55:00Z,5,False,,,,2675,Migael Pretorius,35,Miles Hammond,34,Chris Dent,322,49,Short Extra Cover,0,0,0,0,,LengthBall,Null,NotOut,Played,0,ForwardDefensive,Null,Round,Medium,Right,Null,NotReferred,Null,False,False,False,False,False,False,25,False,False,False,False,False,False,0,0,0,0,0,False,False
773646,33,3.27,3.0,0.0,0.0,108.0,2.0,3.0,30248,,15911,County Championship Division Two 2023,1,34,Gloucestershire,40,Durham,2023-07-10T13:55:30Z,6,False,,,,2675,Migael Pretorius,35,Miles Hammond,34,Chris Dent,207,63,Short Mid Wicket,0,0,0,0,,LengthBall,Null,NotOut,MisTimed,0,Drive,Null,Round,Medium,Right,Null,NotReferred,Null,False,False,False,False,False,False,25,False,False,False,False,False,False,0,0,0,0,0,False,False
773652,34,3.53,10.0,0.0,2.0,120.0,2.0,12.0,30248,,15911,County Championship Division Two 2023,1,34,Gloucestershire,40,Durham,2023-07-10T13:56:16Z,1,False,,,,2673,Matthew Potts,34,Chris Dent,35,Miles Hammond,159,143,Deep Backward Square Leg,1,0,1,1,,LengthBall,Null,NotOut,Played,0,Worked,Null,Over,Medium,Right,Null,NotReferred,Null,False,False,False,False,False,False,10,False,False,False,False,False,False,1,0,0,0,0,False,False
773652,34,3.53,10.0,0.0,2.0,120.0,2.0,12.0,30248,,15911,County Championship Division Two 2023,1,34,Gloucestershire,40,Durham,2023-07-10T13:56:50Z,2,False,,,,2673,Matthew Potts,35,Miles Hammond,34,Chris Dent,324,217,Deep Extra Cover,4,0,4,4,,LengthBall,Null,NotOut,HitHard,0,Drive,Null,Over,Medium,Right,Null,NotReferred,Null,False,False,False,False,False,False,10,False,False,False,False,False,False,4,0,0,0,0,False,True
773652,34,3.53,10.0,0.0,2.0,120.0,2.0,12.0,30248,,15911,County Championship Division Two 2023,1,34,Gloucestershire,40,Durham,2023-07-10T13:57:34Z,3,False,,,,2673,Matthew Potts,35,Miles Hammond,34,Chris Dent,190,129,Deep Mid Wicket,1,0,1,1,,LengthBall,Null,NotOut,Played,0,Worked,Null,Over,Medium,Right,Null,NotReferred,Null,False,False,False,False,False,False,10,False,False,False,False,False,False,1,0,0,0,0,False,False
773652,34,3.53,10.0,0.0,2.0,120.0,2.0,12.0,30248,,15911,County Championship Division Two 2023,1,34,Gloucestershire,40,Durham,2023-07-10T13:58:24Z,4,False,,,,2673,Matthew Potts,34,Chris Dent,35,Miles Hammond,90,48,Wicketkeeper,0,0,0,0,,LengthBall,Null,NotOut,Missed,0,ForwardDefensive,Null,Over,Medium,Right,Null,NotReferred,Null,False,False,False,False,False,False,10,False,False,False,False,False,False,0,0,0,0,0,False,False
773652,34,3.53,10.0,0.0,2.0,120.0,2.0,12.0,30248,,15911,County Championship Division Two 2023,1,34,Gloucestershire,40,Durham,2023-07-10T13:58:55Z,5,False,,,,2673,Matthew Potts,34,Chris Dent,35,Miles Hammond,90,48,Wicketkeeper,0,2,2,0,,Short,Null,NotOut,NoShot,0,Leave,Null,Round,Medium,Right,Null,NotReferred,Null,False,True,False,False,False,False,10,False,False,False,False,False,False,0,0,0,0,2,False,False
773652,34,3.53,10.0,0.0,2.0,120.0,2.0,12.0,30248,,15911,County Championship Division Two 2023,1,34,Gloucestershire,40,Durham,2023-07-10T13:59:28Z,6,False,,,,2673,Matthew Potts,34,Chris Dent,35,Miles Hammond,182,182,Deep Square Leg,4,0,4,4,,Short,Null,NotOut,HitHard,0,Pull,Null,Round,Medium,Right,Null,NotReferred,Null,False,False,False,False,False,False,10,False,False,False,False,False,False,4,0,0,0,0,False,True
773652,34,3.53,10.0,0.0,2.0,120.0,2.0,12.0,30248,,15911,County Championship Division Two 2023,1,34,Gloucestershire,40,Durham,2023-07-10T20:03:47Z,7,False,,,,2673,Matthew Potts,34,Chris Dent,35,Miles Hammond,299,36,Silly Mid On,0,0,0,0,,HalfVolley,Null,NotOut,Played,0,ForwardDefensive,Null,Round,Medium,Right,Null,NotReferred,Null,False,False,False,False,False,False,0,False,False,False,False,False,False,0,0,0,0,0,False,False
773665,35,3.57,5.0,0.0,0.0,125.0,2.0,5.0,30248,,15911,County Championship Division Two 2023,1,34,Gloucestershire,40,Durham,2023-07-10T14:07:34Z,1,False,,,,2675,Migael Pretorius,35,Miles Hammond,34,Chris Dent,319,108,Extra Cover,4,0,4,4,,HalfVolley,Null,NotOut,Played,0,Drive,Null,Round,Medium,Right,Null,NotReferred,Null,False,False,False,False,False,False,10,False,False,False,False,False,False,4,0,0,0,0,False,True
773665,35,3.57,5.0,0.0,0.0,125.0,2.0,5.0,30248,,15911,County Championship Division Two 2023,1,34,Gloucestershire,40,Durham,2023-07-10T14:08:09Z,2,False,,,,2675,Migael Pretorius,35,Miles Hammond,34,Chris Dent,255,50,Silly Mid On,0,0,0,0,,LengthBall,Null,NotOut,Played,0,ForwardDefensive,Null,Round,Medium,Right,Null,NotReferred,Null,False,False,False,False,False,False,10,False,False,False,False,False,False,0,0,0,0,0,False,False
773665,35,3.57,5.0,0.0,0.0,125.0,2.0,5.0,30248,,15911,County Championship Division Two 2023,1,34,Gloucestershire,40,Durham,2023-07-10T14:08:20Z,3,False,,,,2675,Migael Pretorius,35,Miles Hammond,34,Chris Dent,308,92,Mid Off,0,0,0,0,,LengthBall,Null,NotOut,Played,0,Drive,Null,Round,Medium,Right,Null,NotReferred,Null,False,False,False,False,False,False,10,False,False,False,False,False,False,0,0,0,0,0,False,False
773665,35,3.57,5.0,0.0,0.0,125.0,2.0,5.0,30248,,15911,County Championship Division Two 2023,1,34,Gloucestershire,40,Durham,2023-07-10T14:08:36Z,4,False,,,,2675,Migael Pretorius,35,Miles Hammond,34,Chris Dent,151,140,Fine Leg,1,0,1,1,,BackOfALength,Null,NotOut,Played,0,Pull,Null,Round,Medium,Right,Null,NotReferred,Null,False,False,False,False,False,False,10,False,False,False,False,False,False,1,0,0,0,0,False,False
773665,35,3.57,5.0,0.0,0.0,125.0,2.0,5.0,30248,,15911,County Championship Division Two 2023,1,34,Gloucestershire,40,Durham,2023-07-10T14:08:59Z,5,False,,,,2675,Migael Pretorius,34,Chris Dent,35,Miles Hammond,226,51,Short Mid Wicket,0,0,0,0,,LengthBall,Null,NotOut,Played,0,Worked,Null,Round,Medium,Right,Null,NotReferred,Null,False,False,False,False,False,False,10,False,False,False,False,False,False,0,0,0,0,0,False,False
773665,35,3.57,5.0,0.0,0.0,125.0,2.0,5.0,30248,,15911,County Championship Division Two 2023,1,34,Gloucestershire,40,Durham,2023-07-10T14:09:13Z,6,False,,,,2675,Migael Pretorius,34,Chris Dent,35,Miles Hammond,324,56,Short Extra Cover,0,0,0,0,,LengthBall,Null,NotOut,Played,0,ForwardDefensive,Null,Round,Medium,Right,Null,NotReferred,Null,False,False,False,False,False,False,10,False,False,False,False,False,False,0,0,0,0,0,False,False
773658,36,3.5,1.0,0.0,0.0,126.0,2.0,1.0,30248,,15911,County Championship Division Two 2023,1,34,Gloucestershire,40,Durham,2023-07-10T14:10:43Z,1,False,,,,2673,Matthew Potts,35,Miles Hammond,34,Chris Dent,330,94,Extra Cover,0,0,0,0,,LengthBall,Null,NotOut,Played,0,Pushed,Null,Round,Medium,Right,Null,NotReferred,Null,False,False,False,False,False,False,25,False,False,False,False,False,False,0,0,0,0,0,False,False
773658,36,3.5,1.0,0.0,0.0,126.0,2.0,1.0,30248,,15911,County Championship Division Two 2023,1,34,Gloucestershire,40,Durham,2023-07-10T14:11:08Z,2,False,,,,2673,Matthew Potts,35,Miles Hammond,34,Chris Dent,313,46,Short Extra Cover,0,0,0,0,,LengthBall,Null,NotOut,Played,0,ForwardDefensive,Null,Round,Medium,Right,Null,NotReferred,Null,False,False,False,False,False,False,25,False,False,False,False,False,False,0,0,0,0,0,False,False
773658,36,3.5,1.0,0.0,0.0,126.0,2.0,1.0,30248,,15911,County Championship Division Two 2023,1,34,Gloucestershire,40,Durham,2023-07-10T14:11:45Z,3,False,,,,2673,Matthew Potts,35,Miles Hammond,34,Chris Dent,165,134,Deep Backward Square Leg,0,0,0,0,,LengthBall,Null,NotOut,Played,0,Worked,Null,Round,Medium,Right,Null,NotReferred,Null,False,False,False,False,False,False,25,False,False,False,False,False,False,0,0,0,0,0,False,False
773658,36,3.5,1.0,0.0,0.0,126.0,2.0,1.0,30248,,15911,County Championship Division Two 2023,1,34,Gloucestershire,40,Durham,2023-07-10T14:12:14Z,4,False,,,,2673,Matthew Potts,35,Miles Hammond,34,Chris Dent,324,53,Short Extra Cover,1,0,1,1,,LengthBall,Null,NotOut,Played,0,ForwardDefensive,Null,Round,Medium,Right,Null,NotReferred,Null,False,False,False,False,False,False,25,False,False,False,False,False,False,1,0,0,0,0,False,False
773658,36,3.5,1.0,0.0,0.0,126.0,2.0,1.0,30248,,15911,County Championship Division Two 2023,1,34,Gloucestershire,40,Durham,2023-07-10T14:12:30Z,5,False,,,,2673,Matthew Potts,34,Chris Dent,35,Miles Hammond,270,40,Bowler,0,0,0,0,,LengthBall,Null,NotOut,Played,0,ForwardDefensive,Null,Round,Medium,Right,Null,NotReferred,Null,False,False,False,False,False,False,25,False,False,False,False,False,False,0,0,0,0,0,False,False
773658,36,3.5,1.0,0.0,0.0,126.0,2.0,1.0,30248,,15911,County Championship Division Two 2023,1,34,Gloucestershire,40,Durham,2023-07-10T14:12:46Z,6,False,,,,2673,Matthew Potts,34,Chris Dent,35,Miles Hammond,270,40,Bowler,0,0,0,0,,LengthBall,Null,NotOut,Played,0,ForwardDefensive,Null,Round,Medium,Right,Null,NotReferred,Null,False,False,False,False,False,False,25,False,False,False,False,False,False,0,0,0,0,0,False,False
773670,37,3.78,12.0,0.0,0.0,140.0,2.0,12.0,30248,,15911,County Championship Division Two 2023,1,34,Gloucestershire,40,Durham,2023-07-10T14:13:58Z,1,False,,,,2675,Migael Pretorius,35,Miles Hammond,34,Chris Dent,254,187,Long On,4,0,4,4,,LengthBall,Null,NotOut,HitHard,0,Drive,Null,Round,Medium,Right,Null,NotReferred,Null,False,False,False,False,False,False,10,False,False,False,False,False,False,4,0,0,0,0,False,True
773670,37,3.78,12.0,0.0,0.0,140.0,2.0,12.0,30248,,15911,County Championship Division Two 2023,1,34,Gloucestershire,40,Durham,2023-07-10T14:14:46Z,2,False,,,,2675,Migael Pretorius,35,Miles Hammond,34,Chris Dent,228,34,Short Leg,0,0,0,0,,LengthBall,Null,NotOut,Played,0,Worked,Null,Round,Medium,Right,Null,NotReferred,Null,False,False,False,False,False,False,10,False,False,False,False,False,False,0,0,0,0,0,False,False
773670,37,3.78,12.0,0.0,0.0,140.0,2.0,12.0,30248,,15911,County Championship Division Two 2023,1,34,Gloucestershire,40,Durham,2023-07-10T14:14:56Z,3,False,,,,2675,Migael Pretorius,35,Miles Hammond,34,Chris Dent,212,67,Mid Wicket,0,0,0,0,,LengthBall,Null,NotOut,Played,0,Worked,Null,Round,Medium,Right,Null,NotReferred,Null,False,False,False,False,False,False,10,False,False,False,False,False,False,0,0,0,0,0,False,False
773670,37,3.78,12.0,0.0,0.0,140.0,2.0,12.0,30248,,15911,County Championship Division Two 2023,1,34,Gloucestershire,40,Durham,2023-07-10T14:15:10Z,4,False,,,,2675,Migael Pretorius,35,Miles Hammond,34,Chris Dent,194,177,Deep Mid Wicket,4,0,4,4,,LengthBall,Null,NotOut,HitHard,0,Pull,Null,Round,Medium,Right,Null,NotReferred,Null,False,False,False,False,False,False,10,False,False,False,False,False,False,4,0,0,0,0,False,True
773670,37,3.78,12.0,0.0,0.0,140.0,2.0,12.0,30248,,15911,County Championship Division Two 2023,1,34,Gloucestershire,40,Durham,2023-07-10T14:15:28Z,5,False,,,,2675,Migael Pretorius,35,Miles Hammond,34,Chris Dent,326,185,Deep Extra Cover,4,0,4,4,,LengthBall,Null,NotOut,HitHard,0,Drive,Null,Round,Medium,Right,Null,NotReferred,Null,False,False,False,False,False,False,10,False,False,False,False,False,False,4,0,0,0,0,False,True
773670,37,3.78,12.0,0.0,0.0,140.0,2.0,12.0,30248,,15911,County Championship Division Two 2023,1,34,Gloucestershire,40,Durham,2023-07-10T14:16:01Z,6,False,,,,2675,Migael Pretorius,35,Miles Hammond,34,Chris Dent,210,69,Mid Wicket,0,0,0,0,,LengthBall,Null,NotOut,Played,0,Worked,Null,Round,Medium,Right,Null,NotReferred,Null,False,False,False,False,False,False,10,False,False,False,False,False,False,0,0,0,0,0,False,False
773674,38,3.68,2.0,0.0,2.0,140.0,2.0,2.0,30248,,15911,County Championship Division Two 2023,1,34,Gloucestershire,40,Durham,2023-07-10T14:16:24Z,1,False,,,,2672,Brydon Carse,34,Chris Dent,35,Miles Hammond,327,66,Short Extra Cover,2,2,2,0,,LengthBall,Null,NotOut,Played,0,Pushed,Null,Over,Fast,Right,Null,NotReferred,FrontFoot,False,True,False,False,False,False,25,False,False,False,False,False,False,0,0,0,0,2,False,False
773674,38,3.68,2.0,0.0,2.0,140.0,2.0,2.0,30248,,15911,County Championship Division Two 2023,1,34,Gloucestershire,40,Durham,2023-07-10T14:16:35Z,1,False,,,,2672,Brydon Carse,34,Chris Dent,35,Miles Hammond,353,87,Point,0,0,0,0,,LengthBall,Null,NotOut,Played,0,Steer,Null,Over,Fast,Right,Null,NotReferred,Null,False,False,False,False,False,False,25,False,False,False,False,False,False,0,0,0,0,0,False,False
773674,38,3.68,2.0,0.0,2.0,140.0,2.0,2.0,30248,,15911,County Championship Division Two 2023,1,34,Gloucestershire,40,Durham,2023-07-10T14:16:47Z,2,False,,,,2672,Brydon Carse,34,Chris Dent,35,Miles Hammond,353,90,Point,0,0,0,0,,LengthBall,Null,NotOut,Played,0,Steer,Null,Over,Fast,Right,Null,NotReferred,Null,False,False,False,False,False,False,25,False,False,False,False,False,False,0,0,0,0,0,False,False
773674,38,3.68,2.0,0.0,2.0,140.0,2.0,2.0,30248,,15911,County Championship Division Two 2023,1,34,Gloucestershire,40,Durham,2023-07-10T14:17:00Z,3,False,,,,2672,Brydon Carse,34,Chris Dent,35,Miles Hammond,349,76,Cover,0,0,0,0,,LengthBall,Null,NotOut,Played,0,Steer,Null,Over,Fast,Right,Null,NotReferred,Null,False,False,False,False,False,False,25,False,False,False,False,False,False,0,0,0,0,0,False,False
773674,38,3.68,2.0,0.0,2.0,140.0,2.0,2.0,30248,,15911,County Championship Division Two 2023,1,34,Gloucestershire,40,Durham,2023-07-10T14:17:10Z,4,False,,,,2672,Brydon Carse,34,Chris Dent,35,Miles Hammond,330,52,Short Extra Cover,0,0,0,0,,LengthBall,Null,NotOut,Played,0,BackwardDefensive,Null,Over,Fast,Right,Null,NotReferred,Null,False,False,False,False,False,False,25,False,False,False,False,False,False,0,0,0,0,0,False,False
773674,38,3.68,2.0,0.0,2.0,140.0,2.0,2.0,30248,,15911,County Championship Division Two 2023,1,34,Gloucestershire,40,Durham,2023-07-10T14:17:23Z,5,False,,,,2672,Brydon Carse,34,Chris Dent,35,Miles Hammond,90,48,Wicketkeeper,0,0,0,0,,LengthBall,Null,NotOut,Missed,0,ForwardDefensive,Null,Over,Fast,Right,Null,NotReferred,Null,False,False,False,False,False,False,25,False,False,False,False,False,False,0,0,0,0,0,False,False
773674,38,3.68,2.0,0.0,2.0,140.0,2.0,2.0,30248,,15911,County Championship Division Two 2023,1,34,Gloucestershire,40,Durham,2023-07-10T14:17:35Z,6,False,,,,2672,Brydon Carse,34,Chris Dent,35,Miles Hammond,349,92,Cover,0,0,0,0,,LengthBall,Null,NotOut,Played,0,Drive,Null,Over,Fast,Right,Null,NotReferred,Null,False,False,False,False,False,False,25,False,False,False,False,False,False,0,0,0,0,0,False,False
773676,39,3.67,3.0,0.0,0.0,143.0,2.0,3.0,30248,,15911,County Championship Division Two 2023,1,34,Gloucestershire,40,Durham,2023-07-10T14:18:11Z,1,False,,,,248,Matt Parkinson,35,Miles Hammond,34,Chris Dent,288,40,Silly Mid Off,0,0,0,0,,LengthBall,Null,NotOut,Played,0,ForwardDefensive,Null,Over,LegSpin,Right,Null,NotReferred,Null,False,False,False,False,False,False,10,False,False,False,False,False,False,0,0,0,0,0,False,False
773676,39,3.67,3.0,0.0,0.0,143.0,2.0,3.0,30248,,15911,County Championship Division Two 2023,1,34,Gloucestershire,40,Durham,2023-07-10T14:18:25Z,2,False,,,,248,Matt Parkinson,35,Miles Hammond,34,Chris Dent,218,59,Short Mid Wicket,0,0,0,0,,FullToss,Null,NotOut,Played,0,Worked,Null,Over,LegSpin,Right,Null,NotReferred,Null,False,False,False,False,False,False,10,False,False,False,False,False,False,0,0,0,0,0,False,False
773676,39,3.67,3.0,0.0,0.0,143.0,2.0,3.0,30248,,15911,County Championship Division Two 2023,1,34,Gloucestershire,40,Durham,2023-07-10T14:18:44Z,3,False,,,,248,Matt Parkinson,35,Miles Hammond,34,Chris Dent,270,40,Bowler,0,0,0,0,,LengthBall,Null,NotOut,Played,0,ForwardDefensive,Null,Over,LegSpin,Right,Null,NotReferred,Null,False,False,False,False,False,False,10,False,False,False,False,False,False,0,0,0,0,0,False,False
773676,39,3.67,3.0,0.0,0.0,143.0,2.0,3.0,30248,,15911,County Championship Division Two 2023,1,34,Gloucestershire,40,Durham,2023-07-10T14:19:09Z,4,False,,,,248,Matt Parkinson,35,Miles Hammond,34,Chris Dent,254,153,Long On,1,0,1,1,,LengthBall,Null,NotOut,Played,0,Worked,Null,Over,LegSpin,Right,Null,NotReferred,Null,False,False,False,False,False,False,10,False,False,False,False,False,False,1,0,0,0,0,False,False
773676,39,3.67,3.0,0.0,0.0,143.0,2.0,3.0,30248,,15911,County Championship Division Two 2023,1,34,Gloucestershire,40,Durham,2023-07-10T14:19:39Z,5,False,,,,248,Matt Parkinson,34,Chris Dent,35,Miles Hammond,314,47,Short Extra Cover,0,0,0,0,,LengthBall,Null,NotOut,Played,0,ForwardDefensive,Null,Over,LegSpin,Right,Null,NotReferred,Null,False,False,False,False,False,False,10,False,False,False,False,False,False,0,0,0,0,0,False,False
773676,39,3.67,3.0,0.0,0.0,143.0,2.0,3.0,30248,,15911,County Championship Division Two 2023,1,34,Gloucestershire,40,Durham,2023-07-10T14:20:00Z,6,False,,,,248,Matt Parkinson,34,Chris Dent,35,Miles Hammond,287,192,Long Off,2,0,2,2,,LengthBall,Null,NotOut,Played,0,Drive,Null,Over,LegSpin,Right,Null,NotReferred,Null,False,False,False,False,False,False,10,False,False,False,False,False,False,2,0,0,0,0,False,False
773685,40,3.65,3.0,0.0,2.0,146.0,2.0,3.0,30248,,15911,County Championship Division Two 2023,1,34,Gloucestershire,40,Durham,2023-07-10T14:21:50Z,1,False,,,,2672,Brydon Carse,35,Miles Hammond,34,Chris Dent,305,49,Silly Mid Off,0,0,0,0,,LengthBall,Null,NotOut,Played,0,ForwardDefensive,Null,Over,Fast,Right,Null,NotReferred,Null,False,False,False,False,False,False,25,False,False,False,False,False,False,0,0,0,0,0,False,False
773685,40,3.65,3.0,0.0,2.0,146.0,2.0,3.0,30248,,15911,County Championship Division Two 2023,1,34,Gloucestershire,40,Durham,2023-07-10T14:21:59Z,2,False,,,,2672,Brydon Carse,35,Miles Hammond,34,Chris Dent,328,95,Extra Cover,2,2,2,0,,LengthBall,Null,NotOut,Played,0,Drive,Null,Over,Fast,Right,Null,NotReferred,FrontFoot,False,True,False,False,False,False,25,False,False,False,False,False,False,0,0,0,0,2,False,False
773685,40,3.65,3.0,0.0,2.0,146.0,2.0,3.0,30248,,15911,County Championship Division Two 2023,1,34,Gloucestershire,40,Durham,2023-07-10T14:22:27Z,2,False,,,,2672,Brydon Carse,35,Miles Hammond,34,Chris Dent,308,45,Silly Mid Off,0,0,0,0,,LengthBall,Null,NotOut,Played,0,ForwardDefensive,Null,Over,Fast,Right,Null,NotReferred,Null,False,False,False,False,False,False,25,False,False,False,False,False,False,0,0,0,0,0,False,False
773685,40,3.65,3.0,0.0,2.0,146.0,2.0,3.0,30248,,15911,County Championship Division Two 2023,1,34,Gloucestershire,40,Durham,2023-07-10T14:22:58Z,3,False,,,,2672,Brydon Carse,35,Miles Hammond,34,Chris Dent,188,124,Square Leg,1,0,1,1,,BackOfALength,Null,NotOut,Played,0,Worked,Null,Over,Fast,Right,Null,NotReferred,Null,False,False,False,False,False,False,25,False,False,False,False,False,False,1,0,0,0,0,False,False
773685,40,3.65,3.0,0.0,2.0,146.0,2.0,3.0,30248,,15911,County Championship Division Two 2023,1,34,Gloucestershire,40,Durham,2023-07-10T14:23:46Z,4,False,,,,2672,Brydon Carse,34,Chris Dent,35,Miles Hammond,356,68,Point,0,0,0,0,,LengthBall,Null,NotOut,Played,0,Pushed,Null,Over,Fast,Right,Null,NotReferred,Null,False,False,False,False,False,False,25,False,False,False,False,False,False,0,0,0,0,0,False,False
773685,40,3.65,3.0,0.0,2.0,146.0,2.0,3.0,30248,,15911,County Championship Division Two 2023,1,34,Gloucestershire,40,Durham,2023-07-10T14:24:30Z,5,False,,,,2672,Brydon Carse,34,Chris Dent,35,Miles Hammond,90,48,Wicketkeeper,0,0,0,0,,LengthBall,Null,NotOut,Missed,0,ForwardDefensive,Null,Over,Fast,Right,Null,NotReferred,Null,False,False,False,False,False,False,25,False,False,False,False,False,False,0,0,0,0,0,False,False
773685,40,3.65,3.0,0.0,2.0,146.0,2.0,3.0,30248,,15911,County Championship Division Two 2023,1,34,Gloucestershire,40,Durham,2023-07-10T14:25:06Z,6,False,,,,2672,Brydon Carse,34,Chris Dent,35,Miles Hammond,351,40,Point,0,0,0,0,,LengthBall,Null,NotOut,Played,0,ForwardDefensive,Null,Over,Fast,Right,Null,NotReferred,Null,False,False,False,False,False,False,25,False,False,False,False,False,False,0,0,0,0,0,False,False
773690,41,4.0,18.0,0.0,0.0,164.0,2.0,18.0,30248,,15911,County Championship Division Two 2023,1,34,Gloucestershire,40,Durham,2023-07-10T14:26:07Z,1,False,,,,248,Matt Parkinson,35,Miles Hammond,34,Chris Dent,290,223,Long Off,6,0,6,6,,LengthBall,Null,NotOut,HitHard,0,Slog,Null,Over,LegSpin,Right,Null,NotReferred,Null,False,False,False,False,True,False,10,False,False,False,False,False,False,6,0,0,0,0,False,True
773690,41,4.0,18.0,0.0,0.0,164.0,2.0,18.0,30248,,15911,County Championship Division Two 2023,1,34,Gloucestershire,40,Durham,2023-07-10T14:26:37Z,2,False,,,,248,Matt Parkinson,35,Miles Hammond,34,Chris Dent,312,212,Deep Extra Cover,6,0,6,6,,LengthBall,Null,NotOut,HitHard,0,Slog,Null,Over,LegSpin,Right,Null,NotReferred,Null,False,False,False,False,True,False,10,False,False,False,False,False,False,6,0,0,0,0,False,True
773690,41,4.0,18.0,0.0,0.0,164.0,2.0,18.0,30248,,15911,County Championship Division Two 2023,1,34,Gloucestershire,40,Durham,2023-07-10T14:27:12Z,3,False,,,,248,Matt Parkinson,35,Miles Hammond,34,Chris Dent,247,153,Long On,1,0,1,1,,LengthBall,Null,NotOut,Played,0,Drive,Null,Over,LegSpin,Right,Null,NotReferred,Null,False,False,False,False,False,False,10,False,False,False,False,False,False,1,0,0,0,0,False,False
773690,41,4.0,18.0,0.0,0.0,164.0,2.0,18.0,30248,,15911,County Championship Division Two 2023,1,34,Gloucestershire,40,Durham,2023-07-10T14:27:32Z,4,False,,,,248,Matt Parkinson,34,Chris Dent,35,Miles Hammond,212,47,Short Mid Wicket,0,0,0,0,,LengthBall,Null,NotOut,Played,0,Worked,Null,Over,LegSpin,Right,Null,NotReferred,Null,False,False,False,False,False,False,10,False,False,False,False,False,False,0,0,0,0,0,False,False
773690,41,4.0,18.0,0.0,0.0,164.0,2.0,18.0,30248,,15911,County Championship Division Two 2023,1,34,Gloucestershire,40,Durham,2023-07-10T14:27:53Z,5,False,,,,248,Matt Parkinson,34,Chris Dent,35,Miles Hammond,238,129,Mid On,1,0,1,1,,LengthBall,Null,NotOut,Played,0,Drive,Null,Over,LegSpin,Right,Null,NotReferred,Null,False,False,False,False,False,False,10,False,False,False,False,False,False,1,0,0,0,0,False,False
773690,41,4.0,18.0,0.0,0.0,164.0,2.0,18.0,30248,,15911,County Championship Division Two 2023,1,34,Gloucestershire,40,Durham,2023-07-10T14:28:15Z,6,False,,,,248,Matt Parkinson,35,Miles Hammond,34,Chris Dent,207,196,Deep Mid Wicket,4,0,4,4,,FullToss,Null,NotOut,HitHard,0,Flick,Null,Over,LegSpin,Right,Null,NotReferred,Null,False,False,False,False,False,False,10,False,False,False,False,False,False,4,0,0,0,0,False,True
773695,42,4.0,4.0,0.0,0.0,168.0,2.0,4.0,30248,,15911,County Championship Division Two 2023,1,34,Gloucestershire,40,Durham,2023-07-10T14:29:13Z,1,False,,,,2672,Brydon Carse,34,Chris Dent,35,Miles Hammond,306,38,Silly Mid Off,0,0,0,0,,LengthBall,Null,NotOut,Played,0,ForwardDefensive,Null,Over,Fast,Right,Null,NotReferred,Null,False,False,False,False,False,False,25,False,False,False,False,False,False,0,0,0,0,0,False,False
773695,42,4.0,4.0,0.0,0.0,168.0,2.0,4.0,30248,,15911,County Championship Division Two 2023,1,34,Gloucestershire,40,Durham,2023-07-10T14:29:48Z,2,False,,,,2672,Brydon Carse,34,Chris Dent,35,Miles Hammond,209,197,Deep Mid Wicket,4,0,4,4,,LengthBall,Null,NotOut,HitHard,0,Flick,Null,Over,Fast,Right,Null,NotReferred,Null,False,False,False,False,False,False,25,False,False,False,False,False,False,4,0,0,0,0,False,True
773695,42,4.0,4.0,0.0,0.0,168.0,2.0,4.0,30248,,15911,County Championship Division Two 2023,1,34,Gloucestershire,40,Durham,2023-07-10T14:30:49Z,3,False,,,,2672,Brydon Carse,34,Chris Dent,35,Miles Hammond,90,48,Wicketkeeper,0,0,0,0,,BackOfALength,Null,NotOut,NoShot,0,Leave,Null,Over,Fast,Right,Null,NotReferred,Null,False,False,False,False,False,False,25,False,False,False,False,False,False,0,0,0,0,0,False,False
773695,42,4.0,4.0,0.0,0.0,168.0,2.0,4.0,30248,,15911,County Championship Division Two 2023,1,34,Gloucestershire,40,Durham,2023-07-10T14:31:24Z,4,False,,,,2672,Brydon Carse,34,Chris Dent,35,Miles Hammond,90,48,Wicketkeeper,0,0,0,0,,Short,Null,NotOut,NoShot,0,Leave,Null,Over,Fast,Right,Null,NotReferred,Null,False,False,False,False,False,False,25,False,False,False,False,False,False,0,0,0,0,0,False,False
773695,42,4.0,4.0,0.0,0.0,168.0,2.0,4.0,30248,,15911,County Championship Division Two 2023,1,34,Gloucestershire,40,Durham,2023-07-10T14:32:00Z,5,False,,,,2672,Brydon Carse,34,Chris Dent,35,Miles Hammond,90,48,Wicketkeeper,0,0,0,0,,LengthBall,Null,NotOut,NoShot,0,Leave,Null,Over,Fast,Right,Null,NotReferred,Null,False,False,False,False,False,False,25,False,False,False,False,False,False,0,0,0,0,0,False,False
773695,42,4.0,4.0,0.0,0.0,168.0,2.0,4.0,30248,,15911,County Championship Division Two 2023,1,34,Gloucestershire,40,Durham,2023-07-10T14:32:40Z,6,False,,,,2672,Brydon Carse,34,Chris Dent,35,Miles Hammond,90,48,Wicketkeeper,0,0,0,0,,LengthBall,Null,NotOut,NoShot,0,Leave,Null,Over,Fast,Right,Null,NotReferred,Null,False,False,False,False,False,False,25,False,False,False,False,False,False,0,0,0,0,0,False,False
773700,43,3.95,2.0,1.0,0.0,170.0,3.0,2.0,30248,,15911,County Championship Division Two 2023,1,34,Gloucestershire,40,Durham,2023-07-10T14:33:31Z,1,False,,,,248,Matt Parkinson,35,Miles Hammond,34,Chris Dent,9,151,Deep Backward Point,1,0,1,1,,LengthBall,Null,NotOut,Played,0,Drive,Null,Over,LegSpin,Right,Null,NotReferred,Null,False,False,False,False,False,False,10,False,False,False,False,False,False,1,0,0,0,0,False,False
773700,43,3.95,2.0,1.0,0.0,170.0,3.0,2.0,30248,,15911,County Championship Division Two 2023,1,34,Gloucestershire,40,Durham,2023-07-10T14:34:00Z,2,False,,,,248,Matt Parkinson,34,Chris Dent,35,Miles Hammond,197,86,Mid Wicket,1,0,1,1,,LengthBall,Null,NotOut,Played,0,Worked,Null,Over,LegSpin,Right,Null,NotReferred,Null,False,False,False,False,False,False,10,False,False,False,False,False,False,1,0,0,0,0,False,False
773700,43,3.95,2.0,1.0,0.0,170.0,3.0,2.0,30248,,15911,County Championship Division Two 2023,1,34,Gloucestershire,40,Durham,2023-07-10T14:34:28Z,3,False,,,,248,Matt Parkinson,35,Miles Hammond,34,Chris Dent,187,61,Mid Wicket,0,0,0,0,,LengthBall,Null,NotOut,Played,0,Worked,Null,Over,LegSpin,Right,Null,NotReferred,Null,False,False,False,False,False,False,10,False,False,False,False,False,False,0,0,0,0,0,False,False
773700,43,3.95,2.0,1.0,0.0,170.0,3.0,2.0,30248,,15911,County Championship Division Two 2023,1,34,Gloucestershire,40,Durham,2023-07-10T14:34:47Z,4,True,Caught,34.0,Chris Dent,248,Matt Parkinson,35,Miles Hammond,34,Chris Dent,247,130,Long On,0,0,0,0,Caught,LengthBall,Null,NotOut,HitHard,0,Slog,Null,Over,LegSpin,Right,Out1stUmpire,NotReferred,Null,False,False,False,False,False,False,25,False,False,False,False,False,False,0,0,0,0,0,False,False
773700,43,3.95,2.0,1.0,0.0,170.0,3.0,2.0,30248,,15911,County Championship Division Two 2023,1,34,Gloucestershire,40,Durham,2023-07-10T14:39:10Z,5,False,,,,248,Matt Parkinson,3559,Grant Roelofsen,34,Chris Dent,244,50,Silly Mid Off,0,0,0,0,,LengthBall,Null,NotOut,Played,0,ForwardDefensive,Null,Over,LegSpin,Right,Null,NotReferred,Null,False,False,False,False,False,False,10,False,False,False,False,False,False,0,0,0,0,0,False,False
773700,43,3.95,2.0,1.0,0.0,170.0,3.0,2.0,30248,,15911,County Championship Division Two 2023,1,34,Gloucestershire,40,Durham,2023-07-10T14:39:21Z,6,False,,,,248,Matt Parkinson,3559,Grant Roelofsen,34,Chris Dent,242,67,Silly Mid Off,0,0,0,0,,LengthBall,Null,NotOut,Played,0,ForwardDefensive,Null,Over,LegSpin,Right,Null,NotReferred,Null,False,False,False,False,False,False,10,False,False,False,False,False,False,0,0,0,0,0,False,False
773705,44,3.98,5.0,0.0,0.0,175.0,3.0,5.0,30248,,15911,County Championship Division Two 2023,1,34,Gloucestershire,40,Durham,2023-07-10T14:39:31Z,1,False,,,,2672,Brydon Carse,34,Chris Dent,3559,Grant Roelofsen,324,199,Deep Extra Cover,4,0,4,4,,LengthBall,Null,NotOut,HitHard,0,Drive,Null,Over,Fast,Right,Null,NotReferred,Null,False,False,False,False,False,False,25,False,False,False,False,False,False,4,0,0,0,0,False,True
773705,44,3.98,5.0,0.0,0.0,175.0,3.0,5.0,30248,,15911,County Championship Division Two 2023,1,34,Gloucestershire,40,Durham,2023-07-10T14:39:42Z,2,False,,,,2672,Brydon Carse,34,Chris Dent,3559,Grant Roelofsen,341,79,Cover,1,0,1,1,,LengthBall,Null,NotOut,Played,0,Pushed,Null,Over,Fast,Right,Null,NotReferred,Null,False,False,False,False,False,False,25,False,False,False,False,False,False,1,0,0,0,0,False,False
773705,44,3.98,5.0,0.0,0.0,175.0,3.0,5.0,30248,,15911,County Championship Division Two 2023,1,34,Gloucestershire,40,Durham,2023-07-10T14:40:00Z,3,False,,,,2672,Brydon Carse,3559,Grant Roelofsen,34,Chris Dent,90,48,Wicketkeeper,0,0,0,0,,LengthBall,Null,NotOut,MissedLegSide,0,Flick,Null,Over,Fast,Right,Null,NotReferred,Null,False,False,False,False,False,False,25,False,False,False,False,False,False,0,0,0,0,0,False,False
773705,44,3.98,5.0,0.0,0.0,175.0,3.0,5.0,30248,,15911,County Championship Division Two 2023,1,34,Gloucestershire,40,Durham,2023-07-10T14:40:41Z,4,False,,,,2672,Brydon Carse,3559,Grant Roelofsen,34,Chris Dent,90,48,Wicketkeeper,0,0,0,0,,LengthBall,Null,NotOut,NoShot,0,Leave,Null,Over,Fast,Right,Null,NotReferred,Null,False,False,False,False,False,False,25,False,False,False,False,False,False,0,0,0,0,0,False,False
773705,44,3.98,5.0,0.0,0.0,175.0,3.0,5.0,30248,,15911,County Championship Division Two 2023,1,34,Gloucestershire,40,Durham,2023-07-10T14:41:11Z,5,False,,,,2672,Brydon Carse,3559,Grant Roelofsen,34,Chris Dent,297,94,Mid On,0,0,0,0,,LengthBall,Null,NotOut,Played,0,ForwardDefensive,Null,Over,Fast,Right,Null,NotReferred,Null,False,False,False,False,False,False,25,False,False,False,False,False,False,0,0,0,0,0,False,False
773705,44,3.98,5.0,0.0,0.0,175.0,3.0,5.0,30248,,15911,County Championship Division Two 2023,1,34,Gloucestershire,40,Durham,2023-07-10T14:41:45Z,6,False,,,,2672,Brydon Carse,3559,Grant Roelofsen,34,Chris Dent,226,44,Short Extra Cover,0,0,0,0,,LengthBall,Null,NotOut,Played,0,ForwardDefensive,Null,Over,Fast,Right,Null,NotReferred,Null,False,False,False,False,False,False,25,False,False,False,False,False,False,0,0,0,0,0,False,False
773709,45,3.96,3.0,0.0,0.0,178.0,3.0,3.0,30248,,15911,County Championship Division Two 2023,1,34,Gloucestershire,40,Durham,2023-07-10T14:42:41Z,1,False,,,,248,Matt Parkinson,34,Chris Dent,3559,Grant Roelofsen,223,49,Short Mid Wicket,0,0,0,0,,LengthBall,Null,NotOut,Played,0,Worked,Null,Over,LegSpin,Right,Null,NotReferred,Null,False,False,False,False,False,False,10,False,False,False,False,False,False,0,0,0,0,0,False,False
773709,45,3.96,3.0,0.0,0.0,178.0,3.0,3.0,30248,,15911,County Championship Division Two 2023,1,34,Gloucestershire,40,Durham,2023-07-10T14:42:59Z,2,False,,,,248,Matt Parkinson,34,Chris Dent,3559,Grant Roelofsen,344,163,Deep Cover,2,0,2,2,,BackOfALength,Null,NotOut,Played,0,Cut,Null,Over,LegSpin,Right,Null,NotReferred,Null,False,False,False,False,False,False,10,False,False,False,False,False,False,2,0,0,0,0,False,False
773709,45,3.96,3.0,0.0,0.0,178.0,3.0,3.0,30248,,15911,County Championship Division Two 2023,1,34,Gloucestershire,40,Durham,2023-07-10T14:43:31Z,3,False,,,,248,Matt Parkinson,34,Chris Dent,3559,Grant Roelofsen,300,27,Silly Point,0,0,0,0,,LengthBall,Null,NotOut,Played,0,ForwardDefensive,Null,Over,LegSpin,Right,Null,NotReferred,Null,False,False,False,False,False,False,10,False,False,False,False,False,False,0,0,0,0,0,False,False
773709,45,3.96,3.0,0.0,0.0,178.0,3.0,3.0,30248,,15911,County Championship Division Two 2023,1,34,Gloucestershire,40,Durham,2023-07-10T14:43:51Z,4,False,,,,248,Matt Parkinson,34,Chris Dent,3559,Grant Roelofsen,181,71,Square Leg,0,0,0,0,,LengthBall,Null,NotOut,Played,0,Worked,Null,Over,LegSpin,Right,Null,NotReferred,Null,False,False,False,False,False,False,10,False,False,False,False,False,False,0,0,0,0,0,False,False
773709,45,3.96,3.0,0.0,0.0,178.0,3.0,3.0,30248,,15911,County Championship Division Two 2023,1,34,Gloucestershire,40,Durham,2023-07-10T14:44:16Z,5,False,,,,248,Matt Parkinson,34,Chris Dent,3559,Grant Roelofsen,239,96,Mid On,0,0,0,0,,LengthBall,Null,NotOut,Played,0,Drive,Null,Over,LegSpin,Right,Null,NotReferred,Null,False,False,False,False,False,False,10,False,False,False,False,False,False,0,0,0,0,0,False,False
773709,45,3.96,3.0,0.0,0.0,178.0,3.0,3.0,30248,,15911,County Championship Division Two 2023,1,34,Gloucestershire,40,Durham,2023-07-10T14:44:34Z,6,False,,,,248,Matt Parkinson,34,Chris Dent,3559,Grant Roelofsen,346,161,Deep Cover,1,0,1,1,,BackOfALength,Null,NotOut,Played,0,Cut,Null,Over,LegSpin,Right,Null,NotReferred,Null,False,False,False,False,False,False,10,False,False,False,False,False,False,1,0,0,0,0,False,False
773711,46,3.87,0.0,0.0,0.0,178.0,3.0,0.0,30248,,15911,County Championship Division Two 2023,1,34,Gloucestershire,40,Durham,2023-07-10T14:45:46Z,1,False,,,,120,Ben Raine,34,Chris Dent,3559,Grant Roelofsen,196,77,Mid Wicket,0,0,0,0,,LengthBall,Null,NotOut,Played,0,Worked,Null,Over,Fast,Right,Null,NotReferred,Null,False,False,False,False,False,False,25,False,False,False,False,False,False,0,0,0,0,0,False,False
773711,46,3.87,0.0,0.0,0.0,178.0,3.0,0.0,30248,,15911,County Championship Division Two 2023,1,34,Gloucestershire,40,Durham,2023-07-10T14:46:28Z,2,False,,,,120,Ben Raine,34,Chris Dent,3559,Grant Roelofsen,90,48,Wicketkeeper,0,0,0,0,,LengthBall,Null,NotOut,NoShot,0,Leave,Null,Round,Fast,Right,Null,NotReferred,Null,False,False,False,False,False,False,25,False,False,False,False,False,False,0,0,0,0,0,False,False
773711,46,3.87,0.0,0.0,0.0,178.0,3.0,0.0,30248,,15911,County Championship Division Two 2023,1,34,Gloucestershire,40,Durham,2023-07-10T14:47:06Z,3,False,,,,120,Ben Raine,34,Chris Dent,3559,Grant Roelofsen,316,70,Extra Cover,0,0,0,0,,LengthBall,Null,NotOut,Played,0,ForwardDefensive,Null,Round,Fast,Right,Null,NotReferred,Null,False,False,False,False,False,False,25,False,False,False,False,False,False,0,0,0,0,0,False,False
773711,46,3.87,0.0,0.0,0.0,178.0,3.0,0.0,30248,,15911,County Championship Division Two 2023,1,34,Gloucestershire,40,Durham,2023-07-10T14:47:37Z,4,False,,,,120,Ben Raine,34,Chris Dent,3559,Grant Roelofsen,316,45,Short Extra Cover,0,0,0,0,,LengthBall,Null,NotOut,Played,0,ForwardDefensive,Null,Round,Fast,Right,Null,NotReferred,Null,False,False,False,False,False,False,25,False,False,False,False,False,False,0,0,0,0,0,False,False
773711,46,3.87,0.0,0.0,0.0,178.0,3.0,0.0,30248,,15911,County Championship Division Two 2023,1,34,Gloucestershire,40,Durham,2023-07-10T14:48:13Z,5,False,,,,120,Ben Raine,34,Chris Dent,3559,Grant Roelofsen,90,48,Wicketkeeper,0,0,0,0,,Short,Null,NotOut,NoShot,0,Leave,Null,Round,Fast,Right,Null,NotReferred,Null,False,False,False,False,False,False,25,False,False,False,False,False,False,0,0,0,0,0,False,False
773711,46,3.87,0.0,0.0,0.0,178.0,3.0,0.0,30248,,15911,County Championship Division Two 2023,1,34,Gloucestershire,40,Durham,2023-07-10T14:48:47Z,6,False,,,,120,Ben Raine,34,Chris Dent,3559,Grant Roelofsen,90,48,Wicketkeeper,0,0,0,0,,Short,Null,NotOut,NoShot,0,Leave,Null,Round,Fast,Right,Null,NotReferred,Null,False,False,False,False,False,False,25,False,False,False,False,False,False,0,0,0,0,0,False,False
773715,47,3.89,5.0,0.0,0.0,183.0,3.0,5.0,30248,,15911,County Championship Division Two 2023,1,34,Gloucestershire,40,Durham,2023-07-10T14:49:47Z,1,False,,,,248,Matt Parkinson,3559,Grant Roelofsen,34,Chris Dent,219,82,Extra Cover,0,0,0,0,,LengthBall,Null,NotOut,Played,0,ForwardDefensive,Null,Over,LegSpin,Right,Null,NotReferred,Null,False,False,False,False,False,False,10,False,False,False,False,False,False,0,0,0,0,0,False,False
773715,47,3.89,5.0,0.0,0.0,183.0,3.0,5.0,30248,,15911,County Championship Division Two 2023,1,34,Gloucestershire,40,Durham,2023-07-10T14:50:04Z,2,False,,,,248,Matt Parkinson,3559,Grant Roelofsen,34,Chris Dent,33,122,Fine Leg,1,0,1,1,,LengthBall,Null,NotOut,Played,0,Glance,Null,Over,LegSpin,Right,Null,NotReferred,Null,False,False,False,False,False,False,10,False,False,False,False,False,False,1,0,0,0,0,False,False
773715,47,3.89,5.0,0.0,0.0,183.0,3.0,5.0,30248,,15911,County Championship Division Two 2023,1,34,Gloucestershire,40,Durham,2023-07-10T14:50:40Z,3,False,,,,248,Matt Parkinson,34,Chris Dent,3559,Grant Roelofsen,207,70,Mid Wicket,0,0,0,0,,LengthBall,Null,NotOut,Played,0,Worked,Null,Over,LegSpin,Right,Null,NotReferred,Null,False,False,False,False,False,False,10,False,False,False,False,False,False,0,0,0,0,0,False,False
773715,47,3.89,5.0,0.0,0.0,183.0,3.0,5.0,30248,,15911,County Championship Division Two 2023,1,34,Gloucestershire,40,Durham,2023-07-10T14:51:02Z,4,False,,,,248,Matt Parkinson,34,Chris Dent,3559,Grant Roelofsen,150,148,Fine Leg,3,0,3,3,,LengthBall,Null,NotOut,Played,0,Sweep,Null,Over,LegSpin,Right,Null,NotReferred,Null,False,False,False,False,False,False,10,False,False,False,False,False,False,3,0,0,0,0,False,False
773715,47,3.89,5.0,0.0,0.0,183.0,3.0,5.0,30248,,15911,County Championship Division Two 2023,1,34,Gloucestershire,40,Durham,2023-07-10T14:51:41Z,5,False,,,,248,Matt Parkinson,3559,Grant Roelofsen,34,Chris Dent,2,128,Deep Square Leg,1,0,1,1,,LengthBall,Null,NotOut,Played,0,Worked,Null,Over,LegSpin,Right,Null,NotReferred,Null,False,False,False,False,False,False,10,False,False,False,False,False,False,1,0,0,0,0,False,False
773715,47,3.89,5.0,0.0,0.0,183.0,3.0,5.0,30248,,15911,County Championship Division Two 2023,1,34,Gloucestershire,40,Durham,2023-07-10T14:52:13Z,6,False,,,,248,Matt Parkinson,34,Chris Dent,3559,Grant Roelofsen,237,43,Silly Mid On,0,0,0,0,,LengthBall,Null,NotOut,Played,0,ForwardDefensive,Null,Over,LegSpin,Right,Null,NotReferred,Null,False,False,False,False,False,False,10,False,False,False,False,False,False,0,0,0,0,0,False,False
773719,48,3.9,4.0,0.0,0.0,187.0,3.0,4.0,30248,,15911,County Championship Division Two 2023,1,34,Gloucestershire,40,Durham,2023-07-10T14:53:14Z,1,False,,,,120,Ben Raine,3559,Grant Roelofsen,34,Chris Dent,90,48,Wicketkeeper,0,0,0,0,,LengthBall,Null,NotOut,HitPad,0,ForwardDefensive,Null,Over,Fast,Right,Null,NotReferred,Null,False,False,False,False,False,False,25,False,False,False,False,False,False,0,0,0,0,0,False,False
773719,48,3.9,4.0,0.0,0.0,187.0,3.0,4.0,30248,,15911,County Championship Division Two 2023,1,34,Gloucestershire,40,Durham,2023-07-10T14:53:49Z,2,False,,,,120,Ben Raine,3559,Grant Roelofsen,34,Chris Dent,167,81,Backward Point,0,0,0,0,,LengthBall,Null,NotOut,Played,0,Steer,Null,Over,Fast,Right,Null,NotReferred,Null,False,False,False,False,False,False,25,False,False,False,False,False,False,0,0,0,0,0,False,False
773719,48,3.9,4.0,0.0,0.0,187.0,3.0,4.0,30248,,15911,County Championship Division Two 2023,1,34,Gloucestershire,40,Durham,2023-07-10T14:54:21Z,3,False,,,,120,Ben Raine,3559,Grant Roelofsen,34,Chris Dent,270,40,Bowler,0,0,0,0,,LengthBall,Null,NotOut,Played,0,BackwardDefensive,Null,Over,Fast,Right,Null,NotReferred,Null,False,False,False,False,False,False,25,False,False,False,False,False,False,0,0,0,0,0,False,False
773719,48,3.9,4.0,0.0,0.0,187.0,3.0,4.0,30248,,15911,County Championship Division Two 2023,1,34,Gloucestershire,40,Durham,2023-07-10T14:55:06Z,4,False,,,,120,Ben Raine,3559,Grant Roelofsen,34,Chris Dent,51,178,Fine Leg,4,0,4,4,,LengthBall,Null,NotOut,MisTimed,0,Pull,Null,Over,Fast,Right,Null,NotReferred,Null,False,False,False,False,False,False,25,False,False,False,False,False,False,4,0,0,0,0,False,True
773719,48,3.9,4.0,0.0,0.0,187.0,3.0,4.0,30248,,15911,County Championship Division Two 2023,1,34,Gloucestershire,40,Durham,2023-07-10T14:55:54Z,5,False,,,,120,Ben Raine,3559,Grant Roelofsen,34,Chris Dent,311,55,Short Mid Wicket,0,0,0,0,,LengthBall,Null,NotOut,Played,0,ForwardDefensive,Null,Over,Fast,Right,Null,NotReferred,Null,False,False,False,False,False,False,25,False,False,False,False,False,False,0,0,0,0,0,False,False
773719,48,3.9,4.0,0.0,0.0,187.0,3.0,4.0,30248,,15911,County Championship Division Two 2023,1,34,Gloucestershire,40,Durham,2023-07-10T14:56:31Z,6,False,,,,120,Ben Raine,3559,Grant Roelofsen,34,Chris Dent,90,48,Wicketkeeper,0,0,0,0,,LengthBall,Null,NotOut,NoShot,0,Leave,Null,Over,Fast,Right,Null,NotReferred,Null,False,False,False,False,False,False,25,False,False,False,False,False,False,0,0,0,0,0,False,False
773726,49,3.94,6.0,0.0,0.0,193.0,3.0,6.0,30248,,15911,County Championship Division Two 2023,1,34,Gloucestershire,40,Durham,2023-07-10T14:57:58Z,1,False,,,,2675,Migael Pretorius,34,Chris Dent,3559,Grant Roelofsen,187,195,Deep Mid Wicket,4,0,4,4,,Short,Null,NotOut,HitHard,0,Pull,Null,Round,Medium,Right,Null,NotReferred,Null,False,False,False,False,True,False,10,False,False,False,False,False,False,4,0,0,0,0,False,True
773726,49,3.94,6.0,0.0,0.0,193.0,3.0,6.0,30248,,15911,County Championship Division Two 2023,1,34,Gloucestershire,40,Durham,2023-07-10T14:58:47Z,2,False,,,,2675,Migael Pretorius,34,Chris Dent,3559,Grant Roelofsen,270,40,Bowler,0,0,0,0,,LengthBall,Null,NotOut,Played,0,ForwardDefensive,Null,Round,Medium,Right,Null,NotReferred,Null,False,False,False,False,False,False,10,False,False,False,False,False,False,0,0,0,0,0,False,False
773726,49,3.94,6.0,0.0,0.0,193.0,3.0,6.0,30248,,15911,County Championship Division Two 2023,1,34,Gloucestershire,40,Durham,2023-07-10T14:59:18Z,3,False,,,,2675,Migael Pretorius,34,Chris Dent,3559,Grant Roelofsen,299,26,Silly Point,0,0,0,0,,LengthBall,Null,NotOut,Played,0,ForwardDefensive,Null,Round,Medium,Right,Null,NotReferred,Null,False,False,False,False,False,False,10,False,False,False,False,False,False,0,0,0,0,0,False,False
773726,49,3.94,6.0,0.0,0.0,193.0,3.0,6.0,30248,,15911,County Championship Division Two 2023,1,34,Gloucestershire,40,Durham,2023-07-10T14:59:50Z,4,False,,,,2675,Migael Pretorius,34,Chris Dent,3559,Grant Roelofsen,270,40,Bowler,0,0,0,0,,LengthBall,Null,NotOut,Played,0,ForwardDefensive,Null,Round,Medium,Right,Null,NotReferred,Null,False,False,False,False,False,False,10,False,False,False,False,False,False,0,0,0,0,0,False,False
773726,49,3.94,6.0,0.0,0.0,193.0,3.0,6.0,30248,,15911,County Championship Division Two 2023,1,34,Gloucestershire,40,Durham,2023-07-10T15:00:21Z,5,False,,,,2675,Migael Pretorius,34,Chris Dent,3559,Grant Roelofsen,6,86,Point,0,0,0,0,,BackOfALength,Null,NotOut,Played,0,Cut,Null,Round,Medium,Right,Null,NotReferred,Null,False,False,False,False,False,False,10,False,False,False,False,False,False,0,0,0,0,0,False,False
773726,49,3.94,6.0,0.0,0.0,193.0,3.0,6.0,30248,,15911,County Championship Division Two 2023,1,34,Gloucestershire,40,Durham,2023-07-10T15:00:58Z,6,False,,,,2675,Migael Pretorius,34,Chris Dent,3559,Grant Roelofsen,132,162,Fine Leg,2,0,2,2,,LengthBall,Null,NotOut,Played,0,Glance,Null,Round,Medium,Right,Null,NotReferred,Null,False,False,False,False,False,False,10,False,False,False,False,False,False,2,0,0,0,0,False,False
773730,50,3.94,4.0,0.0,2.0,197.0,3.0,4.0,30248,,15911,County Championship Division Two 2023,1,34,Gloucestershire,40,Durham,2023-07-10T15:02:04Z,1,False,,,,120,Ben Raine,3559,Grant Roelofsen,34,Chris Dent,265,74,Silly Mid Off,0,0,0,0,,LengthBall,Null,NotOut,Played,0,Pushed,Null,Over,Fast,Right,Null,NotReferred,Null,False,False,False,False,False,False,25,False,False,False,False,False,False,0,0,0,0,0,False,False
773730,50,3.94,4.0,0.0,2.0,197.0,3.0,4.0,30248,,15911,County Championship Division Two 2023,1,34,Gloucestershire,40,Durham,2023-07-10T15:02:30Z,2,False,,,,120,Ben Raine,3559,Grant Roelofsen,34,Chris Dent,189,68,Point,0,0,0,0,,LengthBall,Null,NotOut,Played,0,Dropped,Null,Over,Fast,Right,Null,NotReferred,Null,False,False,False,False,False,False,25,False,False,False,False,False,False,0,0,0,0,0,False,False
773730,50,3.94,4.0,0.0,2.0,197.0,3.0,4.0,30248,,15911,County Championship Division Two 2023,1,34,Gloucestershire,40,Durham,2023-07-10T15:03:04Z,3,False,,,,120,Ben Raine,3559,Grant Roelofsen,34,Chris Dent,90,48,Wicketkeeper,0,0,0,0,,LengthBall,Null,NotOut,NoShot,0,Leave,Null,Over,Fast,Right,Null,NotReferred,Null,False,False,False,False,False,False,25,False,False,False,False,False,False,0,0,0,0,0,False,False
773730,50,3.94,4.0,0.0,2.0,197.0,3.0,4.0,30248,,15911,County Championship Division Two 2023,1,34,Gloucestershire,40,Durham,2023-07-10T15:03:43Z,4,False,,,,120,Ben Raine,3559,Grant Roelofsen,34,Chris Dent,90,48,Wicketkeeper,2,2,2,0,,Short,Null,NotOut,NoShot,0,Leave,Null,Over,Fast,Right,Null,NotReferred,FrontFoot,False,True,False,False,False,False,25,False,False,False,False,False,False,0,0,0,0,2,False,False
773730,50,3.94,4.0,0.0,2.0,197.0,3.0,4.0,30248,,15911,County Championship Division Two 2023,1,34,Gloucestershire,40,Durham,2023-07-10T15:04:20Z,4,False,,,,120,Ben Raine,3559,Grant Roelofsen,34,Chris Dent,282,83,Mid On,0,0,0,0,,LengthBall,Null,NotOut,Played,0,ForwardDefensive,Null,Over,Fast,Right,Null,NotReferred,Null,False,False,False,False,False,False,25,False,False,False,False,False,False,0,0,0,0,0,False,False
773730,50,3.94,4.0,0.0,2.0,197.0,3.0,4.0,30248,,15911,County Championship Division Two 2023,1,34,Gloucestershire,40,Durham,2023-07-10T15:04:56Z,5,False,,,,120,Ben Raine,3559,Grant Roelofsen,34,Chris Dent,234,32,Silly Point,0,0,0,0,,LengthBall,Null,NotOut,Played,0,ForwardDefensive,Null,Over,Fast,Right,Null,NotReferred,Null,False,False,False,False,False,False,25,False,False,False,False,False,False,0,0,0,0,0,False,False
773730,50,3.94,4.0,0.0,2.0,197.0,3.0,4.0,30248,,15911,County Championship Division Two 2023,1,34,Gloucestershire,40,Durham,2023-07-10T15:05:30Z,6,False,,,,120,Ben Raine,3559,Grant Roelofsen,34,Chris Dent,19,152,Deep Backward Square Leg,2,0,2,2,,Short,Null,NotOut,Played,0,Pull,Null,Over,Fast,Right,Null,NotReferred,Null,False,False,False,False,False,False,25,False,False,False,False,False,False,2,0,0,0,0,False,False
773737,51,3.9,2.0,0.0,0.0,199.0,3.0,2.0,30248,,15911,County Championship Division Two 2023,1,34,Gloucestershire,40,Durham,2023-07-10T15:07:02Z,1,False,,,,2675,Migael Pretorius,34,Chris Dent,3559,Grant Roelofsen,248,87,Mid On,0,0,0,0,,HalfVolley,Null,NotOut,Played,0,Drive,Null,Over,Medium,Right,Null,NotReferred,Null,False,False,False,False,False,False,10,False,False,False,False,False,False,0,0,0,0,0,False,False
773737,51,3.9,2.0,0.0,0.0,199.0,3.0,2.0,30248,,15911,County Championship Division Two 2023,1,34,Gloucestershire,40,Durham,2023-07-10T15:07:33Z,2,False,,,,2675,Migael Pretorius,34,Chris Dent,3559,Grant Roelofsen,184,66,Mid Wicket,1,0,1,1,,LengthBall,Null,NotOut,Played,0,ForwardDefensive,Null,Over,Medium,Right,Null,NotReferred,Null,False,False,False,False,False,False,10,False,False,False,False,False,False,1,0,0,0,0,False,False
773737,51,3.9,2.0,0.0,0.0,199.0,3.0,2.0,30248,,15911,County Championship Division Two 2023,1,34,Gloucestershire,40,Durham,2023-07-10T15:08:41Z,3,False,,,,2675,Migael Pretorius,3559,Grant Roelofsen,34,Chris Dent,290,89,Mid On,0,0,0,0,,LengthBall,Null,NotOut,Played,0,Drive,Null,Over,Medium,Right,Null,NotReferred,Null,False,False,False,False,False,False,10,False,False,False,False,False,False,0,0,0,0,0,False,False
773737,51,3.9,2.0,0.0,0.0,199.0,3.0,2.0,30248,,15911,County Championship Division Two 2023,1,34,Gloucestershire,40,Durham,2023-07-10T15:09:13Z,4,False,,,,2675,Migael Pretorius,3559,Grant Roelofsen,34,Chris Dent,215,81,Extra Cover,0,0,0,0,,LengthBall,Null,NotOut,Played,0,Drive,Null,Over,Medium,Right,Null,NotReferred,Null,False,False,False,False,False,False,10,False,False,False,False,False,False,0,0,0,0,0,False,False
773737,51,3.9,2.0,0.0,0.0,199.0,3.0,2.0,30248,,15911,County Championship Division Two 2023,1,34,Gloucestershire,40,Durham,2023-07-10T15:09:45Z,5,False,,,,2675,Migael Pretorius,3559,Grant Roelofsen,34,Chris Dent,345,135,Deep Mid Wicket,1,0,1,1,,LengthBall,Null,NotOut,Played,0,Worked,Null,Over,Medium,Right,Null,NotReferred,Null,False,False,False,False,False,False,10,False,False,False,False,False,False,1,0,0,0,0,False,False
773737,51,3.9,2.0,0.0,0.0,199.0,3.0,2.0,30248,,15911,County Championship Division Two 2023,1,34,Gloucestershire,40,Durham,2023-07-10T15:10:25Z,6,False,,,,2675,Migael Pretorius,34,Chris Dent,3559,Grant Roelofsen,215,75,Mid Wicket,0,0,0,0,,LengthBall,Null,NotOut,Played,0,Worked,Null,Over,Medium,Right,Null,NotReferred,Null,False,False,False,False,False,False,10,False,False,False,False,False,False,0,0,0,0,0,False,False
773742,52,3.85,1.0,1.0,0.0,200.0,4.0,1.0,30248,,15911,County Championship Division Two 2023,1,34,Gloucestershire,40,Durham,2023-07-10T15:11:43Z,1,False,,,,2673,Matthew Potts,3559,Grant Roelofsen,34,Chris Dent,90,48,Wicketkeeper,0,0,0,0,,LengthBall,Null,NotOut,NoShot,0,Leave,Null,Over,Medium,Right,Null,NotReferred,Null,False,False,False,False,False,False,25,False,False,False,False,False,False,0,0,0,0,0,False,False
773742,52,3.85,1.0,1.0,0.0,200.0,4.0,1.0,30248,,15911,County Championship Division Two 2023,1,34,Gloucestershire,40,Durham,2023-07-10T15:12:09Z,2,False,,,,2673,Matthew Potts,3559,Grant Roelofsen,34,Chris Dent,311,93,Mid On,1,0,1,1,,LengthBall,Null,NotOut,Played,0,Worked,Null,Over,Medium,Right,Null,NotReferred,Null,False,False,False,False,False,False,25,False,False,False,False,False,False,1,0,0,0,0,False,False
773742,52,3.85,1.0,1.0,0.0,200.0,4.0,1.0,30248,,15911,County Championship Division Two 2023,1,34,Gloucestershire,40,Durham,2023-07-10T15:13:15Z,3,False,,,,2673,Matthew Potts,34,Chris Dent,3559,Grant Roelofsen,358,83,Point,0,0,0,0,,LengthBall,Null,NotOut,Played,0,Pushed,Null,Over,Medium,Right,Null,NotReferred,Null,False,False,False,False,False,False,25,False,False,False,False,False,False,0,0,0,0,0,False,False
773742,52,3.85,1.0,1.0,0.0,200.0,4.0,1.0,30248,,15911,County Championship Division Two 2023,1,34,Gloucestershire,40,Durham,2023-07-10T15:13:48Z,4,False,,,,2673,Matthew Potts,34,Chris Dent,3559,Grant Roelofsen,270,40,Bowler,0,0,0,0,,LengthBall,Null,NotOut,Played,0,ForwardDefensive,Null,Round,Medium,Right,Null,NotReferred,Null,False,False,False,False,False,False,25,False,False,False,False,False,False,0,0,0,0,0,False,False
773742,52,3.85,1.0,1.0,0.0,200.0,4.0,1.0,30248,,15911,County Championship Division Two 2023,1,34,Gloucestershire,40,Durham,2023-07-10T15:14:23Z,5,True,Caught,34.0,Chris Dent,2673,Matthew Potts,34,Chris Dent,3559,Grant Roelofsen,90,48,Wicketkeeper,0,0,0,0,Caught,LengthBall,Null,NotOut,Edged,0,ForwardDefensive,Null,Round,Medium,Right,Out1stUmpire,NotReferred,Null,False,False,False,False,False,False,25,False,False,False,False,False,False,0,0,0,0,0,False,False
773742,52,3.85,1.0,1.0,0.0,200.0,4.0,1.0,30248,,15911,County Championship Division Two 2023,1,34,Gloucestershire,40,Durham,2023-07-10T15:16:39Z,6,False,,,,2673,Matthew Potts,36,James Bracey,3559,Grant Roelofsen,246,88,Mid On,0,0,0,0,,LengthBall,Null,NotOut,Played,0,ForwardDefensive,Null,Round,Medium,Right,Null,NotReferred,Null,False,False,False,False,False,False,25,False,False,False,False,False,False,0,0,0,0,0,False,False
773750,53,3.87,5.0,0.0,0.0,205.0,4.0,5.0,30248,,15911,County Championship Division Two 2023,1,34,Gloucestershire,40,Durham,2023-07-10T15:17:51Z,1,False,,,,2675,Migael Pretorius,3559,Grant Roelofsen,36,James Bracey,252,192,Long Off,4,0,4,4,,LengthBall,Null,NotOut,HitHard,0,Drive,Null,Round,Medium,Right,Null,NotReferred,Null,False,False,False,False,False,False,10,False,False,False,False,False,False,4,0,0,0,0,False,True
773750,53,3.87,5.0,0.0,0.0,205.0,4.0,5.0,30248,,15911,County Championship Division Two 2023,1,34,Gloucestershire,40,Durham,2023-07-10T15:18:33Z,2,False,,,,2675,Migael Pretorius,3559,Grant Roelofsen,36,James Bracey,216,42,Short Extra Cover,0,0,0,0,,LengthBall,Null,NotOut,Played,0,ForwardDefensive,Null,Over,Medium,Right,Null,NotReferred,Null,False,False,False,False,False,False,10,False,False,False,False,False,False,0,0,0,0,0,False,False
773750,53,3.87,5.0,0.0,0.0,205.0,4.0,5.0,30248,,15911,County Championship Division Two 2023,1,34,Gloucestershire,40,Durham,2023-07-10T15:19:34Z,3,False,,,,2675,Migael Pretorius,3559,Grant Roelofsen,36,James Bracey,232,100,Mid Off,0,0,0,0,,LengthBall,Null,NotOut,Played,0,Drive,Null,Over,Medium,Right,Null,NotReferred,Null,False,False,False,False,False,False,10,False,False,False,False,False,False,0,0,0,0,0,False,False
773750,53,3.87,5.0,0.0,0.0,205.0,4.0,5.0,30248,,15911,County Championship Division Two 2023,1,34,Gloucestershire,40,Durham,2023-07-10T15:20:07Z,4,False,,,,2675,Migael Pretorius,3559,Grant Roelofsen,36,James Bracey,358,155,Deep Square Leg,1,0,1,1,,LengthBall,Null,NotOut,Played,0,Worked,Null,Over,Medium,Right,Null,NotReferred,Null,False,False,False,False,False,False,10,False,False,False,False,False,False,1,0,0,0,0,False,False
773750,53,3.87,5.0,0.0,0.0,205.0,4.0,5.0,30248,,15911,County Championship Division Two 2023,1,34,Gloucestershire,40,Durham,2023-07-10T15:21:04Z,5,False,,,,2675,Migael Pretorius,36,James Bracey,3559,Grant Roelofsen,90,48,Wicketkeeper,0,0,0,0,,LengthBall,Null,NotOut,MissedLegSide,0,Flick,Null,Over,Medium,Right,Null,NotReferred,Null,False,False,False,False,False,False,10,False,False,False,False,False,False,0,0,0,0,0,False,False
773750,53,3.87,5.0,0.0,0.0,205.0,4.0,5.0,30248,,15911,County Championship Division Two 2023,1,34,Gloucestershire,40,Durham,2023-07-10T15:21:36Z,6,False,,,,2675,Migael Pretorius,36,James Bracey,3559,Grant Roelofsen,328,81,Extra Cover,0,0,0,0,,LengthBall,Null,NotOut,Played,0,Pushed,Null,Over,Medium,Right,Null,NotReferred,Null,False,False,False,False,False,False,10,False,False,False,False,False,False,0,0,0,0,0,False,False
773757,54,3.96,9.0,0.0,0.0,214.0,4.0,9.0,30248,,15911,County Championship Division Two 2023,1,34,Gloucestershire,40,Durham,2023-07-10T15:22:32Z,1,False,,,,2673,Matthew Potts,3559,Grant Roelofsen,36,James Bracey,246,93,Mid Off,0,0,0,0,,LengthBall,Null,NotOut,Played,0,Drive,Null,Over,Medium,Right,Null,NotReferred,Null,False,False,False,False,False,False,25,False,False,False,False,False,False,0,0,0,0,0,False,False
773757,54,3.96,9.0,0.0,0.0,214.0,4.0,9.0,30248,,15911,County Championship Division Two 2023,1,34,Gloucestershire,40,Durham,2023-07-10T15:23:00Z,2,False,,,,2673,Matthew Potts,3559,Grant Roelofsen,36,James Bracey,350,199,Deep Mid Wicket,4,0,4,4,,Short,Null,NotOut,HitHard,0,Pull,Null,Over,Medium,Right,Null,NotReferred,Null,False,False,False,False,False,False,25,False,False,False,False,False,False,4,0,0,0,0,False,True
773757,54,3.96,9.0,0.0,0.0,214.0,4.0,9.0,30248,,15911,County Championship Division Two 2023,1,34,Gloucestershire,40,Durham,2023-07-10T15:23:43Z,3,False,,,,2673,Matthew Potts,3559,Grant Roelofsen,36,James Bracey,293,51,Silly Mid On,0,0,0,0,,LengthBall,Null,NotOut,Played,0,ForwardDefensive,Null,Over,Medium,Right,Null,NotReferred,Null,False,False,False,False,False,False,25,False,False,False,False,False,False,0,0,0,0,0,False,False
773757,54,3.96,9.0,0.0,0.0,214.0,4.0,9.0,30248,,15911,County Championship Division Two 2023,1,34,Gloucestershire,40,Durham,2023-07-10T15:24:12Z,4,False,,,,2673,Matthew Potts,3559,Grant Roelofsen,36,James Bracey,90,48,Wicketkeeper,0,0,0,0,,LengthBall,Null,NotOut,NoShot,0,Leave,Null,Over,Medium,Right,Null,NotReferred,Null,False,False,False,False,False,False,25,False,False,False,False,False,False,0,0,0,0,0,False,False
773757,54,3.96,9.0,0.0,0.0,214.0,4.0,9.0,30248,,15911,County Championship Division Two 2023,1,34,Gloucestershire,40,Durham,2023-07-10T15:24:48Z,5,False,,,,2673,Matthew Potts,3559,Grant Roelofsen,36,James Bracey,212,84,Extra Cover,5,0,5,5,,LengthBall,Null,NotOut,Played,0,Pushed,Null,Over,Medium,Right,Null,NotReferred,Null,False,False,False,False,False,False,25,False,False,False,False,False,False,5,0,0,0,0,False,False
773757,54,3.96,9.0,0.0,0.0,214.0,4.0,9.0,30248,,15911,County Championship Division Two 2023,1,34,Gloucestershire,40,Durham,2023-07-10T15:25:53Z,6,False,,,,2673,Matthew Potts,36,James Bracey,3559,Grant Roelofsen,215,58,Short Mid Wicket,0,0,0,0,,LengthBall,Null,NotOut,Played,0,Worked,Null,Round,Medium,Right,Null,NotReferred,Null,False,False,False,False,False,False,25,False,False,False,False,False,False,0,0,0,0,0,False,False
773762,55,4.04,8.0,0.0,0.0,222.0,4.0,8.0,30248,,15911,County Championship Division Two 2023,1,34,Gloucestershire,40,Durham,2023-07-10T15:27:15Z,1,False,,,,120,Ben Raine,3559,Grant Roelofsen,36,James Bracey,301,45,Silly Mid On,0,0,0,0,,LengthBall,Null,NotOut,Played,0,ForwardDefensive,Null,Round,Fast,Right,Null,NotReferred,Null,False,False,False,False,False,False,10,False,False,False,False,False,False,0,0,0,0,0,False,False
773762,55,4.04,8.0,0.0,0.0,222.0,4.0,8.0,30248,,15911,County Championship Division Two 2023,1,34,Gloucestershire,40,Durham,2023-07-10T15:27:43Z,2,False,,,,120,Ben Raine,3559,Grant Roelofsen,36,James Bracey,315,227,Long On,4,0,4,4,,Short,Null,NotOut,HitHard,0,Pull,Null,Over,Fast,Right,Null,NotReferred,Null,False,False,False,False,False,False,10,False,False,False,False,False,False,4,0,0,0,0,False,True
773762,55,4.04,8.0,0.0,0.0,222.0,4.0,8.0,30248,,15911,County Championship Division Two 2023,1,34,Gloucestershire,40,Durham,2023-07-10T15:28:24Z,3,False,,,,120,Ben Raine,3559,Grant Roelofsen,36,James Bracey,222,22,Silly Point,0,0,0,0,,Short,Null,NotOut,MisTimed,0,Pull,Null,Over,Fast,Right,Null,NotReferred,Null,False,False,False,False,False,False,10,False,False,False,False,False,False,0,0,0,0,0,False,False
773762,55,4.04,8.0,0.0,0.0,222.0,4.0,8.0,30248,,15911,County Championship Division Two 2023,1,34,Gloucestershire,40,Durham,2023-07-10T15:29:14Z,4,False,,,,120,Ben Raine,3559,Grant Roelofsen,36,James Bracey,280,175,Long On,3,0,3,3,,LengthBall,Null,NotOut,Played,0,Drive,Null,Over,Fast,Right,Null,NotReferred,Null,False,False,False,False,False,False,10,False,False,False,False,False,False,3,0,0,0,0,False,False
773762,55,4.04,8.0,0.0,0.0,222.0,4.0,8.0,30248,,15911,County Championship Division Two 2023,1,34,Gloucestershire,40,Durham,2023-07-10T15:30:20Z,5,False,,,,120,Ben Raine,36,James Bracey,3559,Grant Roelofsen,225,63,Short Mid Wicket,0,0,0,0,,LengthBall,Null,NotOut,Played,0,ForwardDefensive,Null,Over,Fast,Right,Null,NotReferred,Null,False,False,False,False,False,False,10,False,False,False,False,False,False,0,0,0,0,0,False,False
773762,55,4.04,8.0,0.0,0.0,222.0,4.0,8.0,30248,,15911,County Championship Division Two 2023,1,34,Gloucestershire,40,Durham,2023-07-10T15:30:59Z,6,False,,,,120,Ben Raine,36,James Bracey,3559,Grant Roelofsen,162,138,Deep Backward Square Leg,1,0,1,1,,LengthBall,Null,NotOut,Played,0,Worked,Null,Round,Fast,Right,Null,NotReferred,Null,False,False,False,False,False,False,10,False,False,False,False,False,False,1,0,0,0,0,False,False
773768,56,4.05,5.0,0.0,0.0,227.0,4.0,5.0,30248,,15911,County Championship Division Two 2023,1,34,Gloucestershire,40,Durham,2023-07-10T15:31:58Z,1,False,,,,2673,Matthew Potts,36,James Bracey,3559,Grant Roelofsen,180,154,Deep Square Leg,2,0,2,2,,LengthBall,Null,NotOut,Played,0,Worked,Null,Round,Medium,Right,Null,NotReferred,Null,False,False,False,False,False,False,25,False,False,False,False,False,False,2,0,0,0,0,False,False
773768,56,4.05,5.0,0.0,0.0,227.0,4.0,5.0,30248,,15911,County Championship Division Two 2023,1,34,Gloucestershire,40,Durham,2023-07-10T15:32:35Z,2,False,,,,2673,Matthew Potts,36,James Bracey,3559,Grant Roelofsen,188,145,Deep Mid Wicket,1,0,1,1,,LengthBall,Null,NotOut,Played,0,Worked,Null,Round,Medium,Right,Null,NotReferred,Null,False,False,False,False,False,False,25,False,False,False,False,False,False,1,0,0,0,0,False,False
773768,56,4.05,5.0,0.0,0.0,227.0,4.0,5.0,30248,,15911,County Championship Division Two 2023,1,34,Gloucestershire,40,Durham,2023-07-10T15:33:17Z,3,False,,,,2673,Matthew Potts,3559,Grant Roelofsen,36,James Bracey,210,86,Extra Cover,1,0,1,1,,LengthBall,Null,NotOut,Played,0,Pushed,Null,Over,Medium,Right,Null,NotReferred,Null,False,False,False,False,False,False,25,False,False,False,False,False,False,1,0,0,0,0,False,False
773768,56,4.05,5.0,0.0,0.0,227.0,4.0,5.0,30248,,15911,County Championship Division Two 2023,1,34,Gloucestershire,40,Durham,2023-07-10T15:33:57Z,4,False,,,,2673,Matthew Potts,36,James Bracey,3559,Grant Roelofsen,270,40,Bowler,0,0,0,0,,Yorker,Null,NotOut,Played,0,ForwardDefensive,Null,Round,Medium,Right,Null,NotReferred,Null,False,False,False,False,False,False,25,False,False,False,False,False,False,0,0,0,0,0,False,False
773768,56,4.05,5.0,0.0,0.0,227.0,4.0,5.0,30248,,15911,County Championship Division Two 2023,1,34,Gloucestershire,40,Durham,2023-07-10T15:34:30Z,5,False,,,,2673,Matthew Potts,36,James Bracey,3559,Grant Roelofsen,244,93,Mid On,0,0,0,0,,FullToss,Null,NotOut,Played,0,Drive,Null,Round,Medium,Right,Null,NotReferred,Null,False,False,False,False,False,False,25,False,False,False,False,False,False,0,0,0,0,0,False,False
773768,56,4.05,5.0,0.0,0.0,227.0,4.0,5.0,30248,,15911,County Championship Division Two 2023,1,34,Gloucestershire,40,Durham,2023-07-10T15:35:05Z,6,False,,,,2673,Matthew Potts,36,James Bracey,3559,Grant Roelofsen,204,102,Mid Wicket,1,0,1,1,,Yorker,Null,NotOut,Played,0,Worked,Null,Round,Medium,Right,Null,NotReferred,Null,False,False,False,False,False,False,25,False,False,False,False,False,False,1,0,0,0,0,False,False
773775,57,4.05,4.0,0.0,0.0,231.0,4.0,4.0,30248,,15911,County Championship Division Two 2023,1,34,Gloucestershire,40,Durham,2023-07-10T15:36:14Z,1,False,,,,120,Ben Raine,36,James Bracey,3559,Grant Roelofsen,302,46,Silly Mid Off,0,0,0,0,,LengthBall,Null,NotOut,Played,0,ForwardDefensive,Null,Round,Fast,Right,Null,NotReferred,Null,False,False,False,False,False,False,10,False,False,False,False,False,False,0,0,0,0,0,False,False
773775,57,4.05,4.0,0.0,0.0,231.0,4.0,4.0,30248,,15911,County Championship Division Two 2023,1,34,Gloucestershire,40,Durham,2023-07-10T15:36:55Z,2,False,,,,120,Ben Raine,36,James Bracey,3559,Grant Roelofsen,215,73,Mid Wicket,0,0,0,0,,LengthBall,Null,NotOut,Played,0,Worked,Null,Round,Fast,Right,Null,NotReferred,Null,False,False,False,False,False,False,10,False,False,False,False,False,False,0,0,0,0,0,False,False
773775,57,4.05,4.0,0.0,0.0,231.0,4.0,4.0,30248,,15911,County Championship Division Two 2023,1,34,Gloucestershire,40,Durham,2023-07-10T15:37:43Z,3,False,,,,120,Ben Raine,36,James Bracey,3559,Grant Roelofsen,198,85,Mid Wicket,0,0,0,0,,LengthBall,Null,NotOut,Played,0,Worked,Null,Over,Fast,Right,Null,NotReferred,Null,False,False,False,False,False,False,10,False,False,False,False,False,False,0,0,0,0,0,False,False
773775,57,4.05,4.0,0.0,0.0,231.0,4.0,4.0,30248,,15911,County Championship Division Two 2023,1,34,Gloucestershire,40,Durham,2023-07-10T15:38:16Z,4,False,,,,120,Ben Raine,36,James Bracey,3559,Grant Roelofsen,346,200,Deep Cover,4,0,4,4,,LengthBall,Null,NotOut,HitHard,0,Drive,Null,Over,Fast,Right,Null,NotReferred,Null,False,False,False,False,False,False,10,False,False,False,False,False,False,4,0,0,0,0,False,True
773775,57,4.05,4.0,0.0,0.0,231.0,4.0,4.0,30248,,15911,County Championship Division Two 2023,1,34,Gloucestershire,40,Durham,2023-07-10T15:38:59Z,5,False,,,,120,Ben Raine,36,James Bracey,3559,Grant Roelofsen,326,40,Short Extra Cover,0,0,0,0,,LengthBall,Null,NotOut,Played,0,ForwardDefensive,Null,Over,Fast,Right,Null,NotReferred,Null,False,False,False,False,False,False,10,False,False,False,False,False,False,0,0,0,0,0,False,False
773775,57,4.05,4.0,0.0,0.0,231.0,4.0,4.0,30248,,15911,County Championship Division Two 2023,1,34,Gloucestershire,40,Durham,2023-07-10T15:39:31Z,6,False,,,,120,Ben Raine,36,James Bracey,3559,Grant Roelofsen,340,54,Point,0,0,0,0,,LengthBall,Null,NotOut,Played,0,ForwardDefensive,Null,Over,Fast,Right,Null,NotReferred,Null,False,False,False,False,False,False,10,False,False,False,False,False,False,0,0,0,0,0,False,False
773780,58,4.07,5.0,0.0,0.0,236.0,4.0,5.0,30248,,15911,County Championship Division Two 2023,1,34,Gloucestershire,40,Durham,2023-07-10T15:40:33Z,1,False,,,,2673,Matthew Potts,3559,Grant Roelofsen,36,James Bracey,240,94,Mid Off,1,0,1,1,,LengthBall,Null,NotOut,Played,0,Drive,Null,Over,Medium,Right,Null,NotReferred,Null,False,False,False,False,False,False,25,False,False,False,False,False,False,1,0,0,0,0,False,False
773780,58,4.07,5.0,0.0,0.0,236.0,4.0,5.0,30248,,15911,County Championship Division Two 2023,1,34,Gloucestershire,40,Durham,2023-07-10T15:41:15Z,2,False,,,,2673,Matthew Potts,36,James Bracey,3559,Grant Roelofsen,314,132,Deep Extra Cover,3,0,3,3,,LengthBall,Null,NotOut,Played,0,Drive,Null,Round,Medium,Right,Null,NotReferred,Null,False,False,False,False,False,False,25,False,False,False,False,False,False,3,0,0,0,0,False,False
773780,58,4.07,5.0,0.0,0.0,236.0,4.0,5.0,30248,,15911,County Championship Division Two 2023,1,34,Gloucestershire,40,Durham,2023-07-10T15:42:01Z,3,False,,,,2673,Matthew Potts,3559,Grant Roelofsen,36,James Bracey,90,48,Wicketkeeper,0,0,0,0,,LengthBall,Null,NotOut,Missed,0,ForwardDefensive,Null,Over,Medium,Right,Null,NotReferred,Null,False,False,False,False,False,False,25,False,False,False,False,False,False,0,0,0,0,0,False,False
773780,58,4.07,5.0,0.0,0.0,236.0,4.0,5.0,30248,,15911,County Championship Division Two 2023,1,34,Gloucestershire,40,Durham,2023-07-10T15:42:34Z,4,False,,,,2673,Matthew Potts,3559,Grant Roelofsen,36,James Bracey,242,96,Mid Off,0,0,0,0,,LengthBall,Null,NotOut,Played,0,Drive,Null,Over,Medium,Right,Null,NotReferred,Null,False,False,False,False,False,False,25,False,False,False,False,False,False,0,0,0,0,0,False,False
773780,58,4.07,5.0,0.0,0.0,236.0,4.0,5.0,30248,,15911,County Championship Division Two 2023,1,34,Gloucestershire,40,Durham,2023-07-10T15:43:13Z,5,False,,,,2673,Matthew Potts,3559,Grant Roelofsen,36,James Bracey,205,43,Short Extra Cover,0,0,0,0,,LengthBall,Null,NotOut,Played,0,ForwardDefensive,Null,Over,Medium,Right,Null,NotReferred,Null,False,False,False,False,False,False,25,False,False,False,False,False,False,0,0,0,0,0,False,False
773780,58,4.07,5.0,0.0,0.0,236.0,4.0,5.0,30248,,15911,County Championship Division Two 2023,1,34,Gloucestershire,40,Durham,2023-07-10T15:43:47Z,6,False,,,,2673,Matthew Potts,3559,Grant Roelofsen,36,James Bracey,40,140,Fine Leg,1,0,1,1,,LengthBall,Null,NotOut,Played,0,Glance,Null,Over,Medium,Right,Null,NotReferred,Null,False,False,False,False,False,False,25,False,False,False,False,False,False,1,0,0,0,0,False,False
773786,59,4.02,1.0,0.0,0.0,237.0,4.0,1.0,30248,,15911,County Championship Division Two 2023,1,34,Gloucestershire,40,Durham,2023-07-10T15:45:08Z,1,False,,,,120,Ben Raine,3559,Grant Roelofsen,36,James Bracey,204,42,Short Extra Cover,0,0,0,0,,LengthBall,Null,NotOut,Played,0,ForwardDefensive,Null,Over,Fast,Right,Null,NotReferred,Null,False,False,False,False,False,False,10,False,False,False,False,False,False,0,0,0,0,0,False,False
773786,59,4.02,1.0,0.0,0.0,237.0,4.0,1.0,30248,,15911,County Championship Division Two 2023,1,34,Gloucestershire,40,Durham,2023-07-10T15:45:47Z,2,False,,,,120,Ben Raine,3559,Grant Roelofsen,36,James Bracey,90,48,Wicketkeeper,0,0,0,0,,LengthBall,Null,NotOut,NoShot,0,Leave,Null,Over,Fast,Right,Null,NotReferred,Null,False,False,False,False,False,False,10,False,False,False,False,False,False,0,0,0,0,0,False,False
773786,59,4.02,1.0,0.0,0.0,237.0,4.0,1.0,30248,,15911,County Championship Division Two 2023,1,34,Gloucestershire,40,Durham,2023-07-10T15:46:23Z,3,False,,,,120,Ben Raine,3559,Grant Roelofsen,36,James Bracey,237,98,Mid Off,0,0,0,0,,LengthBall,Null,NotOut,Played,0,Drive,Null,Over,Fast,Right,Null,NotReferred,Null,False,False,False,False,False,False,10,False,False,False,False,False,False,0,0,0,0,0,False,False
773786,59,4.02,1.0,0.0,0.0,237.0,4.0,1.0,30248,,15911,County Championship Division Two 2023,1,34,Gloucestershire,40,Durham,2023-07-10T15:47:01Z,4,False,,,,120,Ben Raine,3559,Grant Roelofsen,36,James Bracey,90,48,Wicketkeeper,0,0,0,0,,Short,Null,NotOut,Missed,0,Pull,Null,Over,Fast,Right,Null,NotReferred,Null,False,False,False,False,False,False,10,False,False,False,False,False,False,0,0,0,0,0,False,False
773786,59,4.02,1.0,0.0,0.0,237.0,4.0,1.0,30248,,15911,County Championship Division Two 2023,1,34,Gloucestershire,40,Durham,2023-07-10T15:47:39Z,5,False,,,,120,Ben Raine,3559,Grant Roelofsen,36,James Bracey,28,136,Fine Leg,1,0,1,1,,Short,Null,NotOut,Played,0,Hook,Null,Over,Fast,Right,Null,NotReferred,Null,False,False,False,False,True,False,10,False,False,False,False,False,False,1,0,0,0,0,False,False
773786,59,4.02,1.0,0.0,0.0,237.0,4.0,1.0,30248,,15911,County Championship Division Two 2023,1,34,Gloucestershire,40,Durham,2023-07-10T15:48:34Z,6,False,,,,120,Ben Raine,36,James Bracey,3559,Grant Roelofsen,343,61,Point,0,0,0,0,,LengthBall,Null,NotOut,Played,0,ForwardDefensive,Null,Round,Fast,Right,Null,NotReferred,Null,False,False,False,False,False,False,10,False,False,False,False,False,False,0,0,0,0,0,False,False
773794,60,4.1,9.0,0.0,0.0,246.0,4.0,9.0,30248,,15911,County Championship Division Two 2023,1,34,Gloucestershire,40,Durham,2023-07-10T15:49:43Z,1,False,,,,2675,Migael Pretorius,3559,Grant Roelofsen,36,James Bracey,90,48,Wicketkeeper,0,0,0,0,,LengthBall,Null,NotOut,Missed,0,Drive,Null,Over,Medium,Right,Null,NotReferred,Null,False,False,False,False,False,False,25,False,False,False,False,False,False,0,0,0,0,0,False,False
773794,60,4.1,9.0,0.0,0.0,246.0,4.0,9.0,30248,,15911,County Championship Division Two 2023,1,34,Gloucestershire,40,Durham,2023-07-10T15:50:15Z,2,False,,,,2675,Migael Pretorius,3559,Grant Roelofsen,36,James Bracey,182,191,Deep Point,4,0,4,4,,LengthBall,Null,NotOut,HitHard,0,Drive,Null,Over,Medium,Right,Null,NotReferred,Null,False,False,False,False,False,False,25,False,False,False,False,False,False,4,0,0,0,0,False,True
773794,60,4.1,9.0,0.0,0.0,246.0,4.0,9.0,30248,,15911,County Championship Division Two 2023,1,34,Gloucestershire,40,Durham,2023-07-10T15:50:59Z,3,False,,,,2675,Migael Pretorius,3559,Grant Roelofsen,36,James Bracey,90,48,Wicketkeeper,0,0,0,0,,LengthBall,Null,NotOut,NoShot,0,Leave,Null,Over,Medium,Right,Null,NotReferred,Null,False,False,False,False,False,False,25,False,False,False,False,False,False,0,0,0,0,0,False,False
773794,60,4.1,9.0,0.0,0.0,246.0,4.0,9.0,30248,,15911,County Championship Division Two 2023,1,34,Gloucestershire,40,Durham,2023-07-10T15:51:46Z,4,False,,,,2675,Migael Pretorius,3559,Grant Roelofsen,36,James Bracey,193,150,Deep Cover,1,0,1,1,,LengthBall,Null,NotOut,Played,0,Drive,Null,Over,Medium,Right,Null,NotReferred,Null,False,False,False,False,False,False,25,False,False,False,False,False,False,1,0,0,0,0,False,False
773794,60,4.1,9.0,0.0,0.0,246.0,4.0,9.0,30248,,15911,County Championship Division Two 2023,1,34,Gloucestershire,40,Durham,2023-07-10T15:52:49Z,5,False,,,,2675,Migael Pretorius,36,James Bracey,3559,Grant Roelofsen,270,40,Bowler,0,0,0,0,,LengthBall,Null,NotOut,Played,0,ForwardDefensive,Null,Round,Medium,Right,Null,NotReferred,Null,False,False,False,False,False,False,25,False,False,False,False,False,False,0,0,0,0,0,False,False
773794,60,4.1,9.0,0.0,0.0,246.0,4.0,9.0,30248,,15911,County Championship Division Two 2023,1,34,Gloucestershire,40,Durham,2023-07-10T15:53:21Z,6,False,,,,2675,Migael Pretorius,36,James Bracey,3559,Grant Roelofsen,318,207,Deep Extra Cover,4,0,4,4,,FullToss,Null,NotOut,HitHard,0,Drive,Null,Round,Medium,Right,Null,NotReferred,Null,False,False,False,False,False,False,25,False,False,False,False,False,False,4,0,0,0,0,False,True
773800,61,4.08,3.0,0.0,0.0,249.0,4.0,3.0,30248,,15911,County Championship Division Two 2023,1,34,Gloucestershire,40,Durham,2023-07-10T15:54:46Z,1,False,,,,248,Matt Parkinson,3559,Grant Roelofsen,36,James Bracey,297,94,Mid On,1,0,1,1,,LengthBall,Null,NotOut,Played,0,Drive,Null,Over,LegSpin,Right,Null,NotReferred,Null,False,False,False,False,False,False,10,False,False,False,False,False,False,1,0,0,0,0,False,False
773800,61,4.08,3.0,0.0,0.0,249.0,4.0,3.0,30248,,15911,County Championship Division Two 2023,1,34,Gloucestershire,40,Durham,2023-07-10T15:55:24Z,2,False,,,,248,Matt Parkinson,36,James Bracey,3559,Grant Roelofsen,162,95,Backward Square Leg,0,0,0,0,,LengthBall,Null,NotOut,Played,0,Worked,Null,Over,LegSpin,Right,Null,NotReferred,Null,False,False,False,False,False,False,10,False,False,False,False,False,False,0,0,0,0,0,False,False
773800,61,4.08,3.0,0.0,0.0,249.0,4.0,3.0,30248,,15911,County Championship Division Two 2023,1,34,Gloucestershire,40,Durham,2023-07-10T15:55:47Z,3,False,,,,248,Matt Parkinson,36,James Bracey,3559,Grant Roelofsen,319,173,Deep Extra Cover,2,0,2,2,,LengthBall,Null,NotOut,Played,0,Drive,Null,Over,LegSpin,Right,Null,NotReferred,Null,False,False,False,False,False,False,10,False,False,False,False,False,False,2,0,0,0,0,False,False
773800,61,4.08,3.0,0.0,0.0,249.0,4.0,3.0,30248,,15911,County Championship Division Two 2023,1,34,Gloucestershire,40,Durham,2023-07-10T15:56:21Z,4,False,,,,248,Matt Parkinson,36,James Bracey,3559,Grant Roelofsen,218,69,Mid Wicket,0,0,0,0,,LengthBall,Null,NotOut,Played,0,BackwardDefensive,Null,Over,LegSpin,Right,Null,NotReferred,Null,False,False,False,False,False,False,10,False,False,False,False,False,False,0,0,0,0,0,False,False
773800,61,4.08,3.0,0.0,0.0,249.0,4.0,3.0,30248,,15911,County Championship Division Two 2023,1,34,Gloucestershire,40,Durham,2023-07-10T15:56:44Z,5,False,,,,248,Matt Parkinson,36,James Bracey,3559,Grant Roelofsen,270,40,Bowler,0,0,0,0,,LengthBall,Null,NotOut,Played,0,ForwardDefensive,Null,Over,LegSpin,Right,Null,NotReferred,Null,False,False,False,False,False,False,10,False,False,False,False,False,False,0,0,0,0,0,False,False
773800,61,4.08,3.0,0.0,0.0,249.0,4.0,3.0,30248,,15911,County Championship Division Two 2023,1,34,Gloucestershire,40,Durham,2023-07-10T15:57:00Z,6,False,,,,248,Matt Parkinson,36,James Bracey,3559,Grant Roelofsen,241,98,Mid On,0,0,0,0,,FullToss,Null,NotOut,Played,0,Worked,Null,Over,LegSpin,Right,Null,NotReferred,Null,False,False,False,False,False,False,10,False,False,False,False,False,False,0,0,0,0,0,False,False
773805,62,4.11,6.0,0.0,0.0,255.0,4.0,6.0,30248,,15911,County Championship Division Two 2023,1,34,Gloucestershire,40,Durham,2023-07-10T15:58:08Z,1,False,,,,2675,Migael Pretorius,3559,Grant Roelofsen,36,James Bracey,185,140,Deep Point,1,0,1,1,,BackOfALength,Null,NotOut,Played,0,Cut,Null,Over,Medium,Right,Null,NotReferred,Null,False,False,False,False,False,False,25,False,False,False,False,False,False,1,0,0,0,0,False,False
773805,62,4.11,6.0,0.0,0.0,255.0,4.0,6.0,30248,,15911,County Championship Division Two 2023,1,34,Gloucestershire,40,Durham,2023-07-10T15:59:15Z,2,False,,,,2675,Migael Pretorius,36,James Bracey,3559,Grant Roelofsen,284,183,Long Off,4,0,4,4,,LengthBall,Null,NotOut,Played,0,Drive,Null,Over,Medium,Right,Null,NotReferred,Null,False,False,False,False,False,False,25,False,False,False,False,False,False,4,0,0,0,0,False,True
773805,62,4.11,6.0,0.0,0.0,255.0,4.0,6.0,30248,,15911,County Championship Division Two 2023,1,34,Gloucestershire,40,Durham,2023-07-10T15:59:52Z,3,False,,,,2675,Migael Pretorius,36,James Bracey,3559,Grant Roelofsen,20,71,Backward Point,0,0,0,0,,LengthBall,Null,NotOut,Played,0,Steer,Null,Over,Medium,Right,Null,NotReferred,Null,False,False,False,False,False,False,25,False,False,False,False,False,False,0,0,0,0,0,False,False
773805,62,4.11,6.0,0.0,0.0,255.0,4.0,6.0,30248,,15911,County Championship Division Two 2023,1,34,Gloucestershire,40,Durham,2023-07-10T16:00:23Z,4,False,,,,2675,Migael Pretorius,36,James Bracey,3559,Grant Roelofsen,276,73,Silly Mid Off,0,0,0,0,,LengthBall,Null,NotOut,Played,0,ForwardDefensive,Null,Over,Medium,Right,Null,NotReferred,Null,False,False,False,False,False,False,25,False,False,False,False,False,False,0,0,0,0,0,False,False
773805,62,4.11,6.0,0.0,0.0,255.0,4.0,6.0,30248,,15911,County Championship Division Two 2023,1,34,Gloucestershire,40,Durham,2023-07-10T16:00:56Z,5,False,,,,2675,Migael Pretorius,36,James Bracey,3559,Grant Roelofsen,326,62,Short Extra Cover,0,0,0,0,,LengthBall,Null,NotOut,Played,0,Drive,Null,Over,Medium,Right,Null,NotReferred,Null,False,False,False,False,False,False,25,False,False,False,False,False,False,0,0,0,0,0,False,False
773805,62,4.11,6.0,0.0,0.0,255.0,4.0,6.0,30248,,15911,County Championship Division Two 2023,1,34,Gloucestershire,40,Durham,2023-07-10T16:01:32Z,6,False,,,,2675,Migael Pretorius,36,James Bracey,3559,Grant Roelofsen,140,142,Fine Leg,1,0,1,1,,LengthBall,Null,NotOut,Played,0,Worked,Null,Over,Medium,Right,Null,NotReferred,Null,False,False,False,False,False,False,25,False,False,False,False,False,False,1,0,0,0,0,False,False
773810,63,4.06,1.0,1.0,0.0,256.0,5.0,1.0,30248,,15911,County Championship Division Two 2023,1,34,Gloucestershire,40,Durham,2023-07-10T16:02:26Z,1,False,,,,248,Matt Parkinson,36,James Bracey,3559,Grant Roelofsen,270,40,Bowler,0,0,0,0,,LengthBall,Null,NotOut,Played,0,ForwardDefensive,Null,Over,LegSpin,Right,Null,NotReferred,Null,False,False,False,False,False,False,10,False,False,False,False,False,False,0,0,0,0,0,False,False
773810,63,4.06,1.0,1.0,0.0,256.0,5.0,1.0,30248,,15911,County Championship Division Two 2023,1,34,Gloucestershire,40,Durham,2023-07-10T16:02:47Z,2,False,,,,248,Matt Parkinson,36,James Bracey,3559,Grant Roelofsen,303,140,Long Off,1,0,1,1,,LengthBall,Null,NotOut,Played,0,Drive,Null,Over,LegSpin,Right,Null,NotReferred,Null,False,False,False,False,False,False,10,False,False,False,False,False,False,1,0,0,0,0,False,False
773810,63,4.06,1.0,1.0,0.0,256.0,5.0,1.0,30248,,15911,County Championship Division Two 2023,1,34,Gloucestershire,40,Durham,2023-07-10T16:03:14Z,3,True,Bowled,3559.0,Grant Roelofsen,248,Matt Parkinson,3559,Grant Roelofsen,36,James Bracey,0,0,,0,0,0,0,Bowled,FullToss,Null,NotOut,Missed,0,Slog,Null,Over,LegSpin,Right,Out1stUmpire,NotReferred,Null,False,False,False,False,False,False,25,False,False,False,False,False,False,0,0,0,0,0,False,False
773810,63,4.06,1.0,1.0,0.0,256.0,5.0,1.0,30248,,15911,County Championship Division Two 2023,1,34,Gloucestershire,40,Durham,2023-07-10T16:05:24Z,4,False,,,,248,Matt Parkinson,4202,Zafar Gohar,36,James Bracey,236,45,Silly Mid On,0,0,0,0,,LengthBall,Null,NotOut,Played,0,ForwardDefensive,Null,Over,LegSpin,Right,Null,NotReferred,Null,False,False,False,False,False,False,10,False,False,False,False,False,False,0,0,0,0,0,False,False
773810,63,4.06,1.0,1.0,0.0,256.0,5.0,1.0,30248,,15911,County Championship Division Two 2023,1,34,Gloucestershire,40,Durham,2023-07-10T16:05:40Z,5,False,,,,248,Matt Parkinson,4202,Zafar Gohar,36,James Bracey,323,27,Silly Point,0,0,0,0,,LengthBall,Null,NotOut,Played,0,ForwardDefensive,Null,Over,LegSpin,Right,Null,NotReferred,Null,False,False,False,False,False,False,10,False,False,False,False,False,False,0,0,0,0,0,False,False
773810,63,4.06,1.0,1.0,0.0,256.0,5.0,1.0,30248,,15911,County Championship Division Two 2023,1,34,Gloucestershire,40,Durham,2023-07-10T16:06:01Z,6,False,,,,248,Matt Parkinson,4202,Zafar Gohar,36,James Bracey,310,18,Silly Point,0,0,0,0,,LengthBall,Null,NotOut,Played,0,ForwardDefensive,Null,Over,LegSpin,Right,Null,NotReferred,Null,False,False,False,False,False,False,10,False,False,False,False,False,False,0,0,0,0,0,False,False
773815,64,4.05,3.0,0.0,0.0,259.0,5.0,3.0,30248,,15911,County Championship Division Two 2023,1,34,Gloucestershire,40,Durham,2023-07-10T16:07:11Z,1,False,,,,2470,Scott Borthwick,36,James Bracey,4202,Zafar Gohar,171,96,Backward Square Leg,1,0,1,1,,LengthBall,Null,NotOut,Played,0,Worked,Null,Over,LegSpin,Right,Null,NotReferred,Null,False,False,False,False,False,False,25,False,False,False,False,False,False,1,0,0,0,0,False,False
773815,64,4.05,3.0,0.0,0.0,259.0,5.0,3.0,30248,,15911,County Championship Division Two 2023,1,34,Gloucestershire,40,Durham,2023-07-10T16:07:41Z,2,False,,,,2470,Scott Borthwick,4202,Zafar Gohar,36,James Bracey,192,107,Mid Wicket,1,0,1,1,,LengthBall,Null,NotOut,Played,0,Worked,Null,Over,LegSpin,Right,Null,NotReferred,Null,False,False,False,False,False,False,25,False,False,False,False,False,False,1,0,0,0,0,False,False
773815,64,4.05,3.0,0.0,0.0,259.0,5.0,3.0,30248,,15911,County Championship Division Two 2023,1,34,Gloucestershire,40,Durham,2023-07-10T16:08:11Z,3,False,,,,2470,Scott Borthwick,36,James Bracey,4202,Zafar Gohar,270,40,Bowler,0,0,0,0,,LengthBall,Null,NotOut,Played,0,BackwardDefensive,Null,Over,LegSpin,Right,Null,NotReferred,Null,False,False,False,False,False,False,25,False,False,False,False,False,False,0,0,0,0,0,False,False
773815,64,4.05,3.0,0.0,0.0,259.0,5.0,3.0,30248,,15911,County Championship Division Two 2023,1,34,Gloucestershire,40,Durham,2023-07-10T16:08:18Z,4,False,,,,2470,Scott Borthwick,36,James Bracey,4202,Zafar Gohar,270,40,Bowler,0,0,0,0,,LengthBall,Null,NotOut,Played,0,BackwardDefensive,Null,Over,LegSpin,Right,Null,NotReferred,Null,False,False,False,False,False,False,25,False,False,False,False,False,False,0,0,0,0,0,False,False
773815,64,4.05,3.0,0.0,0.0,259.0,5.0,3.0,30248,,15911,County Championship Division Two 2023,1,34,Gloucestershire,40,Durham,2023-07-10T16:08:35Z,5,False,,,,2470,Scott Borthwick,36,James Bracey,4202,Zafar Gohar,19,82,Backward Point,1,0,1,1,,LengthBall,Null,NotOut,Played,0,Steer,Null,Over,LegSpin,Right,Null,NotReferred,Null,False,False,False,False,False,False,25,False,False,False,False,False,False,1,0,0,0,0,False,False
773815,64,4.05,3.0,0.0,0.0,259.0,5.0,3.0,30248,,15911,County Championship Division Two 2023,1,34,Gloucestershire,40,Durham,2023-07-10T16:09:01Z,6,False,,,,2470,Scott Borthwick,4202,Zafar Gohar,36,James Bracey,8,35,Gully,0,0,0,0,,LengthBall,Null,NotOut,Played,0,BackwardDefensive,Null,Over,LegSpin,Right,Null,NotReferred,Null,False,False,False,False,False,False,25,False,False,False,False,False,False,0,0,0,0,0,False,False
773833,65,3.98,0.0,0.0,0.0,259.0,5.0,0.0,30248,,15911,County Championship Division Two 2023,1,34,Gloucestershire,40,Durham,2023-07-10T16:33:44Z,1,False,,,,248,Matt Parkinson,36,James Bracey,4202,Zafar Gohar,239,61,Silly Mid On,0,0,0,0,,LengthBall,Null,NotOut,Played,0,ForwardDefensive,Null,Over,LegSpin,Right,Null,NotReferred,Null,False,False,False,False,False,False,10,False,False,False,False,False,False,0,0,0,0,0,False,False
773833,65,3.98,0.0,0.0,0.0,259.0,5.0,0.0,30248,,15911,County Championship Division Two 2023,1,34,Gloucestershire,40,Durham,2023-07-10T16:34:02Z,2,False,,,,248,Matt Parkinson,36,James Bracey,4202,Zafar Gohar,270,40,Bowler,0,0,0,0,,LengthBall,Null,NotOut,Played,0,ForwardDefensive,Null,Over,LegSpin,Right,Null,NotReferred,Null,False,False,False,False,False,False,10,False,False,False,False,False,False,0,0,0,0,0,False,False
773833,65,3.98,0.0,0.0,0.0,259.0,5.0,0.0,30248,,15911,County Championship Division Two 2023,1,34,Gloucestershire,40,Durham,2023-07-10T16:34:19Z,3,False,,,,248,Matt Parkinson,36,James Bracey,4202,Zafar Gohar,270,40,Bowler,0,0,0,0,,LengthBall,Null,NotOut,Played,0,ForwardDefensive,Null,Over,LegSpin,Right,Null,NotReferred,Null,False,False,False,False,False,False,10,False,False,False,False,False,False,0,0,0,0,0,False,False
773833,65,3.98,0.0,0.0,0.0,259.0,5.0,0.0,30248,,15911,County Championship Division Two 2023,1,34,Gloucestershire,40,Durham,2023-07-10T16:34:39Z,4,False,,,,248,Matt Parkinson,36,James Bracey,4202,Zafar Gohar,270,40,Bowler,0,0,0,0,,LengthBall,Null,NotOut,Played,0,Drive,Null,Over,LegSpin,Right,Null,NotReferred,Null,False,False,False,False,False,False,10,False,False,False,False,False,False,0,0,0,0,0,False,False
773833,65,3.98,0.0,0.0,0.0,259.0,5.0,0.0,30248,,15911,County Championship Division Two 2023,1,34,Gloucestershire,40,Durham,2023-07-10T16:35:00Z,5,False,,,,248,Matt Parkinson,36,James Bracey,4202,Zafar Gohar,155,76,Leg Gully,0,0,0,0,,LengthBall,Null,NotOut,Played,0,Worked,Null,Over,LegSpin,Right,Null,NotReferred,Null,False,False,False,False,False,False,10,False,False,False,False,False,False,0,0,0,0,0,False,False
773833,65,3.98,0.0,0.0,0.0,259.0,5.0,0.0,30248,,15911,County Championship Division Two 2023,1,34,Gloucestershire,40,Durham,2023-07-10T16:35:18Z,6,False,,,,248,Matt Parkinson,36,James Bracey,4202,Zafar Gohar,246,91,Mid On,0,0,0,0,,LengthBall,Null,NotOut,Played,0,Drive,Null,Over,LegSpin,Right,Null,NotReferred,Null,False,False,False,False,False,False,10,False,False,False,False,False,False,0,0,0,0,0,False,False
773838,66,3.95,2.0,0.0,0.0,261.0,5.0,2.0,30248,,15911,County Championship Division Two 2023,1,34,Gloucestershire,40,Durham,2023-07-10T16:36:19Z,1,False,,,,120,Ben Raine,4202,Zafar Gohar,36,James Bracey,332,65,Short Extra Cover,0,0,0,0,,LengthBall,Null,NotOut,Played,0,ForwardDefensive,Null,Over,Fast,Right,Null,NotReferred,Null,False,False,False,False,False,False,25,False,False,False,False,False,False,0,0,0,0,0,False,False
773838,66,3.95,2.0,0.0,0.0,261.0,5.0,2.0,30248,,15911,County Championship Division Two 2023,1,34,Gloucestershire,40,Durham,2023-07-10T16:36:52Z,2,False,,,,120,Ben Raine,4202,Zafar Gohar,36,James Bracey,359,157,Deep Point,2,0,2,2,,LengthBall,Null,NotOut,Played,0,Drive,Null,Over,Fast,Right,Null,NotReferred,Null,False,False,False,False,False,False,25,False,False,False,False,False,False,2,0,0,0,0,False,False
773838,66,3.95,2.0,0.0,0.0,261.0,5.0,2.0,30248,,15911,County Championship Division Two 2023,1,34,Gloucestershire,40,Durham,2023-07-10T16:37:32Z,3,False,,,,120,Ben Raine,4202,Zafar Gohar,36,James Bracey,2,52,Point,0,0,0,0,,LengthBall,Null,NotOut,Played,0,ForwardDefensive,Null,Over,Fast,Right,Null,NotReferred,Null,False,False,False,False,False,False,25,False,False,False,False,False,False,0,0,0,0,0,False,False
773838,66,3.95,2.0,0.0,0.0,261.0,5.0,2.0,30248,,15911,County Championship Division Two 2023,1,34,Gloucestershire,40,Durham,2023-07-10T16:38:01Z,4,False,,,,120,Ben Raine,4202,Zafar Gohar,36,James Bracey,325,21,Silly Point,0,0,0,0,,LengthBall,Null,NotOut,Played,0,ForwardDefensive,Null,Over,Fast,Right,Null,NotReferred,Null,False,False,False,False,False,False,25,False,False,False,False,False,False,0,0,0,0,0,False,False
773838,66,3.95,2.0,0.0,0.0,261.0,5.0,2.0,30248,,15911,County Championship Division Two 2023,1,34,Gloucestershire,40,Durham,2023-07-10T16:38:41Z,5,False,,,,120,Ben Raine,4202,Zafar Gohar,36,James Bracey,302,100,Mid Off,0,0,0,0,,LengthBall,Null,NotOut,Played,0,Drive,Null,Over,Fast,Right,Null,NotReferred,Null,False,False,False,False,False,False,25,False,False,False,False,False,False,0,0,0,0,0,False,False
773838,66,3.95,2.0,0.0,0.0,261.0,5.0,2.0,30248,,15911,County Championship Division Two 2023,1,34,Gloucestershire,40,Durham,2023-07-10T16:39:14Z,6,False,,,,120,Ben Raine,4202,Zafar Gohar,36,James Bracey,90,48,Wicketkeeper,0,0,0,0,,Short,Null,NotOut,NoShot,0,Leave,Null,Over,Fast,Right,Null,NotReferred,Null,False,False,False,False,False,False,25,False,False,False,False,False,False,0,0,0,0,0,False,False
773844,67,3.9,0.0,1.0,0.0,261.0,6.0,0.0,30248,,15911,County Championship Division Two 2023,1,34,Gloucestershire,40,Durham,2023-07-10T16:39:56Z,1,False,,,,248,Matt Parkinson,36,James Bracey,4202,Zafar Gohar,202,88,Mid Wicket,0,0,0,0,,LengthBall,Null,NotOut,Played,0,Worked,Null,Over,LegSpin,Right,Null,NotReferred,Null,False,False,False,False,False,False,10,False,False,False,False,False,False,0,0,0,0,0,False,False
773844,67,3.9,0.0,1.0,0.0,261.0,6.0,0.0,30248,,15911,County Championship Division Two 2023,1,34,Gloucestershire,40,Durham,2023-07-10T16:40:08Z,2,True,Bowled,36.0,James Bracey,248,Matt Parkinson,36,James Bracey,4202,Zafar Gohar,0,0,,0,0,0,0,Bowled,LengthBall,Null,NotOut,Missed,0,Drive,Null,Over,LegSpin,Right,Out1stUmpire,NotReferred,Null,False,False,False,False,False,False,25,False,False,False,False,False,False,0,0,0,0,0,False,False
773844,67,3.9,0.0,1.0,0.0,261.0,6.0,0.0,30248,,15911,County Championship Division Two 2023,1,34,Gloucestershire,40,Durham,2023-07-10T16:41:50Z,3,False,,,,248,Matt Parkinson,455,Josh Shaw,4202,Zafar Gohar,90,48,Wicketkeeper,0,0,0,0,,LengthBall,Null,NotOut,NoShot,0,Leave,Null,Over,LegSpin,Right,Null,NotReferred,Null,False,False,False,False,False,False,10,False,False,False,False,False,False,0,0,0,0,0,False,False
773844,67,3.9,0.0,1.0,0.0,261.0,6.0,0.0,30248,,15911,County Championship Division Two 2023,1,34,Gloucestershire,40,Durham,2023-07-10T16:42:10Z,4,False,,,,248,Matt Parkinson,455,Josh Shaw,4202,Zafar Gohar,90,48,Wicketkeeper,0,0,0,0,,LengthBall,Null,NotOut,NoShot,0,Leave,Null,Over,LegSpin,Right,Null,NotReferred,Null,False,False,False,False,False,False,10,False,False,False,False,False,False,0,0,0,0,0,False,False
773844,67,3.9,0.0,1.0,0.0,261.0,6.0,0.0,30248,,15911,County Championship Division Two 2023,1,34,Gloucestershire,40,Durham,2023-07-10T16:42:29Z,5,False,,,,248,Matt Parkinson,455,Josh Shaw,4202,Zafar Gohar,211,24,Silly Point,0,0,0,0,,LengthBall,Null,NotOut,Played,0,ForwardDefensive,Null,Over,LegSpin,Right,Null,NotReferred,Null,False,False,False,False,False,False,10,False,False,False,False,False,False,0,0,0,0,0,False,False
773844,67,3.9,0.0,1.0,0.0,261.0,6.0,0.0,30248,,15911,County Championship Division Two 2023,1,34,Gloucestershire,40,Durham,2023-07-10T16:42:47Z,6,False,,,,248,Matt Parkinson,455,Josh Shaw,4202,Zafar Gohar,231,33,Silly Point,0,0,0,0,,LengthBall,Null,NotOut,Played,0,ForwardDefensive,Null,Over,LegSpin,Right,Null,NotReferred,Null,False,False,False,False,False,False,10,False,False,False,False,False,False,0,0,0,0,0,False,False
773848,68,3.84,0.0,0.0,0.0,261.0,6.0,0.0,30248,,15911,County Championship Division Two 2023,1,34,Gloucestershire,40,Durham,2023-07-10T16:43:24Z,1,False,,,,120,Ben Raine,4202,Zafar Gohar,455,Josh Shaw,90,48,Wicketkeeper,0,0,0,0,,BackOfALength,Null,NotOut,Missed,0,Cut,Null,Round,Fast,Right,Null,NotReferred,Null,False,False,False,False,False,False,25,False,False,False,False,False,False,0,0,0,0,0,False,False
773848,68,3.84,0.0,0.0,0.0,261.0,6.0,0.0,30248,,15911,County Championship Division Two 2023,1,34,Gloucestershire,40,Durham,2023-07-10T16:43:55Z,2,False,,,,120,Ben Raine,4202,Zafar Gohar,455,Josh Shaw,313,35,Short Extra Cover,0,0,0,0,,LengthBall,Null,NotOut,Played,0,ForwardDefensive,Null,Round,Fast,Right,Null,NotReferred,Null,False,False,False,False,False,False,25,False,False,False,False,False,False,0,0,0,0,0,False,False
773848,68,3.84,0.0,0.0,0.0,261.0,6.0,0.0,30248,,15911,County Championship Division Two 2023,1,34,Gloucestershire,40,Durham,2023-07-10T16:44:25Z,3,False,,,,120,Ben Raine,4202,Zafar Gohar,455,Josh Shaw,34,46,Fourth Slip,0,0,0,0,,BackOfALength,Null,NotOut,MisTimed,0,Cut,Null,Round,Fast,Right,Null,NotReferred,Null,False,False,False,False,False,False,25,False,False,False,False,False,False,0,0,0,0,0,False,False
773848,68,3.84,0.0,0.0,0.0,261.0,6.0,0.0,30248,,15911,County Championship Division Two 2023,1,34,Gloucestershire,40,Durham,2023-07-10T16:45:00Z,4,False,,,,120,Ben Raine,4202,Zafar Gohar,455,Josh Shaw,90,48,Wicketkeeper,0,0,0,0,,Short,Null,NotOut,NoShot,0,Leave,Null,Round,Fast,Right,Null,NotReferred,Null,False,False,False,False,False,False,25,False,False,False,False,False,False,0,0,0,0,0,False,False
773848,68,3.84,0.0,0.0,0.0,261.0,6.0,0.0,30248,,15911,County Championship Division Two 2023,1,34,Gloucestershire,40,Durham,2023-07-10T16:45:32Z,5,False,,,,120,Ben Raine,4202,Zafar Gohar,455,Josh Shaw,347,43,Point,0,0,0,0,,LengthBall,Null,NotOut,Played,0,BackwardDefensive,Null,Round,Fast,Right,Null,NotReferred,Null,False,False,False,False,False,False,25,False,False,False,False,False,False,0,0,0,0,0,False,False
773848,68,3.84,0.0,0.0,0.0,261.0,6.0,0.0,30248,,15911,County Championship Division Two 2023,1,34,Gloucestershire,40,Durham,2023-07-10T16:46:07Z,6,False,,,,120,Ben Raine,4202,Zafar Gohar,455,Josh Shaw,270,40,Bowler,0,0,0,0,,LengthBall,Null,NotOut,Played,0,Drive,Null,Round,Fast,Right,Null,NotReferred,Null,False,False,False,False,False,False,25,False,False,False,False,False,False,0,0,0,0,0,False,False
773855,69,3.78,0.0,0.0,0.0,261.0,6.0,0.0,30248,,15911,County Championship Division Two 2023,1,34,Gloucestershire,40,Durham,2023-07-10T16:46:55Z,1,False,,,,248,Matt Parkinson,455,Josh Shaw,4202,Zafar Gohar,330,28,Short Leg,0,0,0,0,,LengthBall,Null,NotOut,Played,0,ForwardDefensive,Null,Over,LegSpin,Right,Null,NotReferred,Null,False,False,False,False,False,False,10,False,False,False,False,False,False,0,0,0,0,0,False,False
773855,69,3.78,0.0,0.0,0.0,261.0,6.0,0.0,30248,,15911,County Championship Division Two 2023,1,34,Gloucestershire,40,Durham,2023-07-10T16:47:12Z,2,False,,,,248,Matt Parkinson,455,Josh Shaw,4202,Zafar Gohar,225,65,Short Extra Cover,0,0,0,0,,LengthBall,Null,NotOut,Played,0,ForwardDefensive,Null,Over,LegSpin,Right,Null,NotReferred,Null,False,False,False,False,False,False,10,False,False,False,False,False,False,0,0,0,0,0,False,False
773855,69,3.78,0.0,0.0,0.0,261.0,6.0,0.0,30248,,15911,County Championship Division Two 2023,1,34,Gloucestershire,40,Durham,2023-07-10T16:47:29Z,3,False,,,,248,Matt Parkinson,455,Josh Shaw,4202,Zafar Gohar,270,40,Bowler,0,0,0,0,,LengthBall,Null,NotOut,Played,0,BackwardDefensive,Null,Over,LegSpin,Right,Null,NotReferred,Null,False,False,False,False,False,False,10,False,False,False,False,False,False,0,0,0,0,0,False,False
773855,69,3.78,0.0,0.0,0.0,261.0,6.0,0.0,30248,,15911,County Championship Division Two 2023,1,34,Gloucestershire,40,Durham,2023-07-10T16:47:46Z,4,False,,,,248,Matt Parkinson,455,Josh Shaw,4202,Zafar Gohar,351,13,Short Leg,0,0,0,0,,LengthBall,Null,NotOut,Played,0,ForwardDefensive,Null,Over,LegSpin,Right,Null,NotReferred,Null,False,False,False,False,False,False,10,False,False,False,False,False,False,0,0,0,0,0,False,False
773855,69,3.78,0.0,0.0,0.0,261.0,6.0,0.0,30248,,15911,County Championship Division Two 2023,1,34,Gloucestershire,40,Durham,2023-07-10T16:48:04Z,5,False,,,,248,Matt Parkinson,455,Josh Shaw,4202,Zafar Gohar,90,48,Wicketkeeper,0,0,0,0,,LengthBall,Null,NotOut,Missed,0,Drive,Null,Over,LegSpin,Right,Null,NotReferred,Null,False,False,False,False,False,False,10,False,False,False,False,False,False,0,0,0,0,0,False,False
773855,69,3.78,0.0,0.0,0.0,261.0,6.0,0.0,30248,,15911,County Championship Division Two 2023,1,34,Gloucestershire,40,Durham,2023-07-10T16:48:21Z,6,False,,,,248,Matt Parkinson,455,Josh Shaw,4202,Zafar Gohar,5,69,Square Leg,0,0,0,0,,LengthBall,Null,NotOut,Played,0,Worked,Null,Over,LegSpin,Right,Null,NotReferred,Null,False,False,False,False,False,False,10,False,False,False,False,False,False,0,0,0,0,0,False,False
773859,70,3.77,3.0,0.0,0.0,264.0,6.0,3.0,30248,,15911,County Championship Division Two 2023,1,34,Gloucestershire,40,Durham,2023-07-10T16:49:19Z,1,False,,,,120,Ben Raine,4202,Zafar Gohar,455,Josh Shaw,238,96,Mid On,0,0,0,0,,LengthBall,Null,NotOut,Played,0,ForwardDefensive,Null,Round,Fast,Right,Null,NotReferred,Null,False,False,False,False,False,False,25,False,False,False,False,False,False,0,0,0,0,0,False,False
773859,70,3.77,3.0,0.0,0.0,264.0,6.0,3.0,30248,,15911,County Championship Division Two 2023,1,34,Gloucestershire,40,Durham,2023-07-10T16:49:51Z,2,False,,,,120,Ben Raine,4202,Zafar Gohar,455,Josh Shaw,163,150,Deep Backward Square Leg,1,0,1,1,,LengthBall,Null,NotOut,Played,0,Worked,Null,Round,Fast,Right,Null,NotReferred,Null,False,False,False,False,False,False,25,False,False,False,False,False,False,1,0,0,0,0,False,False
773859,70,3.77,3.0,0.0,0.0,264.0,6.0,3.0,30248,,15911,County Championship Division Two 2023,1,34,Gloucestershire,40,Durham,2023-07-10T16:50:32Z,3,False,,,,120,Ben Raine,455,Josh Shaw,4202,Zafar Gohar,309,44,Short Mid Wicket,0,0,0,0,,LengthBall,Null,NotOut,Played,0,ForwardDefensive,Null,Over,Fast,Right,Null,NotReferred,Null,False,False,False,False,False,False,25,False,False,False,False,False,False,0,0,0,0,0,False,False
773859,70,3.77,3.0,0.0,0.0,264.0,6.0,3.0,30248,,15911,County Championship Division Two 2023,1,34,Gloucestershire,40,Durham,2023-07-10T16:51:09Z,4,False,,,,120,Ben Raine,455,Josh Shaw,4202,Zafar Gohar,244,91,Mid Off,0,0,0,0,,LengthBall,Null,NotOut,Played,0,ForwardDefensive,Null,Over,Fast,Right,Null,NotReferred,Null,False,False,False,False,False,False,25,False,False,False,False,False,False,0,0,0,0,0,False,False
773859,70,3.77,3.0,0.0,0.0,264.0,6.0,3.0,30248,,15911,County Championship Division Two 2023,1,34,Gloucestershire,40,Durham,2023-07-10T16:51:40Z,5,False,,,,120,Ben Raine,455,Josh Shaw,4202,Zafar Gohar,27,107,Backward Square Leg,1,0,1,1,,Short,Null,NotOut,Played,0,Pull,Null,Over,Fast,Right,Null,NotReferred,Null,False,False,False,False,False,False,25,False,False,False,False,False,False,1,0,0,0,0,False,False
773859,70,3.77,3.0,0.0,0.0,264.0,6.0,3.0,30248,,15911,County Championship Division Two 2023,1,34,Gloucestershire,40,Durham,2023-07-10T16:52:20Z,6,False,,,,120,Ben Raine,4202,Zafar Gohar,455,Josh Shaw,183,145,Deep Square Leg,1,0,1,1,,LengthBall,Null,NotOut,Played,0,Worked,Null,Over,Fast,Right,Null,NotReferred,Null,False,False,False,False,False,False,25,False,False,False,False,False,False,1,0,0,0,0,False,False
773865,71,3.76,3.0,0.0,0.0,267.0,6.0,3.0,30248,,15911,County Championship Division Two 2023,1,34,Gloucestershire,40,Durham,2023-07-10T16:53:07Z,1,False,,,,248,Matt Parkinson,4202,Zafar Gohar,455,Josh Shaw,242,113,Mid On,1,0,1,1,,LengthBall,Null,NotOut,Played,0,Drive,Null,Over,LegSpin,Right,Null,NotReferred,Null,False,False,False,False,False,False,10,False,False,False,False,False,False,1,0,0,0,0,False,False
773865,71,3.76,3.0,0.0,0.0,267.0,6.0,3.0,30248,,15911,County Championship Division Two 2023,1,34,Gloucestershire,40,Durham,2023-07-10T16:53:31Z,2,False,,,,248,Matt Parkinson,455,Josh Shaw,4202,Zafar Gohar,240,93,Mid Off,0,0,0,0,,LengthBall,Null,NotOut,Played,0,Pushed,Null,Over,LegSpin,Right,Null,NotReferred,Null,False,False,False,False,False,False,10,False,False,False,False,False,False,0,0,0,0,0,False,False
773865,71,3.76,3.0,0.0,0.0,267.0,6.0,3.0,30248,,15911,County Championship Division Two 2023,1,34,Gloucestershire,40,Durham,2023-07-10T16:53:51Z,3,False,,,,248,Matt Parkinson,455,Josh Shaw,4202,Zafar Gohar,270,40,Bowler,0,0,0,0,,LengthBall,Null,NotOut,Played,0,ForwardDefensive,Null,Over,LegSpin,Right,Null,NotReferred,Null,False,False,False,False,False,False,10,False,False,False,False,False,False,0,0,0,0,0,False,False
773865,71,3.76,3.0,0.0,0.0,267.0,6.0,3.0,30248,,15911,County Championship Division Two 2023,1,34,Gloucestershire,40,Durham,2023-07-10T16:54:06Z,4,False,,,,248,Matt Parkinson,455,Josh Shaw,4202,Zafar Gohar,194,125,Deep Cover,2,0,2,2,,LengthBall,Null,NotOut,Played,0,Drive,Null,Over,LegSpin,Right,Null,NotReferred,Null,False,False,False,False,False,False,10,False,False,False,False,False,False,2,0,0,0,0,False,False
773865,71,3.76,3.0,0.0,0.0,267.0,6.0,3.0,30248,,15911,County Championship Division Two 2023,1,34,Gloucestershire,40,Durham,2023-07-10T16:54:42Z,5,False,,,,248,Matt Parkinson,455,Josh Shaw,4202,Zafar Gohar,194,20,Silly Point,0,0,0,0,,LengthBall,Null,NotOut,Played,0,ForwardDefensive,Null,Over,LegSpin,Right,Null,NotReferred,Null,False,False,False,False,False,False,10,False,False,False,False,False,False,0,0,0,0,0,False,False
773865,71,3.76,3.0,0.0,0.0,267.0,6.0,3.0,30248,,15911,County Championship Division Two 2023,1,34,Gloucestershire,40,Durham,2023-07-10T16:55:02Z,6,False,,,,248,Matt Parkinson,455,Josh Shaw,4202,Zafar Gohar,31,58,Leg Gully,0,0,0,0,,LengthBall,Null,NotOut,Played,0,Worked,Null,Over,LegSpin,Right,Null,NotReferred,Null,False,False,False,False,False,False,10,False,False,False,False,False,False,0,0,0,0,0,False,False
773869,72,3.75,3.0,0.0,0.0,270.0,6.0,3.0,30248,,15911,County Championship Division Two 2023,1,34,Gloucestershire,40,Durham,2023-07-10T16:55:56Z,1,False,,,,120,Ben Raine,4202,Zafar Gohar,455,Josh Shaw,1,95,Point,0,0,0,0,,LengthBall,Null,NotOut,Played,0,Cut,Null,Round,Fast,Right,Null,NotReferred,Null,False,False,False,False,False,False,25,False,False,False,False,False,False,0,0,0,0,0,False,False
773869,72,3.75,3.0,0.0,0.0,270.0,6.0,3.0,30248,,15911,County Championship Division Two 2023,1,34,Gloucestershire,40,Durham,2023-07-10T16:56:27Z,2,False,,,,120,Ben Raine,4202,Zafar Gohar,455,Josh Shaw,270,40,Bowler,0,0,0,0,,Yorker,Null,NotOut,Played,0,Drive,Null,Round,Fast,Right,Null,NotReferred,Null,False,False,False,False,False,False,25,False,False,False,False,False,False,0,0,0,0,0,False,False
773869,72,3.75,3.0,0.0,0.0,270.0,6.0,3.0,30248,,15911,County Championship Division Two 2023,1,34,Gloucestershire,40,Durham,2023-07-10T16:57:02Z,3,False,,,,120,Ben Raine,4202,Zafar Gohar,455,Josh Shaw,270,40,Bowler,0,0,0,0,,Short,Null,NotOut,MisTimed,0,Pull,Null,Round,Fast,Right,Null,NotReferred,Null,False,False,False,False,False,False,25,False,False,False,False,False,False,0,0,0,0,0,False,False
773869,72,3.75,3.0,0.0,0.0,270.0,6.0,3.0,30248,,15911,County Championship Division Two 2023,1,34,Gloucestershire,40,Durham,2023-07-10T16:57:39Z,4,False,,,,120,Ben Raine,4202,Zafar Gohar,455,Josh Shaw,8,152,Deep Backward Point,3,0,3,3,,LengthBall,Null,NotOut,Played,0,Drive,Null,Round,Fast,Right,Null,NotReferred,Null,False,False,False,False,False,False,25,False,False,False,False,False,False,3,0,0,0,0,False,False
773869,72,3.75,3.0,0.0,0.0,270.0,6.0,3.0,30248,,15911,County Championship Division Two 2023,1,34,Gloucestershire,40,Durham,2023-07-10T16:58:18Z,5,False,,,,120,Ben Raine,455,Josh Shaw,4202,Zafar Gohar,328,43,Short Mid Wicket,0,0,0,0,,BackOfALength,Null,NotOut,Played,0,Fended,Null,Over,Fast,Right,Null,NotReferred,Null,False,False,False,False,False,False,25,False,False,False,False,False,False,0,0,0,0,0,False,False
773869,72,3.75,3.0,0.0,0.0,270.0,6.0,3.0,30248,,15911,County Championship Division Two 2023,1,34,Gloucestershire,40,Durham,2023-07-10T16:58:55Z,6,False,,,,120,Ben Raine,455,Josh Shaw,4202,Zafar Gohar,189,90,Cover,0,0,0,0,,LengthBall,Null,NotOut,Played,0,Drive,Null,Over,Fast,Right,Null,NotReferred,Null,False,False,False,False,False,False,25,False,False,False,False,False,False,0,0,0,0,0,False,False
773874,73,3.79,7.0,0.0,0.0,277.0,6.0,7.0,30248,,15911,County Championship Division Two 2023,1,34,Gloucestershire,40,Durham,2023-07-10T16:59:44Z,1,False,,,,248,Matt Parkinson,4202,Zafar Gohar,455,Josh Shaw,11,147,Deep Backward Point,1,0,1,1,,BackOfALength,Null,NotOut,Played,0,Cut,Null,Over,LegSpin,Right,Null,NotReferred,Null,False,False,False,False,False,False,10,False,False,False,False,False,False,1,0,0,0,0,False,False
773874,73,3.79,7.0,0.0,0.0,277.0,6.0,7.0,30248,,15911,County Championship Division Two 2023,1,34,Gloucestershire,40,Durham,2023-07-10T17:00:27Z,2,False,,,,248,Matt Parkinson,455,Josh Shaw,4202,Zafar Gohar,184,91,Point,1,0,1,1,,LengthBall,Null,NotOut,Played,0,Worked,Null,Over,LegSpin,Right,Null,NotReferred,Null,False,False,False,False,False,False,10,False,False,False,False,False,False,1,0,0,0,0,False,False
773874,73,3.79,7.0,0.0,0.0,277.0,6.0,7.0,30248,,15911,County Championship Division Two 2023,1,34,Gloucestershire,40,Durham,2023-07-10T17:00:38Z,3,False,,,,248,Matt Parkinson,4202,Zafar Gohar,455,Josh Shaw,241,90,Mid On,0,0,0,0,,LengthBall,Null,NotOut,Played,0,Drive,Null,Over,LegSpin,Right,Null,NotReferred,Null,False,False,False,False,False,False,10,False,False,False,False,False,False,0,0,0,0,0,False,False
773874,73,3.79,7.0,0.0,0.0,277.0,6.0,7.0,30248,,15911,County Championship Division Two 2023,1,34,Gloucestershire,40,Durham,2023-07-10T17:00:51Z,4,False,,,,248,Matt Parkinson,4202,Zafar Gohar,455,Josh Shaw,354,156,Deep Point,1,0,1,1,,BackOfALength,Null,NotOut,Played,0,Cut,Null,Over,LegSpin,Right,Null,NotReferred,Null,False,False,False,False,False,False,10,False,False,False,False,False,False,1,0,0,0,0,False,False
773874,73,3.79,7.0,0.0,0.0,277.0,6.0,7.0,30248,,15911,County Championship Division Two 2023,1,34,Gloucestershire,40,Durham,2023-07-10T17:01:13Z,5,False,,,,248,Matt Parkinson,455,Josh Shaw,4202,Zafar Gohar,257,197,Long Off,4,0,4,4,,LengthBall,Null,NotOut,HitHard,0,Slog,Null,Over,LegSpin,Right,Null,NotReferred,Null,False,False,False,False,True,False,10,False,False,False,False,False,False,4,0,0,0,0,False,True
773874,73,3.79,7.0,0.0,0.0,277.0,6.0,7.0,30248,,15911,County Championship Division Two 2023,1,34,Gloucestershire,40,Durham,2023-07-10T17:01:51Z,6,False,,,,248,Matt Parkinson,455,Josh Shaw,4202,Zafar Gohar,210,86,Extra Cover,0,0,0,0,,LengthBall,Null,NotOut,Played,0,Drive,Null,Over,LegSpin,Right,Null,NotReferred,Null,False,False,False,False,False,False,10,False,False,False,False,False,False,0,0,0,0,0,False,False
773877,74,3.78,2.0,0.0,1.0,280.0,6.0,3.0,30248,,15911,County Championship Division Two 2023,1,34,Gloucestershire,40,Durham,2023-07-10T17:03:01Z,1,False,,,,2675,Migael Pretorius,4202,Zafar Gohar,455,Josh Shaw,294,93,Mid Off,1,0,1,1,,LengthBall,Null,NotOut,Played,0,Drive,Null,Over,Medium,Right,Null,NotReferred,Null,False,False,False,False,False,False,25,False,False,False,False,False,False,1,0,0,0,0,False,False
773877,74,3.78,2.0,0.0,1.0,280.0,6.0,3.0,30248,,15911,County Championship Division Two 2023,1,34,Gloucestershire,40,Durham,2023-07-10T17:03:40Z,2,False,,,,2675,Migael Pretorius,455,Josh Shaw,4202,Zafar Gohar,31,70,Leg Gully,0,1,1,0,,LengthBall,Null,Lbw,HitPad,0,Flick,Null,Over,Medium,Right,NotOut1stUmpire,NotReferred,Null,False,False,False,True,False,True,25,False,False,False,False,False,False,0,0,0,1,0,False,False
773877,74,3.78,2.0,0.0,1.0,280.0,6.0,3.0,30248,,15911,County Championship Division Two 2023,1,34,Gloucestershire,40,Durham,2023-07-10T17:04:21Z,3,False,,,,2675,Migael Pretorius,4202,Zafar Gohar,455,Josh Shaw,90,48,Wicketkeeper,0,0,0,0,,LengthBall,Null,NotOut,NoShot,0,Leave,Null,Over,Medium,Right,Null,NotReferred,Null,False,False,False,False,False,False,25,False,False,False,False,False,False,0,0,0,0,0,False,False
773877,74,3.78,2.0,0.0,1.0,280.0,6.0,3.0,30248,,15911,County Championship Division Two 2023,1,34,Gloucestershire,40,Durham,2023-07-10T17:04:48Z,4,False,,,,2675,Migael Pretorius,4202,Zafar Gohar,455,Josh Shaw,90,48,Wicketkeeper,0,0,0,0,,LengthBall,Null,NotOut,Missed,0,Drive,Null,Over,Medium,Right,Null,NotReferred,Null,False,False,False,False,False,False,25,False,False,False,False,False,False,0,0,0,0,0,False,False
773877,74,3.78,2.0,0.0,1.0,280.0,6.0,3.0,30248,,15911,County Championship Division Two 2023,1,34,Gloucestershire,40,Durham,2023-07-10T17:05:23Z,5,False,,,,2675,Migael Pretorius,4202,Zafar Gohar,455,Josh Shaw,1,111,Point,1,0,1,1,,LengthBall,Null,NotOut,Played,0,Drive,Null,Over,Medium,Right,Null,NotReferred,Null,False,False,False,False,False,False,25,False,False,False,False,False,False,1,0,0,0,0,False,False
773877,74,3.78,2.0,0.0,1.0,280.0,6.0,3.0,30248,,15911,County Championship Division Two 2023,1,34,Gloucestershire,40,Durham,2023-07-11T10:59:27Z,6,False,,,,2675,Migael Pretorius,455,Josh Shaw,4202,Zafar Gohar,270,40,Bowler,0,0,0,0,,LengthBall,Null,NotOut,Played,0,ForwardDefensive,Null,Over,Medium,Right,Null,NotReferred,Null,False,False,False,False,False,False,25,False,False,False,False,False,False,0,0,0,0,0,False,False
774057,75,3.77,3.0,0.0,0.0,283.0,6.0,3.0,30248,,15911,County Championship Division Two 2023,1,34,Gloucestershire,40,Durham,2023-07-11T11:00:23Z,1,False,,,,248,Matt Parkinson,4202,Zafar Gohar,455,Josh Shaw,199,148,Deep Mid Wicket,1,0,1,1,,LengthBall,Null,NotOut,Played,0,Worked,Null,Over,LegSpin,Right,Null,NotReferred,Null,False,False,False,False,False,False,10,False,False,False,False,False,False,1,0,0,0,0,False,False
774057,75,3.77,3.0,0.0,0.0,283.0,6.0,3.0,30248,,15911,County Championship Division Two 2023,1,34,Gloucestershire,40,Durham,2023-07-11T11:00:54Z,2,False,,,,248,Matt Parkinson,455,Josh Shaw,4202,Zafar Gohar,270,40,Bowler,0,0,0,0,,LengthBall,Null,NotOut,Played,0,ForwardDefensive,Null,Over,LegSpin,Right,Null,NotReferred,Null,False,False,False,False,False,False,10,False,False,False,False,False,False,0,0,0,0,0,False,False
774057,75,3.77,3.0,0.0,0.0,283.0,6.0,3.0,30248,,15911,County Championship Division Two 2023,1,34,Gloucestershire,40,Durham,2023-07-11T11:01:10Z,3,False,,,,248,Matt Parkinson,455,Josh Shaw,4202,Zafar Gohar,290,162,Long On,2,0,2,2,,LengthBall,Null,NotOut,MisTimed,0,Slog,Null,Over,LegSpin,Right,Null,NotReferred,Null,False,False,False,False,False,False,10,False,False,False,False,False,False,2,0,0,0,0,False,False
774057,75,3.77,3.0,0.0,0.0,283.0,6.0,3.0,30248,,15911,County Championship Division Two 2023,1,34,Gloucestershire,40,Durham,2023-07-11T11:01:39Z,4,False,,,,248,Matt Parkinson,455,Josh Shaw,4202,Zafar Gohar,304,41,Silly Mid On,0,0,0,0,,LengthBall,Null,NotOut,Played,0,ForwardDefensive,Null,Over,LegSpin,Right,Null,NotReferred,Null,False,False,False,False,False,False,10,False,False,False,False,False,False,0,0,0,0,0,False,False
774057,75,3.77,3.0,0.0,0.0,283.0,6.0,3.0,30248,,15911,County Championship Division Two 2023,1,34,Gloucestershire,40,Durham,2023-07-11T11:01:54Z,5,False,,,,248,Matt Parkinson,455,Josh Shaw,4202,Zafar Gohar,197,86,Cover,0,0,0,0,,BackOfALength,Null,NotOut,Played,0,Cut,Null,Over,LegSpin,Right,Null,NotReferred,Null,False,False,False,False,False,False,10,False,False,False,False,False,False,0,0,0,0,0,False,False
774057,75,3.77,3.0,0.0,0.0,283.0,6.0,3.0,30248,,15911,County Championship Division Two 2023,1,34,Gloucestershire,40,Durham,2023-07-11T11:02:11Z,6,False,,,,248,Matt Parkinson,455,Josh Shaw,4202,Zafar Gohar,210,32,Silly Point,0,0,0,0,,LengthBall,Null,NotOut,Played,0,ForwardDefensive,Null,Over,LegSpin,Right,Null,NotReferred,Null,False,False,False,False,False,False,10,False,False,False,False,False,False,0,0,0,0,0,False,False
774066,76,3.88,12.0,0.0,0.0,295.0,6.0,12.0,30248,,15911,County Championship Division Two 2023,1,34,Gloucestershire,40,Durham,2023-07-11T11:03:13Z,1,False,,,,2672,Brydon Carse,4202,Zafar Gohar,455,Josh Shaw,329,52,Short Extra Cover,0,0,0,0,,LengthBall,Null,NotOut,Played,0,ForwardDefensive,Null,Over,Fast,Right,Null,NotReferred,Null,False,False,False,False,False,False,25,False,False,False,False,False,False,0,0,0,0,0,False,False
774066,76,3.88,12.0,0.0,0.0,295.0,6.0,12.0,30248,,15911,County Championship Division Two 2023,1,34,Gloucestershire,40,Durham,2023-07-11T11:03:52Z,2,False,,,,2672,Brydon Carse,4202,Zafar Gohar,455,Josh Shaw,326,183,Deep Extra Cover,4,0,4,4,,LengthBall,Null,NotOut,Played,0,Drive,Null,Over,Fast,Right,Null,NotReferred,Null,False,False,False,False,False,False,25,False,False,False,False,False,False,4,0,0,0,0,False,True
774066,76,3.88,12.0,0.0,0.0,295.0,6.0,12.0,30248,,15911,County Championship Division Two 2023,1,34,Gloucestershire,40,Durham,2023-07-11T11:04:34Z,3,False,,,,2672,Brydon Carse,4202,Zafar Gohar,455,Josh Shaw,35,164,Third Man,4,0,4,4,,LengthBall,Null,NotOut,HitHard,0,Steer,Null,Over,Fast,Right,Null,NotReferred,Null,False,False,False,False,False,False,25,False,False,False,False,False,False,4,0,0,0,0,False,True
774066,76,3.88,12.0,0.0,0.0,295.0,6.0,12.0,30248,,15911,County Championship Division Two 2023,1,34,Gloucestershire,40,Durham,2023-07-11T11:05:16Z,4,False,,,,2672,Brydon Carse,4202,Zafar Gohar,455,Josh Shaw,90,48,Wicketkeeper,0,0,0,0,,Short,Null,NotOut,NoShot,0,Leave,Null,Over,Fast,Right,Null,NotReferred,Null,False,False,False,False,False,False,25,False,False,False,False,False,False,0,0,0,0,0,False,False
774066,76,3.88,12.0,0.0,0.0,295.0,6.0,12.0,30248,,15911,County Championship Division Two 2023,1,34,Gloucestershire,40,Durham,2023-07-11T11:05:49Z,5,False,,,,2672,Brydon Carse,4202,Zafar Gohar,455,Josh Shaw,90,48,Wicketkeeper,0,0,0,0,,Short,Null,NotOut,NoShot,0,Leave,Null,Over,Fast,Right,Null,NotReferred,Null,False,False,False,False,False,False,25,False,False,False,False,False,False,0,0,0,0,0,False,False
774066,76,3.88,12.0,0.0,0.0,295.0,6.0,12.0,30248,,15911,County Championship Division Two 2023,1,34,Gloucestershire,40,Durham,2023-07-11T11:06:23Z,6,False,,,,2672,Brydon Carse,4202,Zafar Gohar,455,Josh Shaw,37,179,Third Man,4,0,4,4,,Short,Null,NotOut,HitHard,0,UpperCut,Null,Over,Fast,Right,Null,NotReferred,Null,False,False,False,False,True,False,25,False,False,False,False,False,False,4,0,0,0,0,False,True
774076,77,3.91,6.0,0.0,0.0,301.0,6.0,6.0,30248,,15911,County Championship Division Two 2023,1,34,Gloucestershire,40,Durham,2023-07-11T11:07:22Z,1,False,,,,248,Matt Parkinson,455,Josh Shaw,4202,Zafar Gohar,274,208,Long On,6,0,6,6,,LengthBall,Null,NotOut,HitHard,0,Slog,Null,Over,LegSpin,Right,Null,NotReferred,Null,False,False,False,False,True,False,10,False,False,False,False,False,False,6,0,0,0,0,False,True
774076,77,3.91,6.0,0.0,0.0,301.0,6.0,6.0,30248,,15911,County Championship Division Two 2023,1,34,Gloucestershire,40,Durham,2023-07-11T11:07:58Z,2,False,,,,248,Matt Parkinson,455,Josh Shaw,4202,Zafar Gohar,223,53,Short Extra Cover,0,0,0,0,,LengthBall,Null,NotOut,Played,0,ForwardDefensive,Null,Over,LegSpin,Right,Null,NotReferred,Null,False,False,False,False,False,False,10,False,False,False,False,False,False,0,0,0,0,0,False,False
774076,77,3.91,6.0,0.0,0.0,301.0,6.0,6.0,30248,,15911,County Championship Division Two 2023,1,34,Gloucestershire,40,Durham,2023-07-11T11:08:17Z,3,False,,,,248,Matt Parkinson,455,Josh Shaw,4202,Zafar Gohar,90,48,Wicketkeeper,0,0,0,0,,LengthBall,Null,NotOut,NoShot,0,Leave,Null,Over,LegSpin,Right,Null,NotReferred,Null,False,False,False,False,False,False,10,False,False,False,False,False,False,0,0,0,0,0,False,False
774076,77,3.91,6.0,0.0,0.0,301.0,6.0,6.0,30248,,15911,County Championship Division Two 2023,1,34,Gloucestershire,40,Durham,2023-07-11T11:08:35Z,4,False,,,,248,Matt Parkinson,455,Josh Shaw,4202,Zafar Gohar,270,40,Bowler,0,0,0,0,,LengthBall,Null,NotOut,Played,0,ForwardDefensive,Null,Over,LegSpin,Right,Null,NotReferred,Null,False,False,False,False,False,False,10,False,False,False,False,False,False,0,0,0,0,0,False,False
774076,77,3.91,6.0,0.0,0.0,301.0,6.0,6.0,30248,,15911,County Championship Division Two 2023,1,34,Gloucestershire,40,Durham,2023-07-11T11:08:54Z,5,False,,,,248,Matt Parkinson,455,Josh Shaw,4202,Zafar Gohar,324,65,Short Mid Wicket,0,0,0,0,,LengthBall,Null,NotOut,Played,0,Worked,Null,Over,LegSpin,Right,Null,NotReferred,Null,False,False,False,False,False,False,10,False,False,False,False,False,False,0,0,0,0,0,False,False
774076,77,3.91,6.0,0.0,0.0,301.0,6.0,6.0,30248,,15911,County Championship Division Two 2023,1,34,Gloucestershire,40,Durham,2023-07-11T11:09:12Z,6,False,,,,248,Matt Parkinson,455,Josh Shaw,4202,Zafar Gohar,214,45,Short Extra Cover,0,0,0,0,,LengthBall,Null,NotOut,Played,0,BackwardDefensive,Null,Over,LegSpin,Right,Null,NotReferred,Null,False,False,False,False,False,False,10,False,False,False,False,False,False,0,0,0,0,0,False,False
774085,78,3.92,1.0,2.0,4.0,306.0,8.0,5.0,30248,,15911,County Championship Division Two 2023,1,34,Gloucestershire,40,Durham,2023-07-11T11:10:08Z,1,False,,,,2672,Brydon Carse,4202,Zafar Gohar,455,Josh Shaw,288,88,Mid Off,1,0,1,1,,LengthBall,Null,NotOut,Played,0,Drive,Null,Over,Fast,Right,Null,NotReferred,Null,False,False,False,False,False,False,25,False,False,False,False,False,False,1,0,0,0,0,False,False
774085,78,3.92,1.0,2.0,4.0,306.0,8.0,5.0,30248,,15911,County Championship Division Two 2023,1,34,Gloucestershire,40,Durham,2023-07-11T11:11:56Z,2,True,Caught,455.0,Josh Shaw,2672,Brydon Carse,455,Josh Shaw,4202,Zafar Gohar,90,48,Wicketkeeper,0,0,0,0,Caught,Short,Null,NotOut,Edged,0,Fended,Null,Over,Fast,Right,Out1stUmpire,NotReferred,Null,False,False,False,False,False,False,25,False,False,False,False,False,False,0,0,0,0,0,False,False
774085,78,3.92,1.0,2.0,4.0,306.0,8.0,5.0,30248,,15911,County Championship Division Two 2023,1,34,Gloucestershire,40,Durham,2023-07-11T11:13:46Z,3,True,Caught,44.0,Matt Taylor,2672,Brydon Carse,44,Matt Taylor,4202,Zafar Gohar,90,48,Wicketkeeper,0,0,0,0,Caught,Short,Null,NotOut,Edged,0,Fended,Null,Over,Fast,Right,Out1stUmpire,NotReferred,Null,False,False,False,False,False,False,25,False,False,False,False,False,False,0,0,0,0,0,False,False
774085,78,3.92,1.0,2.0,4.0,306.0,8.0,5.0,30248,,15911,County Championship Division Two 2023,1,34,Gloucestershire,40,Durham,2023-07-11T11:15:22Z,4,False,,,,2672,Brydon Carse,2503,Zaman Akhter,4202,Zafar Gohar,198,80,Cover,0,0,0,0,,Short,Null,NotOut,Played,0,Pushed,Null,Over,Fast,Right,Null,NotReferred,Null,False,False,False,False,False,False,25,False,False,False,False,False,False,0,0,0,0,0,False,False
774085,78,3.92,1.0,2.0,4.0,306.0,8.0,5.0,30248,,15911,County Championship Division Two 2023,1,34,Gloucestershire,40,Durham,2023-07-11T11:15:56Z,5,False,,,,2672,Brydon Carse,2503,Zaman Akhter,4202,Zafar Gohar,90,48,Wicketkeeper,0,0,0,0,,LengthBall,Null,Caught,MissedLegSide,0,Fended,Null,Over,Fast,Right,NotOut1stUmpire,NotReferred,Null,False,False,False,False,False,True,25,False,False,False,False,False,False,0,0,0,0,0,False,False
774085,78,3.92,1.0,2.0,4.0,306.0,8.0,5.0,30248,,15911,County Championship Division Two 2023,1,34,Gloucestershire,40,Durham,2023-07-11T11:16:39Z,6,False,,,,2672,Brydon Carse,2503,Zaman Akhter,4202,Zafar Gohar,78,168,Fine Leg,0,4,4,0,,LengthBall,Null,NotOut,Missed,0,Drive,Null,Over,Fast,Right,Null,NotReferred,Null,False,False,True,False,False,False,25,False,False,False,False,False,False,0,4,0,0,0,False,False
784104,79,3.94,5.0,0.0,0.0,311.0,8.0,5.0,30248,,15911,County Championship Division Two 2023,1,34,Gloucestershire,40,Durham,2023-07-11T11:17:39Z,1,False,,,,248,Matt Parkinson,4202,Zafar Gohar,2503,Zaman Akhter,306,44,Silly Mid Off,0,0,0,0,,LengthBall,Null,NotOut,Played,0,ForwardDefensive,Null,Over,LegSpin,Right,Null,NotReferred,Null,False,False,False,False,False,False,10,False,False,False,False,False,False,0,0,0,0,0,False,False
784104,79,3.94,5.0,0.0,0.0,311.0,8.0,5.0,30248,,15911,County Championship Division Two 2023,1,34,Gloucestershire,40,Durham,2023-07-11T11:17:58Z,2,False,,,,248,Matt Parkinson,4202,Zafar Gohar,2503,Zaman Akhter,332,195,Deep Extra Cover,4,0,4,4,,BackOfALength,Null,NotOut,HitHard,0,Cut,Null,Over,LegSpin,Right,Null,NotReferred,Null,False,False,False,False,False,False,10,False,False,False,False,False,False,4,0,0,0,0,False,True
784104,79,3.94,5.0,0.0,0.0,311.0,8.0,5.0,30248,,15911,County Championship Division Two 2023,1,34,Gloucestershire,40,Durham,2023-07-11T11:18:29Z,3,False,,,,248,Matt Parkinson,4202,Zafar Gohar,2503,Zaman Akhter,335,59,Short Extra Cover,0,0,0,0,,LengthBall,Null,NotOut,Played,0,ForwardDefensive,Null,Over,LegSpin,Right,Null,NotReferred,Null,False,False,False,False,False,False,10,False,False,False,False,False,False,0,0,0,0,0,False,False
784104,79,3.94,5.0,0.0,0.0,311.0,8.0,5.0,30248,,15911,County Championship Division Two 2023,1,34,Gloucestershire,40,Durham,2023-07-11T11:18:45Z,4,False,,,,248,Matt Parkinson,4202,Zafar Gohar,2503,Zaman Akhter,176,125,Square Leg,1,0,1,1,,LengthBall,Null,NotOut,Played,0,Worked,Null,Over,LegSpin,Right,Null,NotReferred,Null,False,False,False,False,False,False,10,False,False,False,False,False,False,1,0,0,0,0,False,False
784104,79,3.94,5.0,0.0,0.0,311.0,8.0,5.0,30248,,15911,County Championship Division Two 2023,1,34,Gloucestershire,40,Durham,2023-07-11T11:19:33Z,5,False,,,,248,Matt Parkinson,2503,Zaman Akhter,4202,Zafar Gohar,270,40,Bowler,0,0,0,0,,LengthBall,Null,NotOut,Played,0,ForwardDefensive,Null,Over,LegSpin,Right,Null,NotReferred,Null,False,False,False,False,False,False,10,False,False,False,False,False,False,0,0,0,0,0,False,False
784104,79,3.94,5.0,0.0,0.0,311.0,8.0,5.0,30248,,15911,County Championship Division Two 2023,1,34,Gloucestershire,40,Durham,2023-07-11T11:19:54Z,6,False,,,,248,Matt Parkinson,2503,Zaman Akhter,4202,Zafar Gohar,230,18,Silly Point,0,0,0,0,,LengthBall,Null,NotOut,Played,0,ForwardDefensive,Null,Over,LegSpin,Right,Null,NotReferred,Null,False,False,False,False,False,False,10,False,False,False,False,False,False,0,0,0,0,0,False,False
784113,80,3.95,5.0,0.0,2.0,316.0,8.0,5.0,30248,,15911,County Championship Division Two 2023,1,34,Gloucestershire,40,Durham,2023-07-11T11:20:55Z,1,False,,,,2672,Brydon Carse,4202,Zafar Gohar,2503,Zaman Akhter,90,48,Wicketkeeper,0,0,0,0,,Short,Null,NotOut,NoShot,0,Leave,Null,Over,Fast,Right,Null,NotReferred,Null,False,False,False,False,False,False,25,False,False,False,False,False,False,0,0,0,0,0,False,False
784113,80,3.95,5.0,0.0,2.0,316.0,8.0,5.0,30248,,15911,County Championship Division Two 2023,1,34,Gloucestershire,40,Durham,2023-07-11T11:21:31Z,2,False,,,,2672,Brydon Carse,4202,Zafar Gohar,2503,Zaman Akhter,296,94,Mid Off,0,0,0,0,,LengthBall,Null,NotOut,Played,0,Drive,Null,Over,Fast,Right,Null,NotReferred,Null,False,False,False,False,False,False,25,False,False,False,False,False,False,0,0,0,0,0,False,False
784113,80,3.95,5.0,0.0,2.0,316.0,8.0,5.0,30248,,15911,County Championship Division Two 2023,1,34,Gloucestershire,40,Durham,2023-07-11T11:22:05Z,3,False,,,,2672,Brydon Carse,4202,Zafar Gohar,2503,Zaman Akhter,312,106,Mid Off,1,0,1,1,,LengthBall,Null,NotOut,Played,0,Drive,Null,Over,Fast,Right,Null,NotReferred,Null,False,False,False,False,False,False,25,False,False,False,False,False,False,1,0,0,0,0,False,False
784113,80,3.95,5.0,0.0,2.0,316.0,8.0,5.0,30248,,15911,County Championship Division Two 2023,1,34,Gloucestershire,40,Durham,2023-07-11T11:22:48Z,4,False,,,,2672,Brydon Carse,2503,Zaman Akhter,4202,Zafar Gohar,90,48,Wicketkeeper,0,0,0,0,,Short,Null,NotOut,NoShot,0,Leave,Null,Over,Fast,Right,Null,NotReferred,Null,False,False,False,False,False,False,25,False,False,False,False,False,False,0,0,0,0,0,False,False
784113,80,3.95,5.0,0.0,2.0,316.0,8.0,5.0,30248,,15911,County Championship Division Two 2023,1,34,Gloucestershire,40,Durham,2023-07-11T11:23:21Z,5,False,,,,2672,Brydon Carse,2503,Zaman Akhter,4202,Zafar Gohar,34,123,Fine Leg,1,0,1,1,,Short,Null,NotOut,Played,0,Flick,Null,Over,Fast,Right,Null,NotReferred,Null,False,False,False,False,False,False,25,False,False,False,False,False,False,1,0,0,0,0,False,False
784113,80,3.95,5.0,0.0,2.0,316.0,8.0,5.0,30248,,15911,County Championship Division Two 2023,1,34,Gloucestershire,40,Durham,2023-07-11T11:24:36Z,6,False,,,,2672,Brydon Carse,4202,Zafar Gohar,2503,Zaman Akhter,90,48,Wicketkeeper,2,2,2,0,,Short,Null,NotOut,NoShot,0,Leave,Null,Round,Fast,Right,Null,NotReferred,FrontFoot,False,True,False,False,False,False,10,False,False,False,False,False,False,0,0,0,0,2,False,False
784113,80,3.95,5.0,0.0,2.0,316.0,8.0,5.0,30248,,15911,County Championship Division Two 2023,1,34,Gloucestershire,40,Durham,2023-07-11T11:25:06Z,6,False,,,,2672,Brydon Carse,4202,Zafar Gohar,2503,Zaman Akhter,43,137,Third Man,1,0,1,1,,LengthBall,Null,NotOut,Played,0,Steer,Null,Round,Fast,Right,Null,NotReferred,Null,False,False,False,False,False,False,10,False,False,False,False,False,False,1,0,0,0,0,False,False
784129,81,3.94,0.0,2.0,0.0,316.0,10.0,0.0,30248,,15911,County Championship Division Two 2023,1,34,Gloucestershire,40,Durham,2023-07-11T11:26:20Z,1,True,Bowled,4202.0,Zafar Gohar,120,Ben Raine,4202,Zafar Gohar,2503,Zaman Akhter,0,0,,0,0,0,0,Bowled,LengthBall,Null,NotOut,Missed,0,ForwardDefensive,Null,Round,Fast,Right,Out1stUmpire,NotReferred,Null,False,False,False,False,False,False,25,False,True,False,False,False,False,0,0,0,0,0,False,False
784129,81,3.94,0.0,2.0,0.0,316.0,10.0,0.0,30248,,15911,County Championship Division Two 2023,1,34,Gloucestershire,40,Durham,2023-07-11T11:28:16Z,2,False,,,,120,Ben Raine,7784,Dominic Goodman,2503,Zaman Akhter,212,51,Short Extra Cover,0,0,0,0,,LengthBall,Null,NotOut,Played,0,ForwardDefensive,Null,Over,Fast,Right,Null,NotReferred,Null,False,False,False,False,False,False,25,False,False,False,False,False,False,0,0,0,0,0,False,False
784129,81,3.94,0.0,2.0,0.0,316.0,10.0,0.0,30248,,15911,County Championship Division Two 2023,1,34,Gloucestershire,40,Durham,2023-07-11T11:28:49Z,3,True,Lbw,7784.0,Dominic Goodman,120,Ben Raine,7784,Dominic Goodman,2503,Zaman Akhter,187,24,Silly Point,0,0,0,0,LBW,LengthBall,Null,NotOut,HitPad,0,ForwardDefensive,Null,Over,Fast,Right,Out1stUmpire,NotReferred,Null,False,False,False,False,False,False,25,False,False,False,False,False,False,0,0,0,0,0,False,False
784176,1,7.0,6.0,0.0,1.0,7.0,0.0,7.0,30340,,15911,County Championship Division Two 2023,2,40,Durham,34,Gloucestershire,2023-07-11T11:40:37Z,1,False,,,,44,Matt Taylor,101,Alex Lees,2729,Michael Jones,298,23,Silly Point,0,0,0,0,,LengthBall,Null,NotOut,Played,0,ForwardDefensive,Null,Over,Fast,Left,Null,NotReferred,Null,False,False,False,False,False,False,25,False,True,False,False,False,False,0,0,0,0,0,False,False
784176,1,7.0,6.0,0.0,1.0,7.0,0.0,7.0,30340,,15911,County Championship Division Two 2023,2,40,Durham,34,Gloucestershire,2023-07-11T11:40:55Z,2,False,,,,44,Matt Taylor,101,Alex Lees,2729,Michael Jones,331,70,Extra Cover,2,0,2,2,,LengthBall,Null,NotOut,Played,0,Pushed,Null,Over,Fast,Left,Null,NotReferred,Null,False,False,False,False,False,False,25,False,False,False,False,False,False,2,0,0,0,0,False,False
784176,1,7.0,6.0,0.0,1.0,7.0,0.0,7.0,30340,,15911,County Championship Division Two 2023,2,40,Durham,34,Gloucestershire,2023-07-11T11:41:02Z,3,False,,,,44,Matt Taylor,101,Alex Lees,2729,Michael Jones,184,48,Short Mid Wicket,0,1,1,0,,LengthBall,Null,NotOut,HitPad,0,Worked,Null,Over,Fast,Left,Null,NotReferred,Null,False,False,False,True,False,False,25,False,False,False,False,False,False,0,0,0,1,0,False,False
784176,1,7.0,6.0,0.0,1.0,7.0,0.0,7.0,30340,,15911,County Championship Division Two 2023,2,40,Durham,34,Gloucestershire,2023-07-11T11:41:14Z,4,False,,,,44,Matt Taylor,2729,Michael Jones,101,Alex Lees,163,172,Deep Backward Point,4,0,4,4,,LengthBall,Null,NotOut,HitHard,0,Drive,Null,Over,Fast,Left,Null,NotReferred,Null,False,False,False,False,False,False,25,False,False,False,False,False,False,4,0,0,0,0,False,True
784176,1,7.0,6.0,0.0,1.0,7.0,0.0,7.0,30340,,15911,County Championship Division Two 2023,2,40,Durham,34,Gloucestershire,2023-07-11T11:41:44Z,5,False,,,,44,Matt Taylor,2729,Michael Jones,101,Alex Lees,220,55,Short Extra Cover,0,0,0,0,,LengthBall,Null,NotOut,Played,0,ForwardDefensive,Null,Over,Fast,Left,Null,NotReferred,Null,False,False,False,False,False,False,25,False,False,False,False,False,False,0,0,0,0,0,False,False
784176,1,7.0,6.0,0.0,1.0,7.0,0.0,7.0,30340,,15911,County Championship Division Two 2023,2,40,Durham,34,Gloucestershire,2023-07-11T11:42:19Z,6,False,,,,44,Matt Taylor,2729,Michael Jones,101,Alex Lees,12,75,Backward Square Leg,0,0,0,0,,LengthBall,Null,NotOut,Played,0,Worked,Null,Over,Fast,Left,Null,NotReferred,Null,False,False,False,False,False,False,25,False,False,False,False,False,False,0,0,0,0,0,False,False
784184,2,5.0,3.0,1.0,0.0,10.0,1.0,3.0,30340,,15911,County Championship Division Two 2023,2,40,Durham,34,Gloucestershire,2023-07-11T11:43:20Z,1,False,,,,455,Josh Shaw,101,Alex Lees,2729,Michael Jones,294,88,Mid Off,0,0,0,0,,LengthBall,Null,NotOut,Played,0,Pushed,Null,Over,Fast,Right,Null,NotReferred,Null,False,False,False,False,False,False,10,False,False,False,False,False,False,0,0,0,0,0,False,False
784184,2,5.0,3.0,1.0,0.0,10.0,1.0,3.0,30340,,15911,County Championship Division Two 2023,2,40,Durham,34,Gloucestershire,2023-07-11T11:43:50Z,2,False,,,,455,Josh Shaw,101,Alex Lees,2729,Michael Jones,185,125,Square Leg,3,0,3,3,,LengthBall,Null,NotOut,Played,0,Worked,Null,Over,Fast,Right,Null,NotReferred,Null,False,False,False,False,False,False,10,False,False,False,False,False,False,3,0,0,0,0,False,False
784184,2,5.0,3.0,1.0,0.0,10.0,1.0,3.0,30340,,15911,County Championship Division Two 2023,2,40,Durham,34,Gloucestershire,2023-07-11T11:44:54Z,3,True,Lbw,2729.0,Michael Jones,455,Josh Shaw,2729,Michael Jones,101,Alex Lees,231,17,Silly Point,0,0,0,0,LBW,LengthBall,Null,NotOut,HitPad,0,ForwardDefensive,Null,Over,Fast,Right,Out1stUmpire,NotReferred,Null,False,False,False,False,False,False,25,False,False,False,False,False,False,0,0,0,0,0,False,False
784184,2,5.0,3.0,1.0,0.0,10.0,1.0,3.0,30340,,15911,County Championship Division Two 2023,2,40,Durham,34,Gloucestershire,2023-07-11T11:47:05Z,4,False,,,,455,Josh Shaw,2470,Scott Borthwick,101,Alex Lees,90,48,Wicketkeeper,0,0,0,0,,LengthBall,Null,NotOut,NoShot,0,Leave,Null,Over,Fast,Right,Null,NotReferred,Null,False,False,False,False,False,False,10,False,False,False,False,False,False,0,0,0,0,0,False,False
784184,2,5.0,3.0,1.0,0.0,10.0,1.0,3.0,30340,,15911,County Championship Division Two 2023,2,40,Durham,34,Gloucestershire,2023-07-11T11:47:37Z,5,False,,,,455,Josh Shaw,2470,Scott Borthwick,101,Alex Lees,299,94,Mid Off,0,0,0,0,,LengthBall,Null,NotOut,Played,0,Drive,Null,Over,Fast,Right,Null,NotReferred,Null,False,False,False,False,False,False,10,False,False,False,False,False,False,0,0,0,0,0,False,False
784184,2,5.0,3.0,1.0,0.0,10.0,1.0,3.0,30340,,15911,County Championship Division Two 2023,2,40,Durham,34,Gloucestershire,2023-07-11T11:48:10Z,6,False,,,,455,Josh Shaw,2470,Scott Borthwick,101,Alex Lees,324,46,Short Extra Cover,0,0,0,0,,LengthBall,Null,NotOut,Played,0,Dropped,Null,Over,Fast,Right,Null,NotReferred,Null,False,False,False,False,False,False,10,False,False,False,False,False,False,0,0,0,0,0,False,False
784200,3,4.33,3.0,0.0,0.0,13.0,1.0,3.0,30340,,15911,County Championship Division Two 2023,2,40,Durham,34,Gloucestershire,2023-07-11T11:49:00Z,1,False,,,,44,Matt Taylor,101,Alex Lees,2470,Scott Borthwick,15,53,Gully,0,0,0,0,,BackOfALength,Null,NotOut,Played,0,Cut,Null,Over,Fast,Left,Null,NotReferred,Null,False,False,False,False,False,False,25,False,False,False,False,False,False,0,0,0,0,0,False,False
784200,3,4.33,3.0,0.0,0.0,13.0,1.0,3.0,30340,,15911,County Championship Division Two 2023,2,40,Durham,34,Gloucestershire,2023-07-11T11:49:32Z,2,False,,,,44,Matt Taylor,101,Alex Lees,2470,Scott Borthwick,90,48,Wicketkeeper,0,0,0,0,,LengthBall,Null,NotOut,Missed,0,Drive,Null,Over,Fast,Left,Null,NotReferred,Null,False,False,False,False,False,False,25,False,False,False,False,False,False,0,0,0,0,0,False,False
784200,3,4.33,3.0,0.0,0.0,13.0,1.0,3.0,30340,,15911,County Championship Division Two 2023,2,40,Durham,34,Gloucestershire,2023-07-11T11:50:04Z,3,False,,,,44,Matt Taylor,101,Alex Lees,2470,Scott Borthwick,146,10,Short Leg,0,0,0,0,,LengthBall,Null,NotOut,MisTimed,0,Fended,Null,Over,Fast,Left,Null,NotReferred,Null,False,False,False,False,False,False,25,False,False,False,False,False,False,0,0,0,0,0,False,False
784200,3,4.33,3.0,0.0,0.0,13.0,1.0,3.0,30340,,15911,County Championship Division Two 2023,2,40,Durham,34,Gloucestershire,2023-07-11T11:50:39Z,4,False,,,,44,Matt Taylor,101,Alex Lees,2470,Scott Borthwick,313,35,Short Extra Cover,0,0,0,0,,LengthBall,Null,NotOut,Played,0,ForwardDefensive,Null,Over,Fast,Left,Null,NotReferred,Null,False,False,False,False,False,False,25,False,False,False,False,False,False,0,0,0,0,0,False,False
784200,3,4.33,3.0,0.0,0.0,13.0,1.0,3.0,30340,,15911,County Championship Division Two 2023,2,40,Durham,34,Gloucestershire,2023-07-11T11:51:11Z,5,False,,,,44,Matt Taylor,101,Alex Lees,2470,Scott Borthwick,270,40,Bowler,0,0,0,0,,LengthBall,Null,NotOut,Played,0,ForwardDefensive,Null,Over,Fast,Left,Null,NotReferred,Null,False,False,False,False,False,False,25,False,False,False,False,False,False,0,0,0,0,0,False,False
784200,3,4.33,3.0,0.0,0.0,13.0,1.0,3.0,30340,,15911,County Championship Division Two 2023,2,40,Durham,34,Gloucestershire,2023-07-11T11:51:44Z,6,False,,,,44,Matt Taylor,101,Alex Lees,2470,Scott Borthwick,320,172,Deep Extra Cover,3,0,3,3,,LengthBall,Null,NotOut,Played,0,Drive,Null,Over,Fast,Left,Null,NotReferred,Null,False,False,False,False,False,False,25,False,False,False,False,False,False,3,0,0,0,0,False,False
784211,4,6.75,14.0,0.0,0.0,27.0,1.0,14.0,30340,,15911,County Championship Division Two 2023,2,40,Durham,34,Gloucestershire,2023-07-11T11:52:41Z,1,False,,,,455,Josh Shaw,101,Alex Lees,2470,Scott Borthwick,345,212,Deep Cover,4,0,4,4,,LengthBall,Null,NotOut,HitHard,0,Drive,Null,Over,Fast,Right,Null,NotReferred,Null,False,False,False,False,False,False,10,False,False,False,False,False,False,4,0,0,0,0,False,True
784211,4,6.75,14.0,0.0,0.0,27.0,1.0,14.0,30340,,15911,County Championship Division Two 2023,2,40,Durham,34,Gloucestershire,2023-07-11T11:53:18Z,2,False,,,,455,Josh Shaw,101,Alex Lees,2470,Scott Borthwick,353,187,Deep Point,4,0,4,4,,HalfVolley,Null,NotOut,HitHard,0,Drive,Null,Over,Fast,Right,Null,NotReferred,Null,False,False,False,False,False,False,10,False,False,False,False,False,False,4,0,0,0,0,False,True
784211,4,6.75,14.0,0.0,0.0,27.0,1.0,14.0,30340,,15911,County Championship Division Two 2023,2,40,Durham,34,Gloucestershire,2023-07-11T11:53:56Z,3,False,,,,455,Josh Shaw,101,Alex Lees,2470,Scott Borthwick,208,182,Deep Mid Wicket,4,0,4,4,,LengthBall,Null,NotOut,HitHard,0,Flick,Null,Round,Fast,Right,Null,NotReferred,Null,False,False,False,False,False,False,10,False,False,False,False,False,False,4,0,0,0,0,False,True
784211,4,6.75,14.0,0.0,0.0,27.0,1.0,14.0,30340,,15911,County Championship Division Two 2023,2,40,Durham,34,Gloucestershire,2023-07-11T11:54:45Z,4,False,,,,455,Josh Shaw,101,Alex Lees,2470,Scott Borthwick,305,111,Mid Off,2,0,2,2,,LengthBall,Null,NotOut,Played,0,Drive,Null,Round,Fast,Right,Null,NotReferred,Null,False,False,False,False,False,False,10,False,False,False,False,False,False,2,0,0,0,0,False,False
784211,4,6.75,14.0,0.0,0.0,27.0,1.0,14.0,30340,,15911,County Championship Division Two 2023,2,40,Durham,34,Gloucestershire,2023-07-11T11:55:23Z,5,False,,,,455,Josh Shaw,101,Alex Lees,2470,Scott Borthwick,176,94,Square Leg,0,0,0,0,,Short,Null,NotOut,Played,0,Pull,Null,Round,Fast,Right,Null,NotReferred,Null,False,False,False,False,False,False,10,False,False,False,False,False,False,0,0,0,0,0,False,False
784211,4,6.75,14.0,0.0,0.0,27.0,1.0,14.0,30340,,15911,County Championship Division Two 2023,2,40,Durham,34,Gloucestershire,2023-07-11T11:55:53Z,6,False,,,,455,Josh Shaw,101,Alex Lees,2470,Scott Borthwick,203,35,Short Leg,0,0,0,0,,LengthBall,Null,NotOut,Played,0,ForwardDefensive,Null,Round,Fast,Right,Null,NotReferred,Null,False,False,False,False,False,False,10,False,False,False,False,False,False,0,0,0,0,0,False,False
784225,5,6.4,5.0,0.0,0.0,32.0,1.0,5.0,30340,,15911,County Championship Division Two 2023,2,40,Durham,34,Gloucestershire,2023-07-11T11:56:55Z,1,False,,,,44,Matt Taylor,2470,Scott Borthwick,101,Alex Lees,63,170,Third Man,4,0,4,4,,LengthBall,Null,NotOut,Edged,0,ForwardDefensive,Null,Over,Fast,Left,Null,NotReferred,Null,False,False,False,False,False,False,25,False,False,False,False,False,False,4,0,0,0,0,False,True
784225,5,6.4,5.0,0.0,0.0,32.0,1.0,5.0,30340,,15911,County Championship Division Two 2023,2,40,Durham,34,Gloucestershire,2023-07-11T11:57:40Z,2,False,,,,44,Matt Taylor,2470,Scott Borthwick,101,Alex Lees,348,43,Point,0,0,0,0,,LengthBall,Null,NotOut,Played,0,ForwardDefensive,Null,Over,Fast,Left,Null,NotReferred,Null,False,False,False,False,False,False,25,False,False,False,False,False,False,0,0,0,0,0,False,False
784225,5,6.4,5.0,0.0,0.0,32.0,1.0,5.0,30340,,15911,County Championship Division Two 2023,2,40,Durham,34,Gloucestershire,2023-07-11T11:58:15Z,3,False,,,,44,Matt Taylor,2470,Scott Borthwick,101,Alex Lees,326,35,Short Extra Cover,0,0,0,0,,LengthBall,Null,NotOut,Played,0,ForwardDefensive,Null,Over,Fast,Left,Null,NotReferred,Null,False,False,False,False,False,False,25,False,False,False,False,False,False,0,0,0,0,0,False,False
784225,5,6.4,5.0,0.0,0.0,32.0,1.0,5.0,30340,,15911,County Championship Division Two 2023,2,40,Durham,34,Gloucestershire,2023-07-11T11:58:48Z,4,False,,,,44,Matt Taylor,2470,Scott Borthwick,101,Alex Lees,300,80,Mid Off,0,0,0,0,,LengthBall,Null,NotOut,Played,0,Drive,Null,Over,Fast,Left,Null,NotReferred,Null,False,False,False,False,False,False,25,False,False,False,False,False,False,0,0,0,0,0,False,False
784225,5,6.4,5.0,0.0,0.0,32.0,1.0,5.0,30340,,15911,County Championship Division Two 2023,2,40,Durham,34,Gloucestershire,2023-07-11T11:59:29Z,5,False,,,,44,Matt Taylor,2470,Scott Borthwick,101,Alex Lees,270,40,Bowler,0,0,0,0,,LengthBall,Null,NotOut,Played,0,ForwardDefensive,Null,Over,Fast,Left,Null,NotReferred,Null,False,False,False,False,False,False,25,False,False,False,False,False,False,0,0,0,0,0,False,False
784225,5,6.4,5.0,0.0,0.0,32.0,1.0,5.0,30340,,15911,County Championship Division Two 2023,2,40,Durham,34,Gloucestershire,2023-07-11T11:59:57Z,6,False,,,,44,Matt Taylor,2470,Scott Borthwick,101,Alex Lees,195,141,Deep Mid Wicket,1,0,1,1,,LengthBall,Null,NotOut,Played,0,Worked,Null,Over,Fast,Left,Null,NotReferred,Null,False,False,False,False,False,False,25,False,False,False,False,False,False,1,0,0,0,0,False,False
784236,6,6.67,8.0,0.0,0.0,40.0,1.0,8.0,30340,,15911,County Championship Division Two 2023,2,40,Durham,34,Gloucestershire,2023-07-11T12:01:00Z,1,False,,,,455,Josh Shaw,2470,Scott Borthwick,101,Alex Lees,90,48,Wicketkeeper,0,0,0,0,,LengthBall,Null,NotOut,NoShot,0,Leave,Null,Over,Fast,Right,Null,NotReferred,Null,False,False,False,False,False,False,10,False,False,False,False,False,False,0,0,0,0,0,False,False
784236,6,6.67,8.0,0.0,0.0,40.0,1.0,8.0,30340,,15911,County Championship Division Two 2023,2,40,Durham,34,Gloucestershire,2023-07-11T12:01:35Z,2,False,,,,455,Josh Shaw,2470,Scott Borthwick,101,Alex Lees,301,93,Mid Off,0,0,0,0,,LengthBall,Null,NotOut,Played,0,Drive,Null,Over,Fast,Right,Null,NotReferred,Null,False,False,False,False,False,False,10,False,False,False,False,False,False,0,0,0,0,0,False,False
784236,6,6.67,8.0,0.0,0.0,40.0,1.0,8.0,30340,,15911,County Championship Division Two 2023,2,40,Durham,34,Gloucestershire,2023-07-11T12:02:08Z,3,False,,,,455,Josh Shaw,2470,Scott Borthwick,101,Alex Lees,218,74,Mid Wicket,0,0,0,0,,LengthBall,Null,NotOut,Played,0,ForwardDefensive,Null,Over,Fast,Right,Null,NotReferred,Null,False,False,False,False,False,False,10,False,False,False,False,False,False,0,0,0,0,0,False,False
784236,6,6.67,8.0,0.0,0.0,40.0,1.0,8.0,30340,,15911,County Championship Division Two 2023,2,40,Durham,34,Gloucestershire,2023-07-11T12:02:40Z,4,False,,,,455,Josh Shaw,2470,Scott Borthwick,101,Alex Lees,52,179,Third Man,4,0,4,4,,BackOfALength,Null,NotOut,Played,0,Cut,Null,Over,Fast,Right,Null,NotReferred,Null,False,False,False,False,False,False,10,False,False,False,False,False,False,4,0,0,0,0,False,True
784236,6,6.67,8.0,0.0,0.0,40.0,1.0,8.0,30340,,15911,County Championship Division Two 2023,2,40,Durham,34,Gloucestershire,2023-07-11T12:03:19Z,5,False,,,,455,Josh Shaw,2470,Scott Borthwick,101,Alex Lees,353,192,Deep Point,4,0,4,4,,BackOfALength,Null,NotOut,HitHard,0,Cut,Null,Over,Fast,Right,Null,NotReferred,Null,False,False,False,False,False,False,10,False,False,False,False,False,False,4,0,0,0,0,False,True
784236,6,6.67,8.0,0.0,0.0,40.0,1.0,8.0,30340,,15911,County Championship Division Two 2023,2,40,Durham,34,Gloucestershire,2023-07-11T12:03:56Z,6,False,,,,455,Josh Shaw,2470,Scott Borthwick,101,Alex Lees,90,48,Wicketkeeper,0,0,0,0,,LengthBall,Null,NotOut,MissedLegSide,0,Flick,Null,Over,Fast,Right,Null,NotReferred,Null,False,False,False,False,False,False,10,False,False,False,False,False,False,0,0,0,0,0,False,False
784245,7,5.71,0.0,0.0,0.0,40.0,1.0,0.0,30340,,15911,County Championship Division Two 2023,2,40,Durham,34,Gloucestershire,2023-07-11T12:04:59Z,1,False,,,,44,Matt Taylor,101,Alex Lees,2470,Scott Borthwick,317,61,Short Extra Cover,0,0,0,0,,LengthBall,Null,NotOut,Played,0,ForwardDefensive,Null,Over,Fast,Left,Null,NotReferred,Null,False,False,False,False,False,False,25,False,False,False,False,False,False,0,0,0,0,0,False,False
784245,7,5.71,0.0,0.0,0.0,40.0,1.0,0.0,30340,,15911,County Championship Division Two 2023,2,40,Durham,34,Gloucestershire,2023-07-11T12:05:32Z,2,False,,,,44,Matt Taylor,101,Alex Lees,2470,Scott Borthwick,90,48,Wicketkeeper,0,0,0,0,,LengthBall,Null,NotOut,MissedLegSide,0,Flick,Null,Over,Fast,Left,Null,NotReferred,Null,False,False,False,False,False,False,25,False,False,False,False,False,False,0,0,0,0,0,False,False
784245,7,5.71,0.0,0.0,0.0,40.0,1.0,0.0,30340,,15911,County Championship Division Two 2023,2,40,Durham,34,Gloucestershire,2023-07-11T12:06:09Z,3,False,,,,44,Matt Taylor,101,Alex Lees,2470,Scott Borthwick,90,48,Wicketkeeper,0,0,0,0,,LengthBall,Null,NotOut,MissedLegSide,0,Flick,Null,Over,Fast,Left,Null,NotReferred,Null,False,False,False,False,False,False,25,False,False,False,False,False,False,0,0,0,0,0,False,False
784245,7,5.71,0.0,0.0,0.0,40.0,1.0,0.0,30340,,15911,County Championship Division Two 2023,2,40,Durham,34,Gloucestershire,2023-07-11T12:06:35Z,4,False,,,,44,Matt Taylor,101,Alex Lees,2470,Scott Borthwick,203,40,Short Mid Wicket,0,0,0,0,,Yorker,Null,NotOut,Played,0,Worked,Null,Over,Fast,Left,Null,NotReferred,Null,False,False,False,False,False,False,25,False,False,False,False,False,False,0,0,0,0,0,False,False
784245,7,5.71,0.0,0.0,0.0,40.0,1.0,0.0,30340,,15911,County Championship Division Two 2023,2,40,Durham,34,Gloucestershire,2023-07-11T12:07:13Z,5,False,,,,44,Matt Taylor,101,Alex Lees,2470,Scott Borthwick,270,40,Bowler,0,0,0,0,,LengthBall,Null,NotOut,Played,0,Drive,Null,Over,Fast,Left,Null,NotReferred,Null,False,False,False,False,False,False,25,False,False,False,False,False,False,0,0,0,0,0,False,False
784245,7,5.71,0.0,0.0,0.0,40.0,1.0,0.0,30340,,15911,County Championship Division Two 2023,2,40,Durham,34,Gloucestershire,2023-07-11T12:07:46Z,6,False,,,,44,Matt Taylor,101,Alex Lees,2470,Scott Borthwick,314,23,Silly Point,0,0,0,0,,LengthBall,Null,Lbw,HitPad,0,Flick,Null,Over,Fast,Left,NotOut2ndUmpire,NotReferred,Null,False,False,False,False,False,True,10,False,False,False,False,False,False,0,0,0,0,0,False,False
784256,8,5.0,0.0,0.0,0.0,40.0,1.0,0.0,30340,,15911,County Championship Division Two 2023,2,40,Durham,34,Gloucestershire,2023-07-11T12:09:19Z,1,False,,,,2503,Zaman Akhter,2470,Scott Borthwick,101,Alex Lees,221,54,Short Mid Wicket,0,0,0,0,,LengthBall,Null,NotOut,Played,0,ForwardDefensive,Null,Over,Fast,Right,Null,NotReferred,Null,False,False,False,False,False,False,25,False,False,False,False,False,False,0,0,0,0,0,False,False
784256,8,5.0,0.0,0.0,0.0,40.0,1.0,0.0,30340,,15911,County Championship Division Two 2023,2,40,Durham,34,Gloucestershire,2023-07-11T12:09:48Z,2,False,,,,2503,Zaman Akhter,2470,Scott Borthwick,101,Alex Lees,90,48,Wicketkeeper,0,0,0,0,,LengthBall,Null,NotOut,NoShot,0,Leave,Null,Over,Fast,Right,Null,NotReferred,Null,False,False,False,False,False,False,25,False,False,False,False,False,False,0,0,0,0,0,False,False
784256,8,5.0,0.0,0.0,0.0,40.0,1.0,0.0,30340,,15911,County Championship Division Two 2023,2,40,Durham,34,Gloucestershire,2023-07-11T12:10:17Z,3,False,,,,2503,Zaman Akhter,2470,Scott Borthwick,101,Alex Lees,316,39,Short Extra Cover,0,0,0,0,,LengthBall,Null,NotOut,Played,0,ForwardDefensive,Null,Over,Fast,Right,Null,NotReferred,Null,False,False,False,False,False,False,25,False,False,False,False,False,False,0,0,0,0,0,False,False
784256,8,5.0,0.0,0.0,0.0,40.0,1.0,0.0,30340,,15911,County Championship Division Two 2023,2,40,Durham,34,Gloucestershire,2023-07-11T12:10:48Z,4,False,,,,2503,Zaman Akhter,2470,Scott Borthwick,101,Alex Lees,60,50,Second Slip,0,0,0,0,,LengthBall,Null,NotOut,Edged,0,ForwardDefensive,Null,Over,Fast,Right,Null,NotReferred,Null,False,False,False,False,False,False,25,False,False,False,False,False,False,0,0,0,0,0,False,False
784256,8,5.0,0.0,0.0,0.0,40.0,1.0,0.0,30340,,15911,County Championship Division Two 2023,2,40,Durham,34,Gloucestershire,2023-07-11T12:11:23Z,5,False,,,,2503,Zaman Akhter,2470,Scott Borthwick,101,Alex Lees,299,82,Mid Off,0,0,0,0,,LengthBall,Null,NotOut,Played,0,ForwardDefensive,Null,Over,Fast,Right,Null,NotReferred,Null,False,False,False,False,False,False,25,False,False,False,False,False,False,0,0,0,0,0,False,False
784256,8,5.0,0.0,0.0,0.0,40.0,1.0,0.0,30340,,15911,County Championship Division Two 2023,2,40,Durham,34,Gloucestershire,2023-07-11T12:11:50Z,6,False,,,,2503,Zaman Akhter,2470,Scott Borthwick,101,Alex Lees,307,42,Silly Mid Off,0,0,0,0,,LengthBall,Null,NotOut,Played,0,ForwardDefensive,Null,Over,Fast,Right,Null,NotReferred,Null,False,False,False,False,False,False,25,False,False,False,False,False,False,0,0,0,0,0,False,False
784267,9,4.89,4.0,0.0,0.0,44.0,1.0,4.0,30340,,15911,County Championship Division Two 2023,2,40,Durham,34,Gloucestershire,2023-07-11T12:12:47Z,1,False,,,,44,Matt Taylor,101,Alex Lees,2470,Scott Borthwick,198,85,Mid Wicket,0,0,0,0,,LengthBall,Null,NotOut,Played,0,Worked,Null,Over,Fast,Left,Null,NotReferred,Null,False,False,False,False,False,False,10,False,False,False,False,False,False,0,0,0,0,0,False,False
784267,9,4.89,4.0,0.0,0.0,44.0,1.0,4.0,30340,,15911,County Championship Division Two 2023,2,40,Durham,34,Gloucestershire,2023-07-11T12:13:18Z,2,False,,,,44,Matt Taylor,101,Alex Lees,2470,Scott Borthwick,270,40,Bowler,0,0,0,0,,Yorker,Null,NotOut,Played,0,ForwardDefensive,Null,Over,Fast,Left,Null,NotReferred,Null,False,False,False,False,False,False,10,False,False,False,False,False,False,0,0,0,0,0,False,False
784267,9,4.89,4.0,0.0,0.0,44.0,1.0,4.0,30340,,15911,County Championship Division Two 2023,2,40,Durham,34,Gloucestershire,2023-07-11T12:13:53Z,3,False,,,,44,Matt Taylor,101,Alex Lees,2470,Scott Borthwick,335,148,Deep Cover,2,0,2,2,,LengthBall,Null,NotOut,Played,0,Pushed,Null,Over,Fast,Left,Null,NotReferred,Null,False,False,False,False,False,False,10,False,False,False,False,False,False,2,0,0,0,0,False,False
784267,9,4.89,4.0,0.0,0.0,44.0,1.0,4.0,30340,,15911,County Championship Division Two 2023,2,40,Durham,34,Gloucestershire,2023-07-11T12:14:36Z,4,False,,,,44,Matt Taylor,101,Alex Lees,2470,Scott Borthwick,346,163,Deep Cover,2,0,2,2,,HalfVolley,Null,NotOut,Played,0,Drive,Null,Over,Fast,Left,Null,NotReferred,Null,False,False,False,False,False,False,10,False,False,False,False,False,False,2,0,0,0,0,False,False
784267,9,4.89,4.0,0.0,0.0,44.0,1.0,4.0,30340,,15911,County Championship Division Two 2023,2,40,Durham,34,Gloucestershire,2023-07-11T12:15:23Z,5,False,,,,44,Matt Taylor,101,Alex Lees,2470,Scott Borthwick,313,41,Short Extra Cover,0,0,0,0,,LengthBall,Null,NotOut,Played,0,ForwardDefensive,Null,Over,Fast,Left,Null,NotReferred,Null,False,False,False,False,False,False,10,False,False,False,False,False,False,0,0,0,0,0,False,False
784267,9,4.89,4.0,0.0,0.0,44.0,1.0,4.0,30340,,15911,County Championship Division Two 2023,2,40,Durham,34,Gloucestershire,2023-07-11T12:15:58Z,6,False,,,,44,Matt Taylor,101,Alex Lees,2470,Scott Borthwick,90,48,Wicketkeeper,0,0,0,0,,LengthBall,Null,NotOut,MissedLegSide,0,Worked,Null,Over,Fast,Left,Null,NotReferred,Null,False,False,False,False,False,False,10,False,False,False,False,False,False,0,0,0,0,0,False,False
784279,10,5.2,8.0,0.0,0.0,52.0,1.0,8.0,30340,,15911,County Championship Division Two 2023,2,40,Durham,34,Gloucestershire,2023-07-11T12:16:45Z,1,False,,,,2503,Zaman Akhter,2470,Scott Borthwick,101,Alex Lees,215,52,Short Mid Wicket,0,0,0,0,,LengthBall,Null,NotOut,Played,0,ForwardDefensive,Null,Over,Fast,Right,Null,NotReferred,Null,False,False,False,False,False,False,25,False,False,False,False,False,False,0,0,0,0,0,False,False
784279,10,5.2,8.0,0.0,0.0,52.0,1.0,8.0,30340,,15911,County Championship Division Two 2023,2,40,Durham,34,Gloucestershire,2023-07-11T12:17:21Z,2,False,,,,2503,Zaman Akhter,2470,Scott Borthwick,101,Alex Lees,254,193,Long On,4,0,4,4,,LengthBall,Null,NotOut,HitHard,0,Drive,Null,Over,Fast,Right,Null,NotReferred,Null,False,False,False,False,False,False,25,False,False,False,False,False,False,4,0,0,0,0,False,True
784279,10,5.2,8.0,0.0,0.0,52.0,1.0,8.0,30340,,15911,County Championship Division Two 2023,2,40,Durham,34,Gloucestershire,2023-07-11T12:18:02Z,3,False,,,,2503,Zaman Akhter,2470,Scott Borthwick,101,Alex Lees,90,48,Wicketkeeper,0,0,0,0,,LengthBall,Null,NotOut,NoShot,0,Leave,Null,Over,Fast,Right,Null,NotReferred,Null,False,False,False,False,False,False,25,False,False,False,False,False,False,0,0,0,0,0,False,False
784279,10,5.2,8.0,0.0,0.0,52.0,1.0,8.0,30340,,15911,County Championship Division Two 2023,2,40,Durham,34,Gloucestershire,2023-07-11T12:18:34Z,4,False,,,,2503,Zaman Akhter,2470,Scott Borthwick,101,Alex Lees,180,89,Square Leg,0,0,0,0,,LengthBall,Null,NotOut,Played,0,Worked,Null,Over,Fast,Right,Null,NotReferred,Null,False,False,False,False,False,False,25,False,False,False,False,False,False,0,0,0,0,0,False,False
784279,10,5.2,8.0,0.0,0.0,52.0,1.0,8.0,30340,,15911,County Championship Division Two 2023,2,40,Durham,34,Gloucestershire,2023-07-11T12:19:09Z,5,False,,,,2503,Zaman Akhter,2470,Scott Borthwick,101,Alex Lees,295,29,Silly Mid Off,0,0,0,0,,LengthBall,Null,NotOut,Played,0,ForwardDefensive,Null,Over,Fast,Right,Null,NotReferred,Null,False,False,False,False,False,False,25,False,False,False,False,False,False,0,0,0,0,0,False,False
784279,10,5.2,8.0,0.0,0.0,52.0,1.0,8.0,30340,,15911,County Championship Division Two 2023,2,40,Durham,34,Gloucestershire,2023-07-11T12:19:40Z,6,False,,,,2503,Zaman Akhter,2470,Scott Borthwick,101,Alex Lees,318,198,Deep Extra Cover,4,0,4,4,,LengthBall,Null,NotOut,HitHard,0,Drive,Null,Over,Fast,Right,Null,NotReferred,Null,False,False,False,False,False,False,25,False,False,False,False,False,False,4,0,0,0,0,False,True
784291,11,5.18,5.0,0.0,0.0,57.0,1.0,5.0,30340,,15911,County Championship Division Two 2023,2,40,Durham,34,Gloucestershire,2023-07-11T12:20:53Z,1,False,,,,44,Matt Taylor,101,Alex Lees,2470,Scott Borthwick,189,13,Short Leg,0,0,0,0,,LengthBall,Null,NotOut,Edged,0,ForwardDefensive,Null,Over,Fast,Left,Null,NotReferred,Null,False,False,False,False,False,False,10,False,False,False,False,False,False,0,0,0,0,0,False,False
784291,11,5.18,5.0,0.0,0.0,57.0,1.0,5.0,30340,,15911,County Championship Division Two 2023,2,40,Durham,34,Gloucestershire,2023-07-11T12:21:36Z,2,False,,,,44,Matt Taylor,101,Alex Lees,2470,Scott Borthwick,199,197,Deep Mid Wicket,4,0,4,4,,HalfVolley,Null,NotOut,HitHard,0,Flick,Null,Over,Fast,Left,Null,NotReferred,Null,False,False,False,False,False,False,10,False,False,False,False,False,False,4,0,0,0,0,False,True
784291,11,5.18,5.0,0.0,0.0,57.0,1.0,5.0,30340,,15911,County Championship Division Two 2023,2,40,Durham,34,Gloucestershire,2023-07-11T12:22:16Z,3,False,,,,44,Matt Taylor,101,Alex Lees,2470,Scott Borthwick,300,100,Mid Off,0,0,0,0,,LengthBall,Null,NotOut,Played,0,Drive,Null,Over,Fast,Left,Null,NotReferred,Null,False,False,False,False,False,False,10,False,False,False,False,False,False,0,0,0,0,0,False,False
784291,11,5.18,5.0,0.0,0.0,57.0,1.0,5.0,30340,,15911,County Championship Division Two 2023,2,40,Durham,34,Gloucestershire,2023-07-11T12:22:48Z,4,False,,,,44,Matt Taylor,101,Alex Lees,2470,Scott Borthwick,170,152,Deep Backward Square Leg,1,0,1,1,,LengthBall,Null,NotOut,Played,0,Flick,Null,Over,Fast,Left,Null,NotReferred,Null,False,False,False,False,False,False,10,False,False,False,False,False,False,1,0,0,0,0,False,False
784291,11,5.18,5.0,0.0,0.0,57.0,1.0,5.0,30340,,15911,County Championship Division Two 2023,2,40,Durham,34,Gloucestershire,2023-07-11T12:23:42Z,5,False,,,,44,Matt Taylor,2470,Scott Borthwick,101,Alex Lees,200,75,Mid Wicket,0,0,0,0,,LengthBall,Null,NotOut,Played,0,Worked,Null,Over,Fast,Left,Null,NotReferred,Null,False,False,False,False,False,False,10,False,False,False,False,False,False,0,0,0,0,0,False,False
784291,11,5.18,5.0,0.0,0.0,57.0,1.0,5.0,30340,,15911,County Championship Division Two 2023,2,40,Durham,34,Gloucestershire,2023-07-11T12:24:21Z,6,False,,,,44,Matt Taylor,2470,Scott Borthwick,101,Alex Lees,242,82,Mid On,0,0,0,0,,LengthBall,Null,NotOut,Played,0,ForwardDefensive,Null,Over,Fast,Left,Null,NotReferred,Null,False,False,False,False,False,False,10,False,False,False,False,False,False,0,0,0,0,0,False,False
784304,12,5.08,4.0,0.0,0.0,61.0,1.0,4.0,30340,,15911,County Championship Division Two 2023,2,40,Durham,34,Gloucestershire,2023-07-11T12:25:20Z,1,False,,,,2503,Zaman Akhter,101,Alex Lees,2470,Scott Borthwick,230,41,Silly Mid On,0,0,0,0,,LengthBall,Null,NotOut,MisTimed,0,Drive,Null,Over,Fast,Right,Null,NotReferred,Null,False,False,False,False,False,False,25,False,False,False,False,False,False,0,0,0,0,0,False,False
784304,12,5.08,4.0,0.0,0.0,61.0,1.0,4.0,30340,,15911,County Championship Division Two 2023,2,40,Durham,34,Gloucestershire,2023-07-11T12:25:52Z,2,False,,,,2503,Zaman Akhter,101,Alex Lees,2470,Scott Borthwick,323,44,Short Extra Cover,0,0,0,0,,LengthBall,Null,NotOut,Played,0,ForwardDefensive,Null,Over,Fast,Right,Null,NotReferred,Null,False,False,False,False,False,False,25,False,False,False,False,False,False,0,0,0,0,0,False,False
784304,12,5.08,4.0,0.0,0.0,61.0,1.0,4.0,30340,,15911,County Championship Division Two 2023,2,40,Durham,34,Gloucestershire,2023-07-11T12:26:23Z,3,False,,,,2503,Zaman Akhter,101,Alex Lees,2470,Scott Borthwick,280,195,Long Off,4,0,4,4,,HalfVolley,Null,NotOut,HitHard,0,Drive,Null,Over,Fast,Right,Null,NotReferred,Null,False,False,False,False,False,False,25,False,False,False,False,False,False,4,0,0,0,0,False,True
784304,12,5.08,4.0,0.0,0.0,61.0,1.0,4.0,30340,,15911,County Championship Division Two 2023,2,40,Durham,34,Gloucestershire,2023-07-11T12:26:57Z,4,False,,,,2503,Zaman Akhter,101,Alex Lees,2470,Scott Borthwick,310,38,Short Extra Cover,0,0,0,0,,LengthBall,Null,NotOut,Played,0,ForwardDefensive,Null,Over,Fast,Right,Null,NotReferred,Null,False,False,False,False,False,False,25,False,False,False,False,False,False,0,0,0,0,0,False,False
784304,12,5.08,4.0,0.0,0.0,61.0,1.0,4.0,30340,,15911,County Championship Division Two 2023,2,40,Durham,34,Gloucestershire,2023-07-11T12:27:27Z,5,False,,,,2503,Zaman Akhter,101,Alex Lees,2470,Scott Borthwick,299,101,Mid Off,0,0,0,0,,LengthBall,Null,NotOut,Played,0,Drive,Null,Over,Fast,Right,Null,NotReferred,Null,False,False,False,False,False,False,25,False,False,False,False,False,False,0,0,0,0,0,False,False
784304,12,5.08,4.0,0.0,0.0,61.0,1.0,4.0,30340,,15911,County Championship Division Two 2023,2,40,Durham,34,Gloucestershire,2023-07-11T12:28:02Z,6,False,,,,2503,Zaman Akhter,101,Alex Lees,2470,Scott Borthwick,270,40,Bowler,0,0,0,0,,LengthBall,Null,NotOut,Played,0,ForwardDefensive,Null,Over,Fast,Right,Null,NotReferred,Null,False,False,False,False,False,False,25,False,False,False,False,False,False,0,0,0,0,0,False,False
784313,13,4.69,0.0,0.0,0.0,61.0,1.0,0.0,30340,,15911,County Championship Division Two 2023,2,40,Durham,34,Gloucestershire,2023-07-11T12:29:25Z,1,False,,,,455,Josh Shaw,2470,Scott Borthwick,101,Alex Lees,291,81,Mid Off,0,0,0,0,,LengthBall,Null,NotOut,Played,0,ForwardDefensive,Null,Round,Fast,Right,Null,NotReferred,Null,False,False,False,False,False,False,10,False,False,False,False,False,False,0,0,0,0,0,False,False
784313,13,4.69,0.0,0.0,0.0,61.0,1.0,0.0,30340,,15911,County Championship Division Two 2023,2,40,Durham,34,Gloucestershire,2023-07-11T12:29:56Z,2,False,,,,455,Josh Shaw,2470,Scott Borthwick,101,Alex Lees,345,51,Point,0,0,0,0,,LengthBall,Null,NotOut,Played,0,ForwardDefensive,Null,Round,Fast,Right,Null,NotReferred,Null,False,False,False,False,False,False,10,False,False,False,False,False,False,0,0,0,0,0,False,False
784313,13,4.69,0.0,0.0,0.0,61.0,1.0,0.0,30340,,15911,County Championship Division Two 2023,2,40,Durham,34,Gloucestershire,2023-07-11T12:30:29Z,3,False,,,,455,Josh Shaw,2470,Scott Borthwick,101,Alex Lees,260,81,Mid On,0,0,0,0,,LengthBall,Null,NotOut,Played,0,ForwardDefensive,Null,Round,Fast,Right,Null,NotReferred,Null,False,False,False,False,False,False,10,False,False,False,False,False,False,0,0,0,0,0,False,False
784313,13,4.69,0.0,0.0,0.0,61.0,1.0,0.0,30340,,15911,County Championship Division Two 2023,2,40,Durham,34,Gloucestershire,2023-07-11T12:31:01Z,4,False,,,,455,Josh Shaw,2470,Scott Borthwick,101,Alex Lees,90,48,Wicketkeeper,0,0,0,0,,LengthBall,Null,NotOut,Missed,0,Drive,Null,Round,Fast,Right,Null,NotReferred,Null,False,False,False,False,False,False,10,False,False,False,False,False,False,0,0,0,0,0,False,False
784313,13,4.69,0.0,0.0,0.0,61.0,1.0,0.0,30340,,15911,County Championship Division Two 2023,2,40,Durham,34,Gloucestershire,2023-07-11T12:31:35Z,5,False,,,,455,Josh Shaw,2470,Scott Borthwick,101,Alex Lees,343,63,Point,0,0,0,0,,LengthBall,Null,NotOut,Played,0,ForwardDefensive,Null,Round,Fast,Right,Null,NotReferred,Null,False,False,False,False,False,False,10,False,False,False,False,False,False,0,0,0,0,0,False,False
784313,13,4.69,0.0,0.0,0.0,61.0,1.0,0.0,30340,,15911,County Championship Division Two 2023,2,40,Durham,34,Gloucestershire,2023-07-11T12:32:07Z,6,False,,,,455,Josh Shaw,2470,Scott Borthwick,101,Alex Lees,293,89,Mid Off,0,0,0,0,,LengthBall,Null,NotOut,Played,0,ForwardDefensive,Null,Round,Fast,Right,Null,NotReferred,Null,False,False,False,False,False,False,10,False,False,False,False,False,False,0,0,0,0,0,False,False
784326,14,5.21,12.0,0.0,0.0,73.0,1.0,12.0,30340,,15911,County Championship Division Two 2023,2,40,Durham,34,Gloucestershire,2023-07-11T12:33:05Z,1,False,,,,2503,Zaman Akhter,101,Alex Lees,2470,Scott Borthwick,347,188,Deep Cover,4,0,4,4,,BackOfALength,Null,NotOut,HitHard,0,Cut,Null,Over,Fast,Right,Null,NotReferred,Null,False,False,False,False,False,False,25,False,False,False,False,False,False,4,0,0,0,0,False,True
784326,14,5.21,12.0,0.0,0.0,73.0,1.0,12.0,30340,,15911,County Championship Division Two 2023,2,40,Durham,34,Gloucestershire,2023-07-11T12:33:40Z,2,False,,,,2503,Zaman Akhter,101,Alex Lees,2470,Scott Borthwick,299,94,Mid Off,0,0,0,0,,LengthBall,Null,NotOut,Played,0,Drive,Null,Over,Fast,Right,Null,NotReferred,Null,False,False,False,False,False,False,25,False,False,False,False,False,False,0,0,0,0,0,False,False
784326,14,5.21,12.0,0.0,0.0,73.0,1.0,12.0,30340,,15911,County Championship Division Two 2023,2,40,Durham,34,Gloucestershire,2023-07-11T12:34:10Z,3,False,,,,2503,Zaman Akhter,101,Alex Lees,2470,Scott Borthwick,343,59,Point,0,0,0,0,,LengthBall,Null,NotOut,Played,0,ForwardDefensive,Null,Round,Fast,Right,Null,NotReferred,Null,False,False,False,False,False,False,25,False,False,False,False,False,False,0,0,0,0,0,False,False
784326,14,5.21,12.0,0.0,0.0,73.0,1.0,12.0,30340,,15911,County Championship Division Two 2023,2,40,Durham,34,Gloucestershire,2023-07-11T12:34:39Z,4,False,,,,2503,Zaman Akhter,101,Alex Lees,2470,Scott Borthwick,304,39,Silly Mid Off,0,0,0,0,,LengthBall,Null,NotOut,Played,0,ForwardDefensive,Null,Round,Fast,Right,Null,NotReferred,Null,False,False,False,False,False,False,25,False,False,False,False,False,False,0,0,0,0,0,False,False
784326,14,5.21,12.0,0.0,0.0,73.0,1.0,12.0,30340,,15911,County Championship Division Two 2023,2,40,Durham,34,Gloucestershire,2023-07-11T12:35:12Z,5,False,,,,2503,Zaman Akhter,101,Alex Lees,2470,Scott Borthwick,170,191,Deep Backward Square Leg,4,0,4,4,,Short,Null,NotOut,HitHard,0,Pull,Null,Round,Fast,Right,Null,NotReferred,Null,False,False,False,False,True,False,25,False,False,False,False,False,False,4,0,0,0,0,False,True
784326,14,5.21,12.0,0.0,0.0,73.0,1.0,12.0,30340,,15911,County Championship Division Two 2023,2,40,Durham,34,Gloucestershire,2023-07-11T12:36:15Z,6,False,,,,2503,Zaman Akhter,101,Alex Lees,2470,Scott Borthwick,351,186,Deep Point,4,0,4,4,,LengthBall,Null,NotOut,HitHard,0,Drive,Null,Round,Fast,Right,Null,NotReferred,Null,False,False,False,False,False,False,25,False,False,False,False,False,False,4,0,0,0,0,False,True
784339,15,4.93,1.0,0.0,0.0,74.0,1.0,1.0,30340,,15911,County Championship Division Two 2023,2,40,Durham,34,Gloucestershire,2023-07-11T12:37:21Z,1,False,,,,455,Josh Shaw,2470,Scott Borthwick,101,Alex Lees,316,25,Silly Point,0,0,0,0,,LengthBall,Null,NotOut,Played,0,ForwardDefensive,Null,Round,Fast,Right,Null,NotReferred,Null,False,False,False,False,False,False,10,False,False,False,False,False,False,0,0,0,0,0,False,False
784339,15,4.93,1.0,0.0,0.0,74.0,1.0,1.0,30340,,15911,County Championship Division Two 2023,2,40,Durham,34,Gloucestershire,2023-07-11T12:37:50Z,2,False,,,,455,Josh Shaw,2470,Scott Borthwick,101,Alex Lees,48,155,Third Man,1,0,1,1,,LengthBall,Null,NotOut,Played,0,Steer,Null,Round,Fast,Right,Null,NotReferred,Null,False,False,False,False,False,False,10,False,False,False,False,False,False,1,0,0,0,0,False,False
784339,15,4.93,1.0,0.0,0.0,74.0,1.0,1.0,30340,,15911,County Championship Division Two 2023,2,40,Durham,34,Gloucestershire,2023-07-11T12:38:43Z,3,False,,,,455,Josh Shaw,101,Alex Lees,2470,Scott Borthwick,270,40,Bowler,0,0,0,0,,LengthBall,Null,NotOut,Played,0,Drive,Null,Round,Fast,Right,Null,NotReferred,Null,False,False,False,False,False,False,10,False,False,False,False,False,False,0,0,0,0,0,False,False
784339,15,4.93,1.0,0.0,0.0,74.0,1.0,1.0,30340,,15911,County Championship Division Two 2023,2,40,Durham,34,Gloucestershire,2023-07-11T12:39:16Z,4,False,,,,455,Josh Shaw,101,Alex Lees,2470,Scott Borthwick,337,74,Cover,0,0,0,0,,LengthBall,Null,NotOut,Played,0,Pushed,Null,Round,Fast,Right,Null,NotReferred,Null,False,False,False,False,False,False,10,False,False,False,False,False,False,0,0,0,0,0,False,False
784339,15,4.93,1.0,0.0,0.0,74.0,1.0,1.0,30340,,15911,County Championship Division Two 2023,2,40,Durham,34,Gloucestershire,2023-07-11T12:39:49Z,5,False,,,,455,Josh Shaw,101,Alex Lees,2470,Scott Borthwick,352,71,Point,0,0,0,0,,LengthBall,Null,NotOut,Played,0,Pushed,Null,Round,Fast,Right,Null,NotReferred,Null,False,False,False,False,False,False,10,False,False,False,False,False,False,0,0,0,0,0,False,False
784339,15,4.93,1.0,0.0,0.0,74.0,1.0,1.0,30340,,15911,County Championship Division Two 2023,2,40,Durham,34,Gloucestershire,2023-07-11T12:40:28Z,6,False,,,,455,Josh Shaw,101,Alex Lees,2470,Scott Borthwick,270,40,Bowler,0,0,0,0,,Yorker,Null,NotOut,Played,0,ForwardDefensive,Null,Round,Fast,Right,Null,NotReferred,Null,False,False,False,False,False,False,10,False,False,False,False,False,False,0,0,0,0,0,False,False
784352,16,4.75,2.0,0.0,0.0,76.0,1.0,2.0,30340,,15911,County Championship Division Two 2023,2,40,Durham,34,Gloucestershire,2023-07-11T12:41:40Z,1,False,,,,2503,Zaman Akhter,2470,Scott Borthwick,101,Alex Lees,309,33,Silly Point,0,0,0,0,,LengthBall,Null,NotOut,Played,0,ForwardDefensive,Null,Over,Fast,Right,Null,NotReferred,Null,False,False,False,False,False,False,25,False,False,False,False,False,False,0,0,0,0,0,False,False
784352,16,4.75,2.0,0.0,0.0,76.0,1.0,2.0,30340,,15911,County Championship Division Two 2023,2,40,Durham,34,Gloucestershire,2023-07-11T12:42:12Z,2,False,,,,2503,Zaman Akhter,2470,Scott Borthwick,101,Alex Lees,168,152,Deep Backward Square Leg,1,0,1,1,,Short,Null,NotOut,Played,0,Pull,Null,Over,Fast,Right,Null,NotReferred,Null,False,False,False,False,False,False,25,False,False,False,False,False,False,1,0,0,0,0,False,False
784352,16,4.75,2.0,0.0,0.0,76.0,1.0,2.0,30340,,15911,County Championship Division Two 2023,2,40,Durham,34,Gloucestershire,2023-07-11T12:43:05Z,3,False,,,,2503,Zaman Akhter,101,Alex Lees,2470,Scott Borthwick,299,106,Mid Off,0,0,0,0,,BackOfALength,Null,NotOut,MisTimed,0,Cut,Null,Round,Fast,Right,Null,NotReferred,Null,False,False,False,False,False,False,25,False,False,False,False,False,False,0,0,0,0,0,False,False
784352,16,4.75,2.0,0.0,0.0,76.0,1.0,2.0,30340,,15911,County Championship Division Two 2023,2,40,Durham,34,Gloucestershire,2023-07-11T12:43:37Z,4,False,,,,2503,Zaman Akhter,101,Alex Lees,2470,Scott Borthwick,90,48,Wicketkeeper,0,0,0,0,,Short,Null,NotOut,MissedLegSide,0,Pull,Null,Round,Fast,Right,Null,NotReferred,Null,False,False,False,False,False,False,25,False,False,False,False,False,False,0,0,0,0,0,False,False
784352,16,4.75,2.0,0.0,0.0,76.0,1.0,2.0,30340,,15911,County Championship Division Two 2023,2,40,Durham,34,Gloucestershire,2023-07-11T12:44:06Z,5,False,,,,2503,Zaman Akhter,101,Alex Lees,2470,Scott Borthwick,124,159,Fine Leg,1,0,1,1,,LengthBall,Null,NotOut,Played,0,UpperCut,Null,Round,Fast,Right,Null,NotReferred,Null,False,False,False,False,False,False,25,False,False,False,False,False,False,1,0,0,0,0,False,False
784352,16,4.75,2.0,0.0,0.0,76.0,1.0,2.0,30340,,15911,County Championship Division Two 2023,2,40,Durham,34,Gloucestershire,2023-07-11T12:44:48Z,6,False,,,,2503,Zaman Akhter,2470,Scott Borthwick,101,Alex Lees,312,44,Short Extra Cover,0,0,0,0,,LengthBall,Null,NotOut,Played,0,ForwardDefensive,Null,Round,Fast,Right,Null,NotReferred,Null,False,False,False,False,False,False,25,False,False,False,False,False,False,0,0,0,0,0,False,False
784364,17,4.53,1.0,1.0,0.0,77.0,2.0,1.0,30340,,15911,County Championship Division Two 2023,2,40,Durham,34,Gloucestershire,2023-07-11T12:45:52Z,1,False,,,,455,Josh Shaw,101,Alex Lees,2470,Scott Borthwick,201,88,Mid Wicket,0,0,0,0,,LengthBall,Null,NotOut,Played,0,Worked,Null,Round,Fast,Right,Null,NotReferred,Null,False,False,False,False,False,False,10,False,False,False,False,False,False,0,0,0,0,0,False,False
784364,17,4.53,1.0,1.0,0.0,77.0,2.0,1.0,30340,,15911,County Championship Division Two 2023,2,40,Durham,34,Gloucestershire,2023-07-11T12:46:28Z,2,False,,,,455,Josh Shaw,101,Alex Lees,2470,Scott Borthwick,187,149,Deep Square Leg,1,0,1,1,,LengthBall,Null,NotOut,Played,0,Worked,Null,Round,Fast,Right,Null,NotReferred,Null,False,False,False,False,False,False,10,False,False,False,False,False,False,1,0,0,0,0,False,False
784364,17,4.53,1.0,1.0,0.0,77.0,2.0,1.0,30340,,15911,County Championship Division Two 2023,2,40,Durham,34,Gloucestershire,2023-07-11T12:47:08Z,3,True,CaughtSub,2470.0,Scott Borthwick,455,Josh Shaw,2470,Scott Borthwick,101,Alex Lees,193,167,Deep Mid Wicket,0,0,0,0,Caught (sub),Short,Null,NotOut,MisTimed,0,Pull,Null,Round,Fast,Right,Out1stUmpire,NotReferred,Null,False,False,False,False,False,False,25,False,False,False,False,False,False,0,0,0,0,0,False,False
784364,17,4.53,1.0,1.0,0.0,77.0,2.0,1.0,30340,,15911,County Championship Division Two 2023,2,40,Durham,34,Gloucestershire,2023-07-11T12:49:47Z,4,False,,,,455,Josh Shaw,2651,David Bedingham,101,Alex Lees,90,48,Wicketkeeper,0,0,0,0,,LengthBall,Null,NotOut,MissedLegSide,0,Flick,Null,Over,Fast,Right,Null,NotReferred,Null,False,False,False,False,False,False,10,False,False,False,False,False,False,0,0,0,0,0,False,False
784364,17,4.53,1.0,1.0,0.0,77.0,2.0,1.0,30340,,15911,County Championship Division Two 2023,2,40,Durham,34,Gloucestershire,2023-07-11T12:50:23Z,5,False,,,,455,Josh Shaw,2651,David Bedingham,101,Alex Lees,211,51,Short Extra Cover,0,0,0,0,,LengthBall,Null,NotOut,Played,0,ForwardDefensive,Null,Over,Fast,Right,Null,NotReferred,Null,False,False,False,False,False,False,10,False,False,False,False,False,False,0,0,0,0,0,False,False
784364,17,4.53,1.0,1.0,0.0,77.0,2.0,1.0,30340,,15911,County Championship Division Two 2023,2,40,Durham,34,Gloucestershire,2023-07-11T12:50:57Z,6,False,,,,455,Josh Shaw,2651,David Bedingham,101,Alex Lees,221,51,Short Extra Cover,0,0,0,0,,LengthBall,Null,NotOut,Played,0,ForwardDefensive,Null,Over,Fast,Right,Null,NotReferred,Null,False,False,False,False,False,False,10,False,False,False,False,False,False,0,0,0,0,0,False,False
784382,18,4.83,10.0,0.0,0.0,87.0,2.0,10.0,30340,,15911,County Championship Division Two 2023,2,40,Durham,34,Gloucestershire,2023-07-11T12:52:42Z,1,False,,,,4202,Zafar Gohar,101,Alex Lees,2651,David Bedingham,270,40,Bowler,0,0,0,0,,LengthBall,Null,NotOut,Played,0,ForwardDefensive,Null,Over,Orthodox,Left,Null,NotReferred,Null,False,False,False,False,False,False,25,False,False,False,False,False,False,0,0,0,0,0,False,False
784382,18,4.83,10.0,0.0,0.0,87.0,2.0,10.0,30340,,15911,County Championship Division Two 2023,2,40,Durham,34,Gloucestershire,2023-07-11T12:52:57Z,2,False,,,,4202,Zafar Gohar,101,Alex Lees,2651,David Bedingham,165,75,Backward Square Leg,1,0,1,1,,LengthBall,Null,NotOut,Played,0,Sweep,Null,Over,Orthodox,Left,Null,NotReferred,Null,False,False,False,False,False,False,25,False,False,False,False,False,False,1,0,0,0,0,False,False
784382,18,4.83,10.0,0.0,0.0,87.0,2.0,10.0,30340,,15911,County Championship Division Two 2023,2,40,Durham,34,Gloucestershire,2023-07-11T12:53:34Z,3,False,,,,4202,Zafar Gohar,2651,David Bedingham,101,Alex Lees,359,148,Deep Square Leg,1,0,1,1,,LengthBall,Null,NotOut,Played,0,Worked,Null,Round,Orthodox,Left,Null,NotReferred,Null,False,False,False,False,False,False,25,False,False,False,False,False,False,1,0,0,0,0,False,False
784382,18,4.83,10.0,0.0,0.0,87.0,2.0,10.0,30340,,15911,County Championship Division Two 2023,2,40,Durham,34,Gloucestershire,2023-07-11T12:54:04Z,4,False,,,,4202,Zafar Gohar,101,Alex Lees,2651,David Bedingham,243,95,Mid On,0,0,0,0,,LengthBall,Null,NotOut,Played,0,Pushed,Null,Over,Orthodox,Left,Null,NotReferred,Null,False,False,False,False,False,False,25,False,False,False,False,False,False,0,0,0,0,0,False,False
784382,18,4.83,10.0,0.0,0.0,87.0,2.0,10.0,30340,,15911,County Championship Division Two 2023,2,40,Durham,34,Gloucestershire,2023-07-11T12:54:26Z,5,False,,,,4202,Zafar Gohar,101,Alex Lees,2651,David Bedingham,58,174,Third Man,4,0,4,4,,LengthBall,Null,NotOut,HitHard,0,ReverseSweep,Null,Over,Orthodox,Left,Null,NotReferred,Null,False,False,False,False,False,False,25,False,False,False,False,False,False,4,0,0,0,0,False,True
784382,18,4.83,10.0,0.0,0.0,87.0,2.0,10.0,30340,,15911,County Championship Division Two 2023,2,40,Durham,34,Gloucestershire,2023-07-11T12:55:25Z,6,False,,,,4202,Zafar Gohar,101,Alex Lees,2651,David Bedingham,347,200,Deep Cover,4,0,4,4,,BackOfALength,Null,NotOut,HitHard,0,Cut,Null,Round,Orthodox,Left,Null,NotReferred,Null,False,False,False,False,False,False,25,False,False,False,False,False,False,4,0,0,0,0,False,True
784394,19,4.89,6.0,0.0,0.0,93.0,2.0,6.0,30340,,15911,County Championship Division Two 2023,2,40,Durham,34,Gloucestershire,2023-07-11T12:56:40Z,1,False,,,,7784,Dominic Goodman,2651,David Bedingham,101,Alex Lees,0,83,Square Leg,2,0,2,2,,LengthBall,Null,NotOut,Played,0,Worked,Null,Round,Medium,Right,Null,NotReferred,Null,False,False,False,False,False,False,10,False,False,False,False,False,False,2,0,0,0,0,False,False
784394,19,4.89,6.0,0.0,0.0,93.0,2.0,6.0,30340,,15911,County Championship Division Two 2023,2,40,Durham,34,Gloucestershire,2023-07-11T12:57:19Z,2,False,,,,7784,Dominic Goodman,2651,David Bedingham,101,Alex Lees,291,87,Mid On,0,0,0,0,,LengthBall,Null,NotOut,Played,0,Drive,Null,Over,Medium,Right,Null,NotReferred,Null,False,False,False,False,False,False,10,False,False,False,False,False,False,0,0,0,0,0,False,False
784394,19,4.89,6.0,0.0,0.0,93.0,2.0,6.0,30340,,15911,County Championship Division Two 2023,2,40,Durham,34,Gloucestershire,2023-07-11T12:57:47Z,3,False,,,,7784,Dominic Goodman,2651,David Bedingham,101,Alex Lees,64,169,Fine Leg,4,0,4,4,,Short,Null,NotOut,Edged,0,Pull,Null,Over,Medium,Right,Null,NotReferred,Null,False,False,False,False,False,False,10,False,False,False,False,False,False,4,0,0,0,0,False,True
784394,19,4.89,6.0,0.0,0.0,93.0,2.0,6.0,30340,,15911,County Championship Division Two 2023,2,40,Durham,34,Gloucestershire,2023-07-11T12:58:35Z,4,False,,,,7784,Dominic Goodman,2651,David Bedingham,101,Alex Lees,194,76,Cover,0,0,0,0,,LengthBall,Null,NotOut,Played,0,Pushed,Null,Over,Medium,Right,Null,NotReferred,Null,False,False,False,False,False,False,10,False,False,False,False,False,False,0,0,0,0,0,False,False
784394,19,4.89,6.0,0.0,0.0,93.0,2.0,6.0,30340,,15911,County Championship Division Two 2023,2,40,Durham,34,Gloucestershire,2023-07-11T12:59:14Z,5,False,,,,7784,Dominic Goodman,2651,David Bedingham,101,Alex Lees,287,82,Mid On,0,0,0,0,,LengthBall,Null,NotOut,Played,0,ForwardDefensive,Null,Over,Medium,Right,Null,NotReferred,Null,False,False,False,False,False,False,10,False,False,False,False,False,False,0,0,0,0,0,False,False
784394,19,4.89,6.0,0.0,0.0,93.0,2.0,6.0,30340,,15911,County Championship Division Two 2023,2,40,Durham,34,Gloucestershire,2023-07-11T12:59:45Z,6,False,,,,7784,Dominic Goodman,2651,David Bedingham,101,Alex Lees,90,48,Wicketkeeper,0,0,0,0,,LengthBall,Null,NotOut,NoShot,0,Leave,Null,Over,Medium,Right,Null,NotReferred,Null,False,False,False,False,False,False,10,False,False,False,False,False,False,0,0,0,0,0,False,False
784406,20,4.8,3.0,0.0,0.0,96.0,2.0,3.0,30340,,15911,County Championship Division Two 2023,2,40,Durham,34,Gloucestershire,2023-07-11T13:00:49Z,1,False,,,,4202,Zafar Gohar,101,Alex Lees,2651,David Bedingham,203,69,Mid Wicket,1,0,1,1,,LengthBall,Null,NotOut,Played,0,Worked,Null,Over,Orthodox,Left,Null,NotReferred,Null,False,False,False,False,False,False,25,False,False,False,False,False,False,1,0,0,0,0,False,False
784406,20,4.8,3.0,0.0,0.0,96.0,2.0,3.0,30340,,15911,County Championship Division Two 2023,2,40,Durham,34,Gloucestershire,2023-07-11T13:01:23Z,2,False,,,,4202,Zafar Gohar,2651,David Bedingham,101,Alex Lees,219,48,Short Extra Cover,0,0,0,0,,LengthBall,Null,NotOut,Played,0,ForwardDefensive,Null,Round,Orthodox,Left,Null,NotReferred,Null,False,False,False,False,False,False,25,False,False,False,False,False,False,0,0,0,0,0,False,False
784406,20,4.8,3.0,0.0,0.0,96.0,2.0,3.0,30340,,15911,County Championship Division Two 2023,2,40,Durham,34,Gloucestershire,2023-07-11T13:01:41Z,3,False,,,,4202,Zafar Gohar,2651,David Bedingham,101,Alex Lees,198,145,Deep Cover,1,0,1,1,,LengthBall,Null,NotOut,Played,0,Pushed,Null,Round,Orthodox,Left,Null,NotReferred,Null,False,False,False,False,False,False,25,False,False,False,False,False,False,1,0,0,0,0,False,False
784406,20,4.8,3.0,0.0,0.0,96.0,2.0,3.0,30340,,15911,County Championship Division Two 2023,2,40,Durham,34,Gloucestershire,2023-07-11T13:02:08Z,4,False,,,,4202,Zafar Gohar,101,Alex Lees,2651,David Bedingham,251,154,Long On,1,0,1,1,,LengthBall,Null,NotOut,Played,0,Drive,Null,Over,Orthodox,Left,Null,NotReferred,Null,False,False,False,False,False,False,25,False,False,False,False,False,False,1,0,0,0,0,False,False
784406,20,4.8,3.0,0.0,0.0,96.0,2.0,3.0,30340,,15911,County Championship Division Two 2023,2,40,Durham,34,Gloucestershire,2023-07-11T13:02:36Z,5,False,,,,4202,Zafar Gohar,2651,David Bedingham,101,Alex Lees,270,40,Bowler,0,0,0,0,,LengthBall,Null,NotOut,Played,0,ForwardDefensive,Null,Round,Orthodox,Left,Null,NotReferred,Null,False,False,False,False,False,False,25,False,False,False,False,False,False,0,0,0,0,0,False,False
784406,20,4.8,3.0,0.0,0.0,96.0,2.0,3.0,30340,,15911,County Championship Division Two 2023,2,40,Durham,34,Gloucestershire,2023-07-11T13:02:54Z,6,False,,,,4202,Zafar Gohar,2651,David Bedingham,101,Alex Lees,206,38,Short Extra Cover,0,0,0,0,,LengthBall,Null,NotOut,Played,0,ForwardDefensive,Null,Round,Orthodox,Left,Null,NotReferred,Null,False,False,False,False,False,False,25,False,False,False,False,False,False,0,0,0,0,0,False,False
784411,21,4.67,2.0,0.0,0.0,98.0,2.0,2.0,30340,,15911,County Championship Division Two 2023,2,40,Durham,34,Gloucestershire,2023-07-11T13:03:45Z,1,False,,,,7784,Dominic Goodman,101,Alex Lees,2651,David Bedingham,25,81,Backward Point,0,0,0,0,,LengthBall,Null,NotOut,Played,0,Steer,Null,Over,Medium,Right,Null,NotReferred,Null,False,False,False,False,False,False,10,False,False,False,False,False,False,0,0,0,0,0,False,False
784411,21,4.67,2.0,0.0,0.0,98.0,2.0,2.0,30340,,15911,County Championship Division Two 2023,2,40,Durham,34,Gloucestershire,2023-07-11T13:04:17Z,2,False,,,,7784,Dominic Goodman,101,Alex Lees,2651,David Bedingham,292,94,Mid Off,0,0,0,0,,LengthBall,Null,NotOut,Played,0,ForwardDefensive,Null,Over,Medium,Right,Null,NotReferred,Null,False,False,False,False,False,False,10,False,False,False,False,False,False,0,0,0,0,0,False,False
784411,21,4.67,2.0,0.0,0.0,98.0,2.0,2.0,30340,,15911,County Championship Division Two 2023,2,40,Durham,34,Gloucestershire,2023-07-11T13:04:55Z,3,False,,,,7784,Dominic Goodman,101,Alex Lees,2651,David Bedingham,179,150,Deep Square Leg,1,0,1,1,,Short,Null,NotOut,Played,0,Pull,Null,Round,Medium,Right,Null,NotReferred,Null,False,False,False,False,False,False,10,False,False,False,False,False,False,1,0,0,0,0,False,False
784411,21,4.67,2.0,0.0,0.0,98.0,2.0,2.0,30340,,15911,County Championship Division Two 2023,2,40,Durham,34,Gloucestershire,2023-07-11T13:05:33Z,4,False,,,,7784,Dominic Goodman,2651,David Bedingham,101,Alex Lees,284,42,Silly Mid On,0,0,0,0,,LengthBall,Null,NotOut,Played,0,ForwardDefensive,Null,Over,Medium,Right,Null,NotReferred,Null,False,False,False,False,False,False,10,False,False,False,False,False,False,0,0,0,0,0,False,False
784411,21,4.67,2.0,0.0,0.0,98.0,2.0,2.0,30340,,15911,County Championship Division Two 2023,2,40,Durham,34,Gloucestershire,2023-07-11T13:06:01Z,5,False,,,,7784,Dominic Goodman,2651,David Bedingham,101,Alex Lees,345,150,Deep Mid Wicket,1,0,1,1,,Short,Null,NotOut,Played,0,Pull,Null,Over,Medium,Right,Null,NotReferred,Null,False,False,False,False,False,False,10,False,False,False,False,False,False,1,0,0,0,0,False,False
784411,21,4.67,2.0,0.0,0.0,98.0,2.0,2.0,30340,,15911,County Championship Division Two 2023,2,40,Durham,34,Gloucestershire,2023-07-11T13:06:36Z,6,False,,,,7784,Dominic Goodman,101,Alex Lees,2651,David Bedingham,322,59,Short Extra Cover,0,0,0,0,,LengthBall,Null,NotOut,Played,0,ForwardDefensive,Null,Round,Medium,Right,Null,NotReferred,Null,False,False,False,False,False,False,10,False,False,False,False,False,False,0,0,0,0,0,False,False
784418,22,4.55,2.0,0.0,0.0,100.0,2.0,2.0,30340,,15911,County Championship Division Two 2023,2,40,Durham,34,Gloucestershire,2023-07-11T13:07:19Z,1,False,,,,4202,Zafar Gohar,2651,David Bedingham,101,Alex Lees,90,48,Wicketkeeper,0,0,0,0,,LengthBall,Null,NotOut,Missed,0,ForwardDefensive,Null,Round,Orthodox,Left,Null,NotReferred,Null,False,False,False,False,False,False,25,False,False,False,False,False,False,0,0,0,0,0,False,False
784418,22,4.55,2.0,0.0,0.0,100.0,2.0,2.0,30340,,15911,County Championship Division Two 2023,2,40,Durham,34,Gloucestershire,2023-07-11T13:07:39Z,2,False,,,,4202,Zafar Gohar,2651,David Bedingham,101,Alex Lees,356,19,Short Leg,0,0,0,0,,LengthBall,Null,NotOut,HitPad,0,Sweep,Null,Round,Orthodox,Left,Null,NotReferred,Null,False,False,False,False,False,False,25,False,False,False,False,False,False,0,0,0,0,0,False,False
784418,22,4.55,2.0,0.0,0.0,100.0,2.0,2.0,30340,,15911,County Championship Division Two 2023,2,40,Durham,34,Gloucestershire,2023-07-11T13:08:00Z,3,False,,,,4202,Zafar Gohar,2651,David Bedingham,101,Alex Lees,163,88,Backward Point,0,0,0,0,,BackOfALength,Null,NotOut,Played,0,Cut,Null,Round,Orthodox,Left,Null,NotReferred,Null,False,False,False,False,False,False,25,False,False,False,False,False,False,0,0,0,0,0,False,False
784418,22,4.55,2.0,0.0,0.0,100.0,2.0,2.0,30340,,15911,County Championship Division Two 2023,2,40,Durham,34,Gloucestershire,2023-07-11T13:08:16Z,4,False,,,,4202,Zafar Gohar,2651,David Bedingham,101,Alex Lees,190,138,Deep Point,1,0,1,1,,LengthBall,Null,NotOut,Played,0,Pushed,Null,Round,Orthodox,Left,Null,NotReferred,Null,False,False,False,False,False,False,25,False,False,False,False,False,False,1,0,0,0,0,False,False
784418,22,4.55,2.0,0.0,0.0,100.0,2.0,2.0,30340,,15911,County Championship Division Two 2023,2,40,Durham,34,Gloucestershire,2023-07-11T13:09:08Z,5,False,,,,4202,Zafar Gohar,101,Alex Lees,2651,David Bedingham,146,112,Fine Leg,1,0,1,1,,LengthBall,Null,NotOut,Played,0,Sweep,Null,Over,Orthodox,Left,Null,NotReferred,Null,False,False,False,False,False,False,25,False,False,False,False,False,False,1,0,0,0,0,False,False
784418,22,4.55,2.0,0.0,0.0,100.0,2.0,2.0,30340,,15911,County Championship Division Two 2023,2,40,Durham,34,Gloucestershire,2023-07-11T13:09:42Z,6,False,,,,4202,Zafar Gohar,2651,David Bedingham,101,Alex Lees,270,40,Bowler,0,0,0,0,,LengthBall,Null,NotOut,Played,0,BackwardDefensive,Null,Round,Orthodox,Left,Null,NotReferred,Null,False,False,False,False,False,False,25,False,False,False,False,False,False,0,0,0,0,0,False,False
784425,23,4.43,2.0,1.0,0.0,102.0,3.0,2.0,30340,,15911,County Championship Division Two 2023,2,40,Durham,34,Gloucestershire,2023-07-11T13:10:30Z,1,False,,,,7784,Dominic Goodman,101,Alex Lees,2651,David Bedingham,270,40,Bowler,0,0,0,0,,LengthBall,Null,NotOut,Played,0,ForwardDefensive,Null,Round,Medium,Right,Null,NotReferred,Null,False,False,False,False,False,False,10,False,False,False,False,False,False,0,0,0,0,0,False,False
784425,23,4.43,2.0,1.0,0.0,102.0,3.0,2.0,30340,,15911,County Championship Division Two 2023,2,40,Durham,34,Gloucestershire,2023-07-11T13:11:02Z,2,False,,,,7784,Dominic Goodman,101,Alex Lees,2651,David Bedingham,50,156,Third Man,1,0,1,1,,LengthBall,Null,NotOut,Played,0,Steer,Null,Round,Medium,Right,Null,NotReferred,Null,False,False,False,False,False,False,10,False,False,False,False,False,False,1,0,0,0,0,False,False
784425,23,4.43,2.0,1.0,0.0,102.0,3.0,2.0,30340,,15911,County Championship Division Two 2023,2,40,Durham,34,Gloucestershire,2023-07-11T13:11:44Z,3,False,,,,7784,Dominic Goodman,2651,David Bedingham,101,Alex Lees,292,93,Mid On,0,0,0,0,,Yorker,Null,NotOut,Played,0,ForwardDefensive,Null,Round,Medium,Right,Null,NotReferred,Null,False,False,False,False,False,False,10,False,False,False,False,False,False,0,0,0,0,0,False,False
784425,23,4.43,2.0,1.0,0.0,102.0,3.0,2.0,30340,,15911,County Championship Division Two 2023,2,40,Durham,34,Gloucestershire,2023-07-11T13:12:23Z,4,True,Caught,2651.0,David Bedingham,7784,Dominic Goodman,2651,David Bedingham,101,Alex Lees,14,151,Deep Backward Square Leg,0,0,0,0,Caught,Short,Null,NotOut,MisTimed,0,Pull,Null,Over,Medium,Right,Out1stUmpire,NotReferred,Null,False,False,False,False,False,False,25,False,False,False,False,False,False,0,0,0,0,0,False,False
784425,23,4.43,2.0,1.0,0.0,102.0,3.0,2.0,30340,,15911,County Championship Division Two 2023,2,40,Durham,34,Gloucestershire,2023-07-11T13:52:01Z,5,False,,,,7784,Dominic Goodman,129,Ollie Robinson,101,Alex Lees,239,30,Silly Point,0,0,0,0,,LengthBall,Null,NotOut,Played,0,ForwardDefensive,Null,Over,Medium,Right,Null,NotReferred,Null,False,False,False,False,False,False,10,False,False,False,False,False,False,0,0,0,0,0,False,False
784425,23,4.43,2.0,1.0,0.0,102.0,3.0,2.0,30340,,15911,County Championship Division Two 2023,2,40,Durham,34,Gloucestershire,2023-07-11T13:52:23Z,6,False,,,,7784,Dominic Goodman,129,Ollie Robinson,101,Alex Lees,201,90,Cover,1,0,1,1,,LengthBall,Null,NotOut,Played,0,Pushed,Null,Over,Medium,Right,Null,NotReferred,Null,False,False,False,False,False,False,10,False,False,False,False,False,False,1,0,0,0,0,False,False
784471,24,4.38,3.0,0.0,0.0,105.0,3.0,3.0,30340,,15911,County Championship Division Two 2023,2,40,Durham,34,Gloucestershire,2023-07-11T13:53:43Z,1,False,,,,2503,Zaman Akhter,129,Ollie Robinson,101,Alex Lees,331,157,Deep Mid Wicket,1,0,1,1,,LengthBall,Null,NotOut,Played,0,Worked,Null,Over,Fast,Right,Null,NotReferred,Null,False,False,False,False,False,False,25,False,False,False,False,False,False,1,0,0,0,0,False,False
784471,24,4.38,3.0,0.0,0.0,105.0,3.0,3.0,30340,,15911,County Championship Division Two 2023,2,40,Durham,34,Gloucestershire,2023-07-11T13:54:26Z,2,False,,,,2503,Zaman Akhter,101,Alex Lees,129,Ollie Robinson,192,128,Deep Mid Wicket,1,0,1,1,,Short,Null,NotOut,Played,0,Pull,Null,Round,Fast,Right,Null,NotReferred,Null,False,False,False,False,False,False,25,False,False,False,False,False,False,1,0,0,0,0,False,False
784471,24,4.38,3.0,0.0,0.0,105.0,3.0,3.0,30340,,15911,County Championship Division Two 2023,2,40,Durham,34,Gloucestershire,2023-07-11T13:54:58Z,3,False,,,,2503,Zaman Akhter,129,Ollie Robinson,101,Alex Lees,90,48,Wicketkeeper,0,0,0,0,,LengthBall,Null,NotOut,MissedLegSide,0,Flick,Null,Over,Fast,Right,Null,NotReferred,Null,False,False,False,False,False,False,25,False,False,False,False,False,False,0,0,0,0,0,False,False
784471,24,4.38,3.0,0.0,0.0,105.0,3.0,3.0,30340,,15911,County Championship Division Two 2023,2,40,Durham,34,Gloucestershire,2023-07-11T13:55:30Z,4,False,,,,2503,Zaman Akhter,129,Ollie Robinson,101,Alex Lees,293,92,Mid On,0,0,0,0,,LengthBall,Null,NotOut,Played,0,ForwardDefensive,Null,Over,Fast,Right,Null,NotReferred,Null,False,False,False,False,False,False,25,False,False,False,False,False,False,0,0,0,0,0,False,False
784471,24,4.38,3.0,0.0,0.0,105.0,3.0,3.0,30340,,15911,County Championship Division Two 2023,2,40,Durham,34,Gloucestershire,2023-07-11T13:56:01Z,5,False,,,,2503,Zaman Akhter,129,Ollie Robinson,101,Alex Lees,90,48,Wicketkeeper,0,0,0,0,,LengthBall,Null,NotOut,Missed,0,ForwardDefensive,Null,Over,Fast,Right,Null,NotReferred,Null,False,False,False,False,False,False,25,False,False,False,False,False,False,0,0,0,0,0,False,False
784471,24,4.38,3.0,0.0,0.0,105.0,3.0,3.0,30340,,15911,County Championship Division Two 2023,2,40,Durham,34,Gloucestershire,2023-07-11T13:56:33Z,6,False,,,,2503,Zaman Akhter,129,Ollie Robinson,101,Alex Lees,22,125,Backward Square Leg,1,0,1,1,,LengthBall,Null,NotOut,Played,0,Worked,Null,Over,Fast,Right,Null,NotReferred,Null,False,False,False,False,False,False,25,False,False,False,False,False,False,1,0,0,0,0,False,False
784481,25,4.36,4.0,1.0,0.0,109.0,4.0,4.0,30340,,15911,County Championship Division Two 2023,2,40,Durham,34,Gloucestershire,2023-07-11T13:57:30Z,1,False,,,,7784,Dominic Goodman,129,Ollie Robinson,101,Alex Lees,202,188,Deep Cover,4,0,4,4,,LengthBall,Null,NotOut,HitHard,0,Drive,Null,Over,Medium,Right,Null,NotReferred,Null,False,False,False,False,False,False,10,False,False,False,False,False,False,4,0,0,0,0,False,True
784481,25,4.36,4.0,1.0,0.0,109.0,4.0,4.0,30340,,15911,County Championship Division Two 2023,2,40,Durham,34,Gloucestershire,2023-07-11T13:58:03Z,2,False,,,,7784,Dominic Goodman,129,Ollie Robinson,101,Alex Lees,260,85,Mid Off,0,0,0,0,,LengthBall,Null,NotOut,Played,0,ForwardDefensive,Null,Over,Medium,Right,Null,NotReferred,Null,False,False,False,False,False,False,10,False,False,False,False,False,False,0,0,0,0,0,False,False
784481,25,4.36,4.0,1.0,0.0,109.0,4.0,4.0,30340,,15911,County Championship Division Two 2023,2,40,Durham,34,Gloucestershire,2023-07-11T13:58:30Z,3,True,CaughtAndBowled,129.0,Ollie Robinson,7784,Dominic Goodman,129,Ollie Robinson,101,Alex Lees,270,40,Bowler,0,0,0,0,Caught and bowled,LengthBall,Null,NotOut,MisTimed,0,ForwardDefensive,Null,Over,Medium,Right,Out1stUmpire,NotReferred,Null,False,False,False,False,False,False,25,False,False,False,False,False,False,0,0,0,0,0,False,False
784481,25,4.36,4.0,1.0,0.0,109.0,4.0,4.0,30340,,15911,County Championship Division Two 2023,2,40,Durham,34,Gloucestershire,2023-07-11T14:00:20Z,4,False,,,,7784,Dominic Goodman,103,Graham Clark,101,Alex Lees,350,83,Mid Wicket,0,0,0,0,,LengthBall,Null,NotOut,Played,0,Worked,Null,Over,Medium,Right,Null,NotReferred,Null,False,False,False,False,False,False,10,False,False,False,False,False,False,0,0,0,0,0,False,False
784481,25,4.36,4.0,1.0,0.0,109.0,4.0,4.0,30340,,15911,County Championship Division Two 2023,2,40,Durham,34,Gloucestershire,2023-07-11T14:00:52Z,5,False,,,,7784,Dominic Goodman,103,Graham Clark,101,Alex Lees,202,76,Cover,0,0,0,0,,LengthBall,Null,NotOut,Played,0,ForwardDefensive,Null,Over,Medium,Right,Null,NotReferred,Null,False,False,False,False,False,False,10,False,False,False,False,False,False,0,0,0,0,0,False,False
784481,25,4.36,4.0,1.0,0.0,109.0,4.0,4.0,30340,,15911,County Championship Division Two 2023,2,40,Durham,34,Gloucestershire,2023-07-11T14:01:22Z,6,False,,,,7784,Dominic Goodman,103,Graham Clark,101,Alex Lees,270,40,Bowler,0,0,0,0,,LengthBall,Null,NotOut,Played,0,ForwardDefensive,Null,Over,Medium,Right,Null,NotReferred,Null,False,False,False,False,False,False,10,False,False,False,False,False,False,0,0,0,0,0,False,False
784490,26,4.23,1.0,0.0,0.0,110.0,4.0,1.0,30340,,15911,County Championship Division Two 2023,2,40,Durham,34,Gloucestershire,2023-07-11T14:02:11Z,1,False,,,,2503,Zaman Akhter,101,Alex Lees,103,Graham Clark,178,142,Deep Square Leg,1,0,1,1,,Short,Null,NotOut,Played,0,Pull,Null,Round,Fast,Right,Null,NotReferred,Null,False,False,False,False,False,False,25,False,False,False,False,False,False,1,0,0,0,0,False,False
784490,26,4.23,1.0,0.0,0.0,110.0,4.0,1.0,30340,,15911,County Championship Division Two 2023,2,40,Durham,34,Gloucestershire,2023-07-11T14:02:52Z,2,False,,,,2503,Zaman Akhter,103,Graham Clark,101,Alex Lees,17,96,Backward Square Leg,0,0,0,0,,LengthBall,Null,NotOut,Played,0,Worked,Null,Round,Fast,Right,Null,NotReferred,Null,False,False,False,False,False,False,25,False,False,False,False,False,False,0,0,0,0,0,False,False
784490,26,4.23,1.0,0.0,0.0,110.0,4.0,1.0,30340,,15911,County Championship Division Two 2023,2,40,Durham,34,Gloucestershire,2023-07-11T14:03:23Z,3,False,,,,2503,Zaman Akhter,103,Graham Clark,101,Alex Lees,90,48,Wicketkeeper,0,0,0,0,,LengthBall,Null,NotOut,NoShot,0,Leave,Null,Round,Fast,Right,Null,NotReferred,Null,False,False,False,False,False,False,25,False,False,False,False,False,False,0,0,0,0,0,False,False
784490,26,4.23,1.0,0.0,0.0,110.0,4.0,1.0,30340,,15911,County Championship Division Two 2023,2,40,Durham,34,Gloucestershire,2023-07-11T14:04:05Z,4,False,,,,2503,Zaman Akhter,103,Graham Clark,101,Alex Lees,90,48,Wicketkeeper,0,0,0,0,,LengthBall,Null,NotOut,NoShot,0,Leave,Null,Round,Fast,Right,Null,NotReferred,Null,False,False,False,False,False,False,25,False,False,False,False,False,False,0,0,0,0,0,False,False
784490,26,4.23,1.0,0.0,0.0,110.0,4.0,1.0,30340,,15911,County Championship Division Two 2023,2,40,Durham,34,Gloucestershire,2023-07-11T14:04:24Z,5,False,,,,2503,Zaman Akhter,103,Graham Clark,101,Alex Lees,270,40,Bowler,0,0,0,0,,LengthBall,Null,NotOut,Played,0,ForwardDefensive,Null,Over,Fast,Right,Null,NotReferred,Null,False,False,False,False,False,False,25,False,False,False,False,False,False,0,0,0,0,0,False,False
784490,26,4.23,1.0,0.0,0.0,110.0,4.0,1.0,30340,,15911,County Championship Division Two 2023,2,40,Durham,34,Gloucestershire,2023-07-11T14:04:52Z,6,False,,,,2503,Zaman Akhter,103,Graham Clark,101,Alex Lees,90,48,Wicketkeeper,0,0,0,0,,LengthBall,Null,NotOut,MissedLegSide,0,Flick,Null,Over,Fast,Right,Null,NotReferred,Null,False,False,False,False,False,False,25,False,False,False,False,False,False,0,0,0,0,0,False,False
784502,27,4.33,7.0,0.0,0.0,117.0,4.0,7.0,30340,,15911,County Championship Division Two 2023,2,40,Durham,34,Gloucestershire,2023-07-11T14:06:00Z,1,False,,,,7784,Dominic Goodman,101,Alex Lees,103,Graham Clark,175,141,Deep Square Leg,1,0,1,1,,LengthBall,Null,NotOut,Played,0,Worked,Null,Round,Medium,Right,Null,NotReferred,Null,False,False,False,False,False,False,10,False,False,False,False,False,False,1,0,0,0,0,False,False
784502,27,4.33,7.0,0.0,0.0,117.0,4.0,7.0,30340,,15911,County Championship Division Two 2023,2,40,Durham,34,Gloucestershire,2023-07-11T14:06:33Z,2,False,,,,7784,Dominic Goodman,103,Graham Clark,101,Alex Lees,300,50,Silly Mid On,0,0,0,0,,LengthBall,Null,NotOut,Played,0,ForwardDefensive,Null,Over,Medium,Right,Null,NotReferred,Null,False,False,False,False,False,False,10,False,False,False,False,False,False,0,0,0,0,0,False,False
784502,27,4.33,7.0,0.0,0.0,117.0,4.0,7.0,30340,,15911,County Championship Division Two 2023,2,40,Durham,34,Gloucestershire,2023-07-11T14:07:12Z,3,False,,,,7784,Dominic Goodman,103,Graham Clark,101,Alex Lees,90,48,Wicketkeeper,0,0,0,0,,Short,Null,NotOut,NoShot,0,Leave,Null,Over,Medium,Right,Null,NotReferred,Null,False,False,False,False,False,False,10,False,False,False,False,False,False,0,0,0,0,0,False,False
784502,27,4.33,7.0,0.0,0.0,117.0,4.0,7.0,30340,,15911,County Championship Division Two 2023,2,40,Durham,34,Gloucestershire,2023-07-11T14:07:45Z,4,False,,,,7784,Dominic Goodman,103,Graham Clark,101,Alex Lees,182,97,Point,0,0,0,0,,BackOfALength,Null,NotOut,Played,0,Cut,Null,Over,Medium,Right,Null,NotReferred,Null,False,False,False,False,False,False,10,False,False,False,False,False,False,0,0,0,0,0,False,False
784502,27,4.33,7.0,0.0,0.0,117.0,4.0,7.0,30340,,15911,County Championship Division Two 2023,2,40,Durham,34,Gloucestershire,2023-07-11T14:08:17Z,5,False,,,,7784,Dominic Goodman,103,Graham Clark,101,Alex Lees,186,187,Deep Point,4,0,4,4,,BackOfALength,Null,NotOut,HitHard,0,Cut,Null,Over,Medium,Right,Null,NotReferred,Null,False,False,False,False,False,False,10,False,False,False,False,False,False,4,0,0,0,0,False,True
784502,27,4.33,7.0,0.0,0.0,117.0,4.0,7.0,30340,,15911,County Championship Division Two 2023,2,40,Durham,34,Gloucestershire,2023-07-11T14:08:56Z,6,False,,,,7784,Dominic Goodman,103,Graham Clark,101,Alex Lees,196,160,Deep Cover,2,0,2,2,,LengthBall,Null,NotOut,Played,0,Pushed,Null,Over,Medium,Right,Null,NotReferred,Null,False,False,False,False,False,False,10,False,False,False,False,False,False,2,0,0,0,0,False,False
784510,28,4.32,4.0,0.0,0.0,121.0,4.0,4.0,30340,,15911,County Championship Division Two 2023,2,40,Durham,34,Gloucestershire,2023-07-11T14:10:01Z,1,False,,,,2503,Zaman Akhter,101,Alex Lees,103,Graham Clark,139,144,Fine Leg,2,0,2,2,,Short,Null,NotOut,Played,0,Pull,Null,Round,Fast,Right,Null,NotReferred,Null,False,False,False,False,False,False,25,False,False,False,False,False,False,2,0,0,0,0,False,False
784510,28,4.32,4.0,0.0,0.0,121.0,4.0,4.0,30340,,15911,County Championship Division Two 2023,2,40,Durham,34,Gloucestershire,2023-07-11T14:10:37Z,2,False,,,,2503,Zaman Akhter,101,Alex Lees,103,Graham Clark,242,93,Mid On,0,0,0,0,,LengthBall,Null,NotOut,Played,0,Drive,Null,Round,Fast,Right,Null,NotReferred,Null,False,False,False,False,False,False,25,False,False,False,False,False,False,0,0,0,0,0,False,False
784510,28,4.32,4.0,0.0,0.0,121.0,4.0,4.0,30340,,15911,County Championship Division Two 2023,2,40,Durham,34,Gloucestershire,2023-07-11T14:11:09Z,3,False,,,,2503,Zaman Akhter,101,Alex Lees,103,Graham Clark,161,145,Deep Backward Square Leg,1,0,1,1,,Short,Null,NotOut,Played,0,Pull,Null,Round,Fast,Right,Null,NotReferred,Null,False,False,False,False,False,False,25,False,False,False,False,False,False,1,0,0,0,0,False,False
784510,28,4.32,4.0,0.0,0.0,121.0,4.0,4.0,30340,,15911,County Championship Division Two 2023,2,40,Durham,34,Gloucestershire,2023-07-11T14:11:46Z,4,False,,,,2503,Zaman Akhter,103,Graham Clark,101,Alex Lees,303,98,Mid On,0,0,0,0,,LengthBall,Null,NotOut,Played,0,ForwardDefensive,Null,Over,Fast,Right,Null,NotReferred,Null,False,False,False,False,False,False,25,False,False,False,False,False,False,0,0,0,0,0,False,False
784510,28,4.32,4.0,0.0,0.0,121.0,4.0,4.0,30340,,15911,County Championship Division Two 2023,2,40,Durham,34,Gloucestershire,2023-07-11T14:12:15Z,5,False,,,,2503,Zaman Akhter,103,Graham Clark,101,Alex Lees,242,91,Mid Off,0,0,0,0,,LengthBall,Null,NotOut,Played,0,Drive,Null,Over,Fast,Right,Null,NotReferred,Null,False,False,False,False,False,False,25,False,False,False,False,False,False,0,0,0,0,0,False,False
784510,28,4.32,4.0,0.0,0.0,121.0,4.0,4.0,30340,,15911,County Championship Division Two 2023,2,40,Durham,34,Gloucestershire,2023-07-11T14:12:42Z,6,False,,,,2503,Zaman Akhter,103,Graham Clark,101,Alex Lees,13,143,Deep Backward Square Leg,1,0,1,1,,LengthBall,Null,NotOut,Played,0,Worked,Null,Over,Fast,Right,Null,NotReferred,Null,False,False,False,False,False,False,25,False,False,False,False,False,False,1,0,0,0,0,False,False
784522,29,4.17,0.0,0.0,0.0,121.0,4.0,0.0,30340,,15911,County Championship Division Two 2023,2,40,Durham,34,Gloucestershire,2023-07-11T14:13:55Z,1,False,,,,7784,Dominic Goodman,103,Graham Clark,101,Alex Lees,90,48,Wicketkeeper,0,0,0,0,,Short,Null,NotOut,NoShot,0,Leave,Null,Over,Medium,Right,Null,NotReferred,Null,False,False,False,False,False,False,10,False,False,False,False,False,False,0,0,0,0,0,False,False
784522,29,4.17,0.0,0.0,0.0,121.0,4.0,0.0,30340,,15911,County Championship Division Two 2023,2,40,Durham,34,Gloucestershire,2023-07-11T14:14:24Z,2,False,,,,7784,Dominic Goodman,103,Graham Clark,101,Alex Lees,90,48,Wicketkeeper,0,0,0,0,,LengthBall,Null,NotOut,NoShot,0,Leave,Null,Over,Medium,Right,Null,NotReferred,Null,False,False,False,False,False,False,10,False,False,False,False,False,False,0,0,0,0,0,False,False
784522,29,4.17,0.0,0.0,0.0,121.0,4.0,0.0,30340,,15911,County Championship Division Two 2023,2,40,Durham,34,Gloucestershire,2023-07-11T14:14:55Z,3,False,,,,7784,Dominic Goodman,103,Graham Clark,101,Alex Lees,90,48,Wicketkeeper,0,0,0,0,,Short,Null,NotOut,NoShot,0,Leave,Null,Over,Medium,Right,Null,NotReferred,Null,False,False,False,False,False,False,10,False,False,False,False,False,False,0,0,0,0,0,False,False
784522,29,4.17,0.0,0.0,0.0,121.0,4.0,0.0,30340,,15911,County Championship Division Two 2023,2,40,Durham,34,Gloucestershire,2023-07-11T14:15:32Z,4,False,,,,7784,Dominic Goodman,103,Graham Clark,101,Alex Lees,90,48,Wicketkeeper,0,0,0,0,,Short,Null,NotOut,NoShot,0,Leave,Null,Over,Medium,Right,Null,NotReferred,Null,False,False,False,False,False,False,10,False,False,False,False,False,False,0,0,0,0,0,False,False
784522,29,4.17,0.0,0.0,0.0,121.0,4.0,0.0,30340,,15911,County Championship Division Two 2023,2,40,Durham,34,Gloucestershire,2023-07-11T14:16:10Z,5,False,,,,7784,Dominic Goodman,103,Graham Clark,101,Alex Lees,295,96,Mid On,0,0,0,0,,LengthBall,Null,NotOut,Played,0,ForwardDefensive,Null,Over,Medium,Right,Null,NotReferred,Null,False,False,False,False,False,False,10,False,False,False,False,False,False,0,0,0,0,0,False,False
784522,29,4.17,0.0,0.0,0.0,121.0,4.0,0.0,30340,,15911,County Championship Division Two 2023,2,40,Durham,34,Gloucestershire,2023-07-11T14:16:41Z,6,False,,,,7784,Dominic Goodman,103,Graham Clark,101,Alex Lees,270,40,Bowler,0,0,0,0,,LengthBall,Null,NotOut,Played,0,ForwardDefensive,Null,Over,Medium,Right,Null,NotReferred,Null,False,False,False,False,False,False,10,False,False,False,False,False,False,0,0,0,0,0,False,False
784533,30,4.17,2.0,0.0,2.0,125.0,4.0,4.0,30340,,15911,County Championship Division Two 2023,2,40,Durham,34,Gloucestershire,2023-07-11T14:18:23Z,1,False,,,,44,Matt Taylor,101,Alex Lees,103,Graham Clark,108,146,Fine Leg,0,2,2,0,,LengthBall,Null,NotOut,HitPad,0,Flick,Null,Over,Fast,Left,Null,NotReferred,Null,False,False,False,True,False,False,25,False,False,False,False,False,False,0,0,0,2,0,False,False
784533,30,4.17,2.0,0.0,2.0,125.0,4.0,4.0,30340,,15911,County Championship Division Two 2023,2,40,Durham,34,Gloucestershire,2023-07-11T14:18:58Z,2,False,,,,44,Matt Taylor,101,Alex Lees,103,Graham Clark,181,155,Deep Square Leg,1,0,1,1,,LengthBall,Null,NotOut,Played,0,Worked,Null,Over,Fast,Left,Null,NotReferred,Null,False,False,False,False,False,False,25,False,False,False,False,False,False,1,0,0,0,0,False,False
784533,30,4.17,2.0,0.0,2.0,125.0,4.0,4.0,30340,,15911,County Championship Division Two 2023,2,40,Durham,34,Gloucestershire,2023-07-11T14:19:46Z,3,False,,,,44,Matt Taylor,103,Graham Clark,101,Alex Lees,270,77,Silly Mid On,0,0,0,0,,Yorker,Null,NotOut,Played,0,ForwardDefensive,Null,Over,Fast,Left,Null,NotReferred,Null,False,False,False,False,False,False,25,False,False,False,False,False,False,0,0,0,0,0,False,False
784533,30,4.17,2.0,0.0,2.0,125.0,4.0,4.0,30340,,15911,County Championship Division Two 2023,2,40,Durham,34,Gloucestershire,2023-07-11T14:20:13Z,4,False,,,,44,Matt Taylor,103,Graham Clark,101,Alex Lees,24,8,Short Leg,1,0,1,1,,Yorker,Null,NotOut,Played,0,ForwardDefensive,Null,Over,Fast,Left,Null,NotReferred,Null,False,False,False,False,False,False,25,False,False,False,False,False,False,1,0,0,0,0,False,False
784533,30,4.17,2.0,0.0,2.0,125.0,4.0,4.0,30340,,15911,County Championship Division Two 2023,2,40,Durham,34,Gloucestershire,2023-07-11T14:20:58Z,5,False,,,,44,Matt Taylor,101,Alex Lees,103,Graham Clark,238,37,Silly Mid On,0,0,0,0,,LengthBall,Null,NotOut,Played,0,ForwardDefensive,Null,Over,Fast,Left,Null,NotReferred,Null,False,False,False,False,False,False,25,False,False,False,False,False,False,0,0,0,0,0,False,False
784533,30,4.17,2.0,0.0,2.0,125.0,4.0,4.0,30340,,15911,County Championship Division Two 2023,2,40,Durham,34,Gloucestershire,2023-07-11T14:21:34Z,6,False,,,,44,Matt Taylor,101,Alex Lees,103,Graham Clark,222,42,Short Mid Wicket,0,0,0,0,,LengthBall,Null,NotOut,Played,0,ForwardDefensive,Null,Over,Fast,Left,Null,NotReferred,Null,False,False,False,False,False,False,25,False,False,False,False,False,False,0,0,0,0,0,False,False
784543,31,4.1,2.0,0.0,0.0,127.0,4.0,2.0,30340,,15911,County Championship Division Two 2023,2,40,Durham,34,Gloucestershire,2023-07-11T14:22:52Z,1,False,,,,455,Josh Shaw,103,Graham Clark,101,Alex Lees,90,48,Wicketkeeper,1,0,1,1,,LengthBall,Null,NotOut,Edged,0,Flick,Null,Over,Fast,Right,Null,NotReferred,Null,False,False,False,False,False,False,10,False,False,False,False,False,False,1,0,0,0,0,False,False
784543,31,4.1,2.0,0.0,0.0,127.0,4.0,2.0,30340,,15911,County Championship Division Two 2023,2,40,Durham,34,Gloucestershire,2023-07-11T14:23:37Z,2,False,,,,455,Josh Shaw,101,Alex Lees,103,Graham Clark,270,40,Bowler,0,0,0,0,,LengthBall,Null,NotOut,Played,0,ForwardDefensive,Null,Round,Fast,Right,Null,NotReferred,Null,False,False,False,False,False,False,10,False,False,False,False,False,False,0,0,0,0,0,False,False
784543,31,4.1,2.0,0.0,0.0,127.0,4.0,2.0,30340,,15911,County Championship Division Two 2023,2,40,Durham,34,Gloucestershire,2023-07-11T14:24:10Z,3,False,,,,455,Josh Shaw,101,Alex Lees,103,Graham Clark,314,51,Short Extra Cover,0,0,0,0,,LengthBall,Null,NotOut,Played,0,ForwardDefensive,Null,Round,Fast,Right,Null,NotReferred,Null,False,False,False,False,False,False,10,False,False,False,False,False,False,0,0,0,0,0,False,False
784543,31,4.1,2.0,0.0,0.0,127.0,4.0,2.0,30340,,15911,County Championship Division Two 2023,2,40,Durham,34,Gloucestershire,2023-07-11T14:24:46Z,4,False,,,,455,Josh Shaw,101,Alex Lees,103,Graham Clark,356,151,Deep Point,1,0,1,1,,LengthBall,Null,NotOut,Played,0,Drive,Null,Round,Fast,Right,Null,NotReferred,Null,False,False,False,False,False,False,10,False,False,False,False,False,False,1,0,0,0,0,False,False
784543,31,4.1,2.0,0.0,0.0,127.0,4.0,2.0,30340,,15911,County Championship Division Two 2023,2,40,Durham,34,Gloucestershire,2023-07-11T14:25:25Z,5,False,,,,455,Josh Shaw,103,Graham Clark,101,Alex Lees,90,48,Wicketkeeper,0,0,0,0,,LengthBall,Null,NotOut,NoShot,0,Leave,Null,Over,Fast,Right,Null,NotReferred,Null,False,False,False,False,False,False,10,False,False,False,False,False,False,0,0,0,0,0,False,False
784543,31,4.1,2.0,0.0,0.0,127.0,4.0,2.0,30340,,15911,County Championship Division Two 2023,2,40,Durham,34,Gloucestershire,2023-07-11T14:25:59Z,6,False,,,,455,Josh Shaw,103,Graham Clark,101,Alex Lees,222,67,Short Extra Cover,0,0,0,0,,LengthBall,Null,NotOut,Played,0,ForwardDefensive,Null,Over,Fast,Right,Null,NotReferred,Null,False,False,False,False,False,False,10,False,False,False,False,False,False,0,0,0,0,0,False,False
784556,32,4.12,5.0,0.0,0.0,132.0,4.0,5.0,30340,,15911,County Championship Division Two 2023,2,40,Durham,34,Gloucestershire,2023-07-11T14:26:59Z,1,False,,,,44,Matt Taylor,101,Alex Lees,103,Graham Clark,208,65,Mid Wicket,0,0,0,0,,LengthBall,Null,NotOut,Played,0,Worked,Null,Over,Fast,Left,Null,NotReferred,Null,False,False,False,False,False,False,25,False,False,False,False,False,False,0,0,0,0,0,False,False
784556,32,4.12,5.0,0.0,0.0,132.0,4.0,5.0,30340,,15911,County Championship Division Two 2023,2,40,Durham,34,Gloucestershire,2023-07-11T14:27:34Z,2,False,,,,44,Matt Taylor,101,Alex Lees,103,Graham Clark,302,104,Mid Off,0,0,0,0,,LengthBall,Null,NotOut,Played,0,Drive,Null,Over,Fast,Left,Null,NotReferred,Null,False,False,False,False,False,False,25,False,False,False,False,False,False,0,0,0,0,0,False,False
784556,32,4.12,5.0,0.0,0.0,132.0,4.0,5.0,30340,,15911,County Championship Division Two 2023,2,40,Durham,34,Gloucestershire,2023-07-11T14:28:04Z,3,False,,,,44,Matt Taylor,101,Alex Lees,103,Graham Clark,287,185,Long Off,4,0,4,4,,HalfVolley,Null,NotOut,HitHard,0,Drive,Null,Over,Fast,Left,Null,NotReferred,Null,False,False,False,False,False,False,25,False,False,False,False,False,False,4,0,0,0,0,False,True
784556,32,4.12,5.0,0.0,0.0,132.0,4.0,5.0,30340,,15911,County Championship Division Two 2023,2,40,Durham,34,Gloucestershire,2023-07-11T14:28:45Z,4,False,,,,44,Matt Taylor,101,Alex Lees,103,Graham Clark,295,81,Mid Off,0,0,0,0,,LengthBall,Null,NotOut,Played,0,Drive,Null,Over,Fast,Left,Null,NotReferred,Null,False,False,False,False,False,False,25,False,False,False,False,False,False,0,0,0,0,0,False,False
784556,32,4.12,5.0,0.0,0.0,132.0,4.0,5.0,30340,,15911,County Championship Division Two 2023,2,40,Durham,34,Gloucestershire,2023-07-11T14:29:19Z,5,False,,,,44,Matt Taylor,101,Alex Lees,103,Graham Clark,300,88,Mid Off,0,0,0,0,,LengthBall,Null,NotOut,Played,0,Pushed,Null,Over,Fast,Left,Null,NotReferred,Null,False,False,False,False,False,False,25,False,False,False,False,False,False,0,0,0,0,0,False,False
784556,32,4.12,5.0,0.0,0.0,132.0,4.0,5.0,30340,,15911,County Championship Division Two 2023,2,40,Durham,34,Gloucestershire,2023-07-11T14:29:52Z,6,False,,,,44,Matt Taylor,101,Alex Lees,103,Graham Clark,129,155,Fine Leg,1,0,1,1,,LengthBall,Null,NotOut,Played,0,Worked,Null,Over,Fast,Left,Null,NotReferred,Null,False,False,False,False,False,False,25,False,False,False,False,False,False,1,0,0,0,0,False,False
784566,33,4.06,2.0,0.0,0.0,134.0,4.0,2.0,30340,,15911,County Championship Division Two 2023,2,40,Durham,34,Gloucestershire,2023-07-11T14:30:58Z,1,False,,,,455,Josh Shaw,101,Alex Lees,103,Graham Clark,299,97,Mid Off,0,0,0,0,,LengthBall,Null,NotOut,Played,0,Drive,Null,Over,Fast,Right,Null,NotReferred,Null,False,False,False,False,False,False,10,False,False,False,False,False,False,0,0,0,0,0,False,False
784566,33,4.06,2.0,0.0,0.0,134.0,4.0,2.0,30340,,15911,County Championship Division Two 2023,2,40,Durham,34,Gloucestershire,2023-07-11T14:31:30Z,2,False,,,,455,Josh Shaw,101,Alex Lees,103,Graham Clark,296,93,Mid Off,0,0,0,0,,LengthBall,Null,NotOut,Played,0,Drive,Null,Round,Fast,Right,Null,NotReferred,Null,False,False,False,False,False,False,10,False,False,False,False,False,False,0,0,0,0,0,False,False
784566,33,4.06,2.0,0.0,0.0,134.0,4.0,2.0,30340,,15911,County Championship Division Two 2023,2,40,Durham,34,Gloucestershire,2023-07-11T14:32:09Z,3,False,,,,455,Josh Shaw,101,Alex Lees,103,Graham Clark,326,102,Extra Cover,0,0,0,0,,LengthBall,Null,NotOut,Played,0,Drive,Null,Round,Fast,Right,Null,NotReferred,Null,False,False,False,False,False,False,10,False,False,False,False,False,False,0,0,0,0,0,False,False
784566,33,4.06,2.0,0.0,0.0,134.0,4.0,2.0,30340,,15911,County Championship Division Two 2023,2,40,Durham,34,Gloucestershire,2023-07-11T14:32:47Z,4,False,,,,455,Josh Shaw,101,Alex Lees,103,Graham Clark,90,48,Wicketkeeper,0,0,0,0,,Short,Null,NotOut,NoShot,0,Leave,Null,Round,Fast,Right,Null,NotReferred,Null,False,False,False,False,False,False,10,False,False,False,False,False,False,0,0,0,0,0,False,False
784566,33,4.06,2.0,0.0,0.0,134.0,4.0,2.0,30340,,15911,County Championship Division Two 2023,2,40,Durham,34,Gloucestershire,2023-07-11T14:33:25Z,5,False,,,,455,Josh Shaw,101,Alex Lees,103,Graham Clark,340,71,Cover,0,0,0,0,,LengthBall,Null,NotOut,Played,0,Drive,Null,Round,Fast,Right,Null,NotReferred,Null,False,False,False,False,False,False,10,False,False,False,False,False,False,0,0,0,0,0,False,False
784566,33,4.06,2.0,0.0,0.0,134.0,4.0,2.0,30340,,15911,County Championship Division Two 2023,2,40,Durham,34,Gloucestershire,2023-07-11T14:34:02Z,6,False,,,,455,Josh Shaw,101,Alex Lees,103,Graham Clark,311,158,Deep Extra Cover,2,0,2,2,,LengthBall,Null,NotOut,Played,0,Drive,Null,Round,Fast,Right,Null,NotReferred,Null,False,False,False,False,False,False,10,False,False,False,False,False,False,2,0,0,0,0,False,False
784577,34,4.0,1.0,0.0,1.0,136.0,4.0,2.0,30340,,15911,County Championship Division Two 2023,2,40,Durham,34,Gloucestershire,2023-07-11T14:35:21Z,1,False,,,,44,Matt Taylor,103,Graham Clark,101,Alex Lees,222,51,Short Extra Cover,0,0,0,0,,LengthBall,Null,NotOut,Played,0,ForwardDefensive,Null,Over,Fast,Left,Null,NotReferred,Null,False,False,False,False,False,False,25,False,False,False,False,False,False,0,0,0,0,0,False,False
784577,34,4.0,1.0,0.0,1.0,136.0,4.0,2.0,30340,,15911,County Championship Division Two 2023,2,40,Durham,34,Gloucestershire,2023-07-11T14:35:54Z,2,False,,,,44,Matt Taylor,103,Graham Clark,101,Alex Lees,151,105,Backward Point,1,0,1,1,,LengthBall,Null,NotOut,Played,0,Steer,Null,Over,Fast,Left,Null,NotReferred,Null,False,False,False,False,False,False,25,False,False,False,False,False,False,1,0,0,0,0,False,False
784577,34,4.0,1.0,0.0,1.0,136.0,4.0,2.0,30340,,15911,County Championship Division Two 2023,2,40,Durham,34,Gloucestershire,2023-07-11T14:36:36Z,3,False,,,,44,Matt Taylor,101,Alex Lees,103,Graham Clark,43,113,Third Man,0,1,1,0,,Short,Null,NotOut,HitBody,0,Pull,Null,Over,Fast,Left,Null,NotReferred,Null,False,False,False,True,False,False,25,False,False,False,False,False,False,0,0,0,1,0,False,False
784577,34,4.0,1.0,0.0,1.0,136.0,4.0,2.0,30340,,15911,County Championship Division Two 2023,2,40,Durham,34,Gloucestershire,2023-07-11T14:37:14Z,4,False,,,,44,Matt Taylor,103,Graham Clark,101,Alex Lees,294,91,Mid On,0,0,0,0,,LengthBall,Null,NotOut,Played,0,ForwardDefensive,Null,Over,Fast,Left,Null,NotReferred,Null,False,False,False,False,False,False,25,False,False,False,False,False,False,0,0,0,0,0,False,False
784577,34,4.0,1.0,0.0,1.0,136.0,4.0,2.0,30340,,15911,County Championship Division Two 2023,2,40,Durham,34,Gloucestershire,2023-07-11T14:37:46Z,5,False,,,,44,Matt Taylor,103,Graham Clark,101,Alex Lees,229,46,Short Extra Cover,0,0,0,0,,LengthBall,Null,NotOut,Played,0,ForwardDefensive,Null,Over,Fast,Left,Null,NotReferred,Null,False,False,False,False,False,False,25,False,False,False,False,False,False,0,0,0,0,0,False,False
784577,34,4.0,1.0,0.0,1.0,136.0,4.0,2.0,30340,,15911,County Championship Division Two 2023,2,40,Durham,34,Gloucestershire,2023-07-11T14:38:25Z,6,False,,,,44,Matt Taylor,103,Graham Clark,101,Alex Lees,242,95,Mid Off,0,0,0,0,,LengthBall,Null,NotOut,Played,0,Drive,Null,Over,Fast,Left,Null,NotReferred,Null,False,False,False,False,False,False,25,False,False,False,False,False,False,0,0,0,0,0,False,False
784589,35,4.09,7.0,0.0,0.0,143.0,4.0,7.0,30340,,15911,County Championship Division Two 2023,2,40,Durham,34,Gloucestershire,2023-07-11T14:39:27Z,1,False,,,,455,Josh Shaw,101,Alex Lees,103,Graham Clark,333,114,Extra Cover,1,0,1,1,,LengthBall,Null,NotOut,Played,0,Pushed,Null,Over,Fast,Right,Null,NotReferred,Null,False,False,False,False,False,False,10,False,False,False,False,False,False,1,0,0,0,0,False,False
784589,35,4.09,7.0,0.0,0.0,143.0,4.0,7.0,30340,,15911,County Championship Division Two 2023,2,40,Durham,34,Gloucestershire,2023-07-11T14:40:27Z,2,False,,,,455,Josh Shaw,103,Graham Clark,101,Alex Lees,327,24,Short Leg,0,0,0,0,,LengthBall,Null,NotOut,HitPad,0,Flick,Null,Over,Fast,Right,Null,NotReferred,Null,False,False,False,False,False,False,10,False,False,False,False,False,False,0,0,0,0,0,False,False
784589,35,4.09,7.0,0.0,0.0,143.0,4.0,7.0,30340,,15911,County Championship Division Two 2023,2,40,Durham,34,Gloucestershire,2023-07-11T14:41:02Z,3,False,,,,455,Josh Shaw,103,Graham Clark,101,Alex Lees,90,48,Wicketkeeper,0,0,0,0,,Short,Null,NotOut,NoShot,0,Leave,Null,Over,Fast,Right,Null,NotReferred,Null,False,False,False,False,False,False,10,False,False,False,False,False,False,0,0,0,0,0,False,False
784589,35,4.09,7.0,0.0,0.0,143.0,4.0,7.0,30340,,15911,County Championship Division Two 2023,2,40,Durham,34,Gloucestershire,2023-07-11T14:41:48Z,4,False,,,,455,Josh Shaw,103,Graham Clark,101,Alex Lees,211,62,Short Extra Cover,1,0,1,1,,LengthBall,Null,NotOut,Played,0,Dropped,Null,Over,Fast,Right,Null,NotReferred,Null,False,False,False,False,False,False,10,False,False,False,False,False,False,1,0,0,0,0,False,False
784589,35,4.09,7.0,0.0,0.0,143.0,4.0,7.0,30340,,15911,County Championship Division Two 2023,2,40,Durham,34,Gloucestershire,2023-07-11T14:42:33Z,5,False,,,,455,Josh Shaw,101,Alex Lees,103,Graham Clark,24,147,Deep Backward Point,1,0,1,1,,LengthBall,Null,NotOut,Played,0,Drive,Null,Over,Fast,Right,Null,NotReferred,Null,False,False,False,False,False,False,10,False,False,False,False,False,False,1,0,0,0,0,False,False
784589,35,4.09,7.0,0.0,0.0,143.0,4.0,7.0,30340,,15911,County Championship Division Two 2023,2,40,Durham,34,Gloucestershire,2023-07-11T14:43:21Z,6,False,,,,455,Josh Shaw,103,Graham Clark,101,Alex Lees,206,193,Deep Cover,4,0,4,4,,LengthBall,Null,NotOut,HitHard,0,Drive,Null,Over,Fast,Right,Null,NotReferred,Null,False,False,False,False,False,False,10,False,False,False,False,False,False,4,0,0,0,0,False,True
784601,36,4.14,6.0,0.0,0.0,149.0,4.0,6.0,30340,,15911,County Championship Division Two 2023,2,40,Durham,34,Gloucestershire,2023-07-11T14:44:47Z,1,False,,,,4202,Zafar Gohar,101,Alex Lees,103,Graham Clark,235,60,Short Mid Wicket,0,0,0,0,,BackOfALength,Null,NotOut,MisTimed,0,Cut,Null,Over,Orthodox,Left,Null,NotReferred,Null,False,False,False,False,False,False,25,False,False,False,False,False,False,0,0,0,0,0,False,False
784601,36,4.14,6.0,0.0,0.0,149.0,4.0,6.0,30340,,15911,County Championship Division Two 2023,2,40,Durham,34,Gloucestershire,2023-07-11T14:45:28Z,2,False,,,,4202,Zafar Gohar,101,Alex Lees,103,Graham Clark,22,59,Fourth Slip,0,0,0,0,,LengthBall,Null,NotOut,Played,0,Pushed,Null,Over,Orthodox,Left,Null,NotReferred,Null,False,False,False,False,False,False,25,False,False,False,False,False,False,0,0,0,0,0,False,False
784601,36,4.14,6.0,0.0,0.0,149.0,4.0,6.0,30340,,15911,County Championship Division Two 2023,2,40,Durham,34,Gloucestershire,2023-07-11T14:45:47Z,3,False,,,,4202,Zafar Gohar,101,Alex Lees,103,Graham Clark,192,156,Deep Mid Wicket,2,0,2,2,,BackOfALength,Null,NotOut,MisTimed,0,Slog,Null,Over,Orthodox,Left,Null,NotReferred,Null,False,False,False,False,False,False,25,False,False,False,False,False,False,2,0,0,0,0,False,False
784601,36,4.14,6.0,0.0,0.0,149.0,4.0,6.0,30340,,15911,County Championship Division Two 2023,2,40,Durham,34,Gloucestershire,2023-07-11T14:46:26Z,4,False,,,,4202,Zafar Gohar,101,Alex Lees,103,Graham Clark,213,172,Deep Mid Wicket,2,0,2,2,,LengthBall,Null,NotOut,Played,0,Slog,Null,Over,Orthodox,Left,Null,NotReferred,Null,False,False,False,False,True,False,25,False,False,False,False,False,False,2,0,0,0,0,False,False
784601,36,4.14,6.0,0.0,0.0,149.0,4.0,6.0,30340,,15911,County Championship Division Two 2023,2,40,Durham,34,Gloucestershire,2023-07-11T14:47:13Z,5,False,,,,4202,Zafar Gohar,101,Alex Lees,103,Graham Clark,31,140,Third Man,1,0,1,1,,LengthBall,Null,NotOut,Played,0,ReverseSweep,Null,Over,Orthodox,Left,Null,NotReferred,Null,False,False,False,False,False,False,25,False,False,False,False,False,False,1,0,0,0,0,False,False
784601,36,4.14,6.0,0.0,0.0,149.0,4.0,6.0,30340,,15911,County Championship Division Two 2023,2,40,Durham,34,Gloucestershire,2023-07-11T14:47:49Z,6,False,,,,4202,Zafar Gohar,103,Graham Clark,101,Alex Lees,189,85,Point,1,0,1,1,,LengthBall,Null,NotOut,Played,0,Pushed,Null,Round,Orthodox,Left,Null,NotReferred,Null,False,False,False,False,False,False,25,False,False,False,False,False,False,1,0,0,0,0,False,False
784614,37,4.14,4.0,0.0,0.0,153.0,4.0,4.0,30340,,15911,County Championship Division Two 2023,2,40,Durham,34,Gloucestershire,2023-07-11T14:48:50Z,1,False,,,,455,Josh Shaw,103,Graham Clark,101,Alex Lees,356,87,Square Leg,0,0,0,0,,LengthBall,Null,NotOut,MisTimed,0,Pull,Null,Over,Fast,Right,Null,NotReferred,Null,False,False,False,False,False,False,10,False,False,False,False,False,False,0,0,0,0,0,False,False
784614,37,4.14,4.0,0.0,0.0,153.0,4.0,4.0,30340,,15911,County Championship Division Two 2023,2,40,Durham,34,Gloucestershire,2023-07-11T14:49:23Z,2,False,,,,455,Josh Shaw,103,Graham Clark,101,Alex Lees,3,132,Deep Square Leg,1,0,1,1,,LengthBall,Null,NotOut,Played,0,Pull,Null,Over,Fast,Right,Null,NotReferred,Null,False,False,False,False,False,False,10,False,False,False,False,False,False,1,0,0,0,0,False,False
784614,37,4.14,4.0,0.0,0.0,153.0,4.0,4.0,30340,,15911,County Championship Division Two 2023,2,40,Durham,34,Gloucestershire,2023-07-11T14:50:11Z,3,False,,,,455,Josh Shaw,101,Alex Lees,103,Graham Clark,356,9,Silly Point,0,0,0,0,,LengthBall,Null,NotOut,Played,0,ForwardDefensive,Null,Round,Fast,Right,Null,NotReferred,Null,False,False,False,False,False,False,10,False,False,False,False,False,False,0,0,0,0,0,False,False
784614,37,4.14,4.0,0.0,0.0,153.0,4.0,4.0,30340,,15911,County Championship Division Two 2023,2,40,Durham,34,Gloucestershire,2023-07-11T14:50:51Z,4,False,,,,455,Josh Shaw,101,Alex Lees,103,Graham Clark,46,153,Third Man,2,0,2,2,,LengthBall,Null,NotOut,Played,0,Steer,Null,Round,Fast,Right,Null,NotReferred,Null,False,False,False,False,False,False,10,False,False,False,False,False,False,2,0,0,0,0,False,False
784614,37,4.14,4.0,0.0,0.0,153.0,4.0,4.0,30340,,15911,County Championship Division Two 2023,2,40,Durham,34,Gloucestershire,2023-07-11T14:51:30Z,5,False,,,,455,Josh Shaw,101,Alex Lees,103,Graham Clark,183,13,Short Leg,0,0,0,0,,Short,Null,NotOut,MisTimed,0,Pull,Null,Round,Fast,Right,Null,NotReferred,Null,False,False,False,False,False,False,10,False,False,False,False,False,False,0,0,0,0,0,False,False
784614,37,4.14,4.0,0.0,0.0,153.0,4.0,4.0,30340,,15911,County Championship Division Two 2023,2,40,Durham,34,Gloucestershire,2023-07-11T14:52:11Z,6,False,,,,455,Josh Shaw,101,Alex Lees,103,Graham Clark,191,148,Deep Mid Wicket,1,0,1,1,,Short,Null,NotOut,Played,0,Pull,Null,Round,Fast,Right,Null,NotReferred,Null,False,False,False,False,False,False,10,False,False,False,False,False,False,1,0,0,0,0,False,False
784623,38,4.16,5.0,0.0,0.0,158.0,4.0,5.0,30340,,15911,County Championship Division Two 2023,2,40,Durham,34,Gloucestershire,2023-07-11T14:53:22Z,1,False,,,,4202,Zafar Gohar,101,Alex Lees,103,Graham Clark,252,146,Long On,1,0,1,1,,LengthBall,Null,NotOut,Played,0,Drive,Null,Over,Orthodox,Left,Null,NotReferred,Null,False,False,False,False,False,False,25,False,False,False,False,False,False,1,0,0,0,0,False,False
784623,38,4.16,5.0,0.0,0.0,158.0,4.0,5.0,30340,,15911,County Championship Division Two 2023,2,40,Durham,34,Gloucestershire,2023-07-11T14:53:48Z,2,False,,,,4202,Zafar Gohar,103,Graham Clark,101,Alex Lees,190,75,Cover,1,0,1,1,,LengthBall,Null,NotOut,Played,0,ForwardDefensive,Null,Round,Orthodox,Left,Null,NotReferred,Null,False,False,False,False,False,False,25,False,False,False,False,False,False,1,0,0,0,0,False,False
784623,38,4.16,5.0,0.0,0.0,158.0,4.0,5.0,30340,,15911,County Championship Division Two 2023,2,40,Durham,34,Gloucestershire,2023-07-11T14:54:45Z,3,False,,,,4202,Zafar Gohar,101,Alex Lees,103,Graham Clark,181,115,Square Leg,1,0,1,1,,FullToss,Null,NotOut,Played,0,Worked,Null,Round,Orthodox,Left,Null,NotReferred,Null,False,False,False,False,False,False,25,False,False,False,False,False,False,1,0,0,0,0,False,False
784623,38,4.16,5.0,0.0,0.0,158.0,4.0,5.0,30340,,15911,County Championship Division Two 2023,2,40,Durham,34,Gloucestershire,2023-07-11T14:55:11Z,4,False,,,,4202,Zafar Gohar,103,Graham Clark,101,Alex Lees,197,63,Point,1,0,1,1,,LengthBall,Null,NotOut,Played,0,Dropped,Null,Round,Orthodox,Left,Null,NotReferred,Null,False,False,False,False,False,False,25,False,False,False,False,False,False,1,0,0,0,0,False,False
784623,38,4.16,5.0,0.0,0.0,158.0,4.0,5.0,30340,,15911,County Championship Division Two 2023,2,40,Durham,34,Gloucestershire,2023-07-11T14:55:44Z,5,False,,,,4202,Zafar Gohar,101,Alex Lees,103,Graham Clark,184,97,Square Leg,1,0,1,1,,LengthBall,Null,NotOut,Played,0,Worked,Null,Over,Orthodox,Left,Null,NotReferred,Null,False,False,False,False,False,False,25,False,False,False,False,False,False,1,0,0,0,0,False,False
784623,38,4.16,5.0,0.0,0.0,158.0,4.0,5.0,30340,,15911,County Championship Division Two 2023,2,40,Durham,34,Gloucestershire,2023-07-11T14:56:12Z,6,False,,,,4202,Zafar Gohar,103,Graham Clark,101,Alex Lees,309,24,Short Leg,0,0,0,0,,LengthBall,Null,NotOut,Played,0,ForwardDefensive,Null,Round,Orthodox,Left,Null,NotReferred,Null,False,False,False,False,False,False,25,False,False,False,False,False,False,0,0,0,0,0,False,False
784634,39,4.15,4.0,0.0,0.0,162.0,4.0,4.0,30340,,15911,County Championship Division Two 2023,2,40,Durham,34,Gloucestershire,2023-07-11T14:57:32Z,1,False,,,,44,Matt Taylor,101,Alex Lees,103,Graham Clark,295,99,Mid Off,0,0,0,0,,LengthBall,Null,NotOut,Played,0,Drive,Null,Over,Fast,Left,Null,NotReferred,Null,False,False,False,False,False,False,10,False,False,False,False,False,False,0,0,0,0,0,False,False
784634,39,4.15,4.0,0.0,0.0,162.0,4.0,4.0,30340,,15911,County Championship Division Two 2023,2,40,Durham,34,Gloucestershire,2023-07-11T14:58:15Z,2,False,,,,44,Matt Taylor,101,Alex Lees,103,Graham Clark,328,67,Short Extra Cover,0,0,0,0,,LengthBall,Null,NotOut,Played,0,ForwardDefensive,Null,Over,Fast,Left,Null,NotReferred,Null,False,False,False,False,False,False,10,False,False,False,False,False,False,0,0,0,0,0,False,False
784634,39,4.15,4.0,0.0,0.0,162.0,4.0,4.0,30340,,15911,County Championship Division Two 2023,2,40,Durham,34,Gloucestershire,2023-07-11T14:58:43Z,3,False,,,,44,Matt Taylor,101,Alex Lees,103,Graham Clark,266,185,Long On,4,0,4,4,,LengthBall,Null,NotOut,HitHard,0,Drive,Null,Over,Fast,Left,Null,NotReferred,Null,False,False,False,False,False,False,10,False,False,False,False,False,False,4,0,0,0,0,False,True
784634,39,4.15,4.0,0.0,0.0,162.0,4.0,4.0,30340,,15911,County Championship Division Two 2023,2,40,Durham,34,Gloucestershire,2023-07-11T14:59:32Z,4,False,,,,44,Matt Taylor,101,Alex Lees,103,Graham Clark,211,81,Mid Wicket,0,0,0,0,,LengthBall,Null,NotOut,Played,0,Worked,Null,Over,Fast,Left,Null,NotReferred,Null,False,False,False,False,False,False,10,False,False,False,False,False,False,0,0,0,0,0,False,False
784634,39,4.15,4.0,0.0,0.0,162.0,4.0,4.0,30340,,15911,County Championship Division Two 2023,2,40,Durham,34,Gloucestershire,2023-07-11T15:00:00Z,5,False,,,,44,Matt Taylor,101,Alex Lees,103,Graham Clark,0,82,Point,0,0,0,0,,BackOfALength,Null,NotOut,Played,0,Cut,Null,Over,Fast,Left,Null,NotReferred,Null,False,False,False,False,False,False,10,False,False,False,False,False,False,0,0,0,0,0,False,False
784634,39,4.15,4.0,0.0,0.0,162.0,4.0,4.0,30340,,15911,County Championship Division Two 2023,2,40,Durham,34,Gloucestershire,2023-07-11T15:00:22Z,6,False,,,,44,Matt Taylor,101,Alex Lees,103,Graham Clark,217,77,Mid Wicket,0,0,0,0,,LengthBall,Null,NotOut,Played,0,Drive,Null,Over,Fast,Left,Null,NotReferred,Null,False,False,False,False,False,False,10,False,False,False,False,False,False,0,0,0,0,0,False,False
784643,40,4.18,5.0,0.0,0.0,167.0,4.0,5.0,30340,,15911,County Championship Division Two 2023,2,40,Durham,34,Gloucestershire,2023-07-11T15:01:34Z,1,False,,,,4202,Zafar Gohar,103,Graham Clark,101,Alex Lees,216,69,Extra Cover,0,0,0,0,,LengthBall,Null,NotOut,Played,0,BackwardDefensive,Null,Round,Orthodox,Left,Null,NotReferred,Null,False,False,False,False,False,False,25,False,False,False,False,False,False,0,0,0,0,0,False,False
784643,40,4.18,5.0,0.0,0.0,167.0,4.0,5.0,30340,,15911,County Championship Division Two 2023,2,40,Durham,34,Gloucestershire,2023-07-11T15:01:50Z,2,False,,,,4202,Zafar Gohar,103,Graham Clark,101,Alex Lees,270,40,Bowler,0,0,0,0,,LengthBall,Null,NotOut,Played,0,ForwardDefensive,Null,Round,Orthodox,Left,Null,NotReferred,Null,False,False,False,False,False,False,25,False,False,False,False,False,False,0,0,0,0,0,False,False
784643,40,4.18,5.0,0.0,0.0,167.0,4.0,5.0,30340,,15911,County Championship Division Two 2023,2,40,Durham,34,Gloucestershire,2023-07-11T15:02:08Z,3,False,,,,4202,Zafar Gohar,103,Graham Clark,101,Alex Lees,270,40,Bowler,0,0,0,0,,LengthBall,Null,NotOut,Played,0,ForwardDefensive,Null,Round,Orthodox,Left,Null,NotReferred,Null,False,False,False,False,False,False,25,False,False,False,False,False,False,0,0,0,0,0,False,False
784643,40,4.18,5.0,0.0,0.0,167.0,4.0,5.0,30340,,15911,County Championship Division Two 2023,2,40,Durham,34,Gloucestershire,2023-07-11T15:02:28Z,4,False,,,,4202,Zafar Gohar,103,Graham Clark,101,Alex Lees,339,84,Mid Wicket,0,0,0,0,,LengthBall,Null,NotOut,Played,0,Worked,Null,Round,Orthodox,Left,Null,NotReferred,Null,False,False,False,False,False,False,25,False,False,False,False,False,False,0,0,0,0,0,False,False
784643,40,4.18,5.0,0.0,0.0,167.0,4.0,5.0,30340,,15911,County Championship Division Two 2023,2,40,Durham,34,Gloucestershire,2023-07-11T15:02:54Z,5,False,,,,4202,Zafar Gohar,103,Graham Clark,101,Alex Lees,285,196,Long On,4,0,4,4,,LengthBall,Null,NotOut,HitHard,0,Drive,Null,Round,Orthodox,Left,Null,NotReferred,Null,False,False,False,False,False,False,25,False,False,False,False,False,False,4,0,0,0,0,False,True
784643,40,4.18,5.0,0.0,0.0,167.0,4.0,5.0,30340,,15911,County Championship Division Two 2023,2,40,Durham,34,Gloucestershire,2023-07-11T15:03:44Z,6,False,,,,4202,Zafar Gohar,103,Graham Clark,101,Alex Lees,250,163,Long Off,1,0,1,1,,LengthBall,Null,NotOut,Played,0,Drive,Null,Round,Orthodox,Left,Null,NotReferred,Null,False,False,False,False,False,False,25,False,False,False,False,False,False,1,0,0,0,0,False,False
784650,41,4.1,1.0,0.0,0.0,168.0,4.0,1.0,30340,,15911,County Championship Division Two 2023,2,40,Durham,34,Gloucestershire,2023-07-11T15:05:05Z,1,False,,,,44,Matt Taylor,103,Graham Clark,101,Alex Lees,298,97,Mid On,0,0,0,0,,LengthBall,Null,NotOut,Played,0,Drive,Null,Round,Fast,Left,Null,NotReferred,Null,False,False,False,False,False,False,10,False,False,False,False,False,False,0,0,0,0,0,False,False
784650,41,4.1,1.0,0.0,0.0,168.0,4.0,1.0,30340,,15911,County Championship Division Two 2023,2,40,Durham,34,Gloucestershire,2023-07-11T15:05:38Z,2,False,,,,44,Matt Taylor,103,Graham Clark,101,Alex Lees,222,53,Short Extra Cover,0,0,0,0,,LengthBall,Null,NotOut,Played,0,ForwardDefensive,Null,Round,Fast,Left,Null,NotReferred,Null,False,False,False,False,False,False,10,False,False,False,False,False,False,0,0,0,0,0,False,False
784650,41,4.1,1.0,0.0,0.0,168.0,4.0,1.0,30340,,15911,County Championship Division Two 2023,2,40,Durham,34,Gloucestershire,2023-07-11T15:06:10Z,3,False,,,,44,Matt Taylor,103,Graham Clark,101,Alex Lees,211,88,Extra Cover,0,0,0,0,,LengthBall,Null,NotOut,Played,0,Drive,Null,Round,Fast,Left,Null,NotReferred,Null,False,False,False,False,False,False,10,False,False,False,False,False,False,0,0,0,0,0,False,False
784650,41,4.1,1.0,0.0,0.0,168.0,4.0,1.0,30340,,15911,County Championship Division Two 2023,2,40,Durham,34,Gloucestershire,2023-07-11T15:06:44Z,4,False,,,,44,Matt Taylor,103,Graham Clark,101,Alex Lees,285,35,Silly Mid On,0,0,0,0,,LengthBall,Null,NotOut,Played,0,ForwardDefensive,Null,Round,Fast,Left,Null,NotReferred,Null,False,False,False,False,False,False,10,False,False,False,False,False,False,0,0,0,0,0,False,False
784650,41,4.1,1.0,0.0,0.0,168.0,4.0,1.0,30340,,15911,County Championship Division Two 2023,2,40,Durham,34,Gloucestershire,2023-07-11T15:07:40Z,5,False,,,,44,Matt Taylor,103,Graham Clark,101,Alex Lees,35,139,Fine Leg,1,0,1,1,,Short,Null,NotOut,Played,0,Pull,Null,Round,Fast,Left,Null,NotReferred,Null,False,False,False,False,False,False,10,False,False,False,False,False,False,1,0,0,0,0,False,False
784650,41,4.1,1.0,0.0,0.0,168.0,4.0,1.0,30340,,15911,County Championship Division Two 2023,2,40,Durham,34,Gloucestershire,2023-07-11T15:08:24Z,6,False,,,,44,Matt Taylor,101,Alex Lees,103,Graham Clark,356,79,Point,0,0,0,0,,LengthBall,Null,NotOut,Played,0,Pushed,Null,Over,Fast,Left,Null,NotReferred,Null,False,False,False,False,False,False,10,False,False,False,False,False,False,0,0,0,0,0,False,False
784658,42,4.05,2.0,0.0,0.0,170.0,4.0,2.0,30340,,15911,County Championship Division Two 2023,2,40,Durham,34,Gloucestershire,2023-07-11T15:09:25Z,1,False,,,,4202,Zafar Gohar,103,Graham Clark,101,Alex Lees,316,67,Short Mid Wicket,0,0,0,0,,LengthBall,Null,NotOut,Played,0,ForwardDefensive,Null,Round,Orthodox,Left,Null,NotReferred,Null,False,False,False,False,False,False,25,False,False,False,False,False,False,0,0,0,0,0,False,False
784658,42,4.05,2.0,0.0,0.0,170.0,4.0,2.0,30340,,15911,County Championship Division Two 2023,2,40,Durham,34,Gloucestershire,2023-07-11T15:09:42Z,2,False,,,,4202,Zafar Gohar,103,Graham Clark,101,Alex Lees,216,86,Extra Cover,0,0,0,0,,LengthBall,Null,NotOut,Played,0,Pushed,Null,Round,Orthodox,Left,Null,NotReferred,Null,False,False,False,False,False,False,25,False,False,False,False,False,False,0,0,0,0,0,False,False
784658,42,4.05,2.0,0.0,0.0,170.0,4.0,2.0,30340,,15911,County Championship Division Two 2023,2,40,Durham,34,Gloucestershire,2023-07-11T15:10:12Z,3,False,,,,4202,Zafar Gohar,103,Graham Clark,101,Alex Lees,270,40,Bowler,0,0,0,0,,LengthBall,Null,NotOut,Played,0,ForwardDefensive,Null,Round,Orthodox,Left,Null,NotReferred,Null,False,False,False,False,False,False,25,False,False,False,False,False,False,0,0,0,0,0,False,False
784658,42,4.05,2.0,0.0,0.0,170.0,4.0,2.0,30340,,15911,County Championship Division Two 2023,2,40,Durham,34,Gloucestershire,2023-07-11T15:10:23Z,4,False,,,,4202,Zafar Gohar,103,Graham Clark,101,Alex Lees,207,83,Extra Cover,0,0,0,0,,LengthBall,Null,NotOut,Played,0,Drive,Null,Round,Orthodox,Left,Null,NotReferred,Null,False,False,False,False,False,False,25,False,False,False,False,False,False,0,0,0,0,0,False,False
784658,42,4.05,2.0,0.0,0.0,170.0,4.0,2.0,30340,,15911,County Championship Division Two 2023,2,40,Durham,34,Gloucestershire,2023-07-11T15:10:41Z,5,False,,,,4202,Zafar Gohar,103,Graham Clark,101,Alex Lees,145,112,Third Man,1,0,1,1,,LengthBall,Null,NotOut,Played,0,Steer,Null,Round,Orthodox,Left,Null,NotReferred,Null,False,False,False,False,False,False,25,False,False,False,False,False,False,1,0,0,0,0,False,False
784658,42,4.05,2.0,0.0,0.0,170.0,4.0,2.0,30340,,15911,County Championship Division Two 2023,2,40,Durham,34,Gloucestershire,2023-07-11T15:11:24Z,6,False,,,,4202,Zafar Gohar,101,Alex Lees,103,Graham Clark,204,85,Mid Wicket,1,0,1,1,,LengthBall,Null,NotOut,Played,0,Worked,Null,Over,Orthodox,Left,Null,NotReferred,Null,False,False,False,False,False,False,25,False,False,False,False,False,False,1,0,0,0,0,False,False
784662,43,4.05,4.0,0.0,0.0,174.0,4.0,4.0,30340,,15911,County Championship Division Two 2023,2,40,Durham,34,Gloucestershire,2023-07-11T15:12:43Z,1,False,,,,7784,Dominic Goodman,101,Alex Lees,103,Graham Clark,46,148,Third Man,1,0,1,1,,BackOfALength,Null,NotOut,Played,0,Steer,Null,Over,Medium,Right,Null,NotReferred,Null,False,False,False,False,False,False,10,False,False,False,False,False,False,1,0,0,0,0,False,False
784662,43,4.05,4.0,0.0,0.0,174.0,4.0,4.0,30340,,15911,County Championship Division Two 2023,2,40,Durham,34,Gloucestershire,2023-07-11T15:13:26Z,2,False,,,,7784,Dominic Goodman,103,Graham Clark,101,Alex Lees,2,152,Deep Square Leg,1,0,1,1,,Short,Null,NotOut,Played,0,Pull,Null,Over,Medium,Right,Null,NotReferred,Null,False,False,False,False,False,False,10,False,False,False,False,False,False,1,0,0,0,0,False,False
784662,43,4.05,4.0,0.0,0.0,174.0,4.0,4.0,30340,,15911,County Championship Division Two 2023,2,40,Durham,34,Gloucestershire,2023-07-11T15:14:05Z,3,False,,,,7784,Dominic Goodman,101,Alex Lees,103,Graham Clark,145,138,Fine Leg,1,0,1,1,,Short,Null,NotOut,Played,0,Pull,Null,Over,Medium,Right,Null,NotReferred,Null,False,False,False,False,False,False,10,False,False,False,False,False,False,1,0,0,0,0,False,False
784662,43,4.05,4.0,0.0,0.0,174.0,4.0,4.0,30340,,15911,County Championship Division Two 2023,2,40,Durham,34,Gloucestershire,2023-07-11T15:14:38Z,4,False,,,,7784,Dominic Goodman,103,Graham Clark,101,Alex Lees,239,98,Mid Off,0,0,0,0,,LengthBall,Null,NotOut,Played,0,Drive,Null,Over,Medium,Right,Null,NotReferred,Null,False,False,False,False,False,False,10,False,False,False,False,False,False,0,0,0,0,0,False,False
784662,43,4.05,4.0,0.0,0.0,174.0,4.0,4.0,30340,,15911,County Championship Division Two 2023,2,40,Durham,34,Gloucestershire,2023-07-11T15:15:28Z,5,False,,,,7784,Dominic Goodman,103,Graham Clark,101,Alex Lees,168,84,Backward Point,0,0,0,0,,BackOfALength,Null,NotOut,Played,0,Steer,Null,Round,Medium,Right,Null,NotReferred,Null,False,False,False,False,False,False,10,False,False,False,False,False,False,0,0,0,0,0,False,False
784662,43,4.05,4.0,0.0,0.0,174.0,4.0,4.0,30340,,15911,County Championship Division Two 2023,2,40,Durham,34,Gloucestershire,2023-07-11T15:15:55Z,6,False,,,,7784,Dominic Goodman,103,Graham Clark,101,Alex Lees,12,155,Deep Backward Square Leg,1,0,1,1,,LengthBall,Null,NotOut,Played,0,Pull,Null,Round,Medium,Right,Null,NotReferred,Null,False,False,False,False,False,False,10,False,False,False,False,False,False,1,0,0,0,0,False,False
784671,44,4.2,11.0,0.0,0.0,185.0,4.0,11.0,30340,,15911,County Championship Division Two 2023,2,40,Durham,34,Gloucestershire,2023-07-11T15:17:04Z,1,False,,,,4202,Zafar Gohar,103,Graham Clark,101,Alex Lees,214,53,Short Extra Cover,0,0,0,0,,LengthBall,Null,NotOut,Played,0,Pushed,Null,Round,Orthodox,Left,Null,NotReferred,Null,False,False,False,False,False,False,25,False,False,False,False,False,False,0,0,0,0,0,False,False
784671,44,4.2,11.0,0.0,0.0,185.0,4.0,11.0,30340,,15911,County Championship Division Two 2023,2,40,Durham,34,Gloucestershire,2023-07-11T15:17:17Z,2,False,,,,4202,Zafar Gohar,103,Graham Clark,101,Alex Lees,349,143,Deep Mid Wicket,1,0,1,1,,LengthBall,Null,NotOut,Played,0,Worked,Null,Round,Orthodox,Left,Null,NotReferred,Null,False,False,False,False,False,False,25,False,False,False,False,False,False,1,0,0,0,0,False,False
784671,44,4.2,11.0,0.0,0.0,185.0,4.0,11.0,30340,,15911,County Championship Division Two 2023,2,40,Durham,34,Gloucestershire,2023-07-11T15:17:57Z,3,False,,,,4202,Zafar Gohar,101,Alex Lees,103,Graham Clark,251,150,Long On,1,0,1,1,,LengthBall,Null,NotOut,Played,0,Drive,Null,Round,Orthodox,Left,Null,NotReferred,Null,False,False,False,False,False,False,25,False,False,False,False,False,False,1,0,0,0,0,False,False
784671,44,4.2,11.0,0.0,0.0,185.0,4.0,11.0,30340,,15911,County Championship Division Two 2023,2,40,Durham,34,Gloucestershire,2023-07-11T15:18:21Z,4,False,,,,4202,Zafar Gohar,103,Graham Clark,101,Alex Lees,60,136,Fine Leg,1,0,1,1,,LengthBall,Null,NotOut,Played,0,Flick,Null,Round,Orthodox,Left,Null,NotReferred,Null,False,False,False,False,False,False,25,False,False,False,False,False,False,1,0,0,0,0,False,False
784671,44,4.2,11.0,0.0,0.0,185.0,4.0,11.0,30340,,15911,County Championship Division Two 2023,2,40,Durham,34,Gloucestershire,2023-07-11T15:19:17Z,5,False,,,,4202,Zafar Gohar,101,Alex Lees,103,Graham Clark,257,196,Long On,4,0,4,4,,LengthBall,Null,NotOut,HitHard,0,Drive,Null,Over,Orthodox,Left,Null,NotReferred,Null,False,False,False,False,False,False,25,False,False,False,False,False,False,4,0,0,0,0,False,True
784671,44,4.2,11.0,0.0,0.0,185.0,4.0,11.0,30340,,15911,County Championship Division Two 2023,2,40,Durham,34,Gloucestershire,2023-07-11T15:20:07Z,6,False,,,,4202,Zafar Gohar,101,Alex Lees,103,Graham Clark,11,166,Deep Backward Point,4,0,4,4,,BackOfALength,Null,NotOut,HitHard,0,Cut,Null,Over,Orthodox,Left,Null,NotReferred,Null,False,False,False,False,False,False,25,False,False,False,False,False,False,4,0,0,0,0,False,True
784681,45,4.31,9.0,0.0,0.0,194.0,4.0,9.0,30340,,15911,County Championship Division Two 2023,2,40,Durham,34,Gloucestershire,2023-07-11T15:22:21Z,1,False,,,,7784,Dominic Goodman,103,Graham Clark,101,Alex Lees,187,192,Deep Point,4,0,4,4,,LengthBall,Null,NotOut,HitHard,0,Drive,Null,Over,Medium,Right,Null,NotReferred,Null,False,False,False,False,False,False,10,False,False,False,False,False,False,4,0,0,0,0,False,True
784681,45,4.31,9.0,0.0,0.0,194.0,4.0,9.0,30340,,15911,County Championship Division Two 2023,2,40,Durham,34,Gloucestershire,2023-07-11T15:22:56Z,2,False,,,,7784,Dominic Goodman,103,Graham Clark,101,Alex Lees,229,54,Short Extra Cover,0,0,0,0,,LengthBall,Null,NotOut,Played,0,ForwardDefensive,Null,Over,Medium,Right,Null,NotReferred,Null,False,False,False,False,False,False,10,False,False,False,False,False,False,0,0,0,0,0,False,False
784681,45,4.31,9.0,0.0,0.0,194.0,4.0,9.0,30340,,15911,County Championship Division Two 2023,2,40,Durham,34,Gloucestershire,2023-07-11T15:23:29Z,3,False,,,,7784,Dominic Goodman,103,Graham Clark,101,Alex Lees,215,26,Silly Point,0,0,0,0,,LengthBall,Null,NotOut,Played,0,ForwardDefensive,Null,Over,Medium,Right,Null,NotReferred,Null,False,False,False,False,False,False,10,False,False,False,False,False,False,0,0,0,0,0,False,False
784681,45,4.31,9.0,0.0,0.0,194.0,4.0,9.0,30340,,15911,County Championship Division Two 2023,2,40,Durham,34,Gloucestershire,2023-07-11T15:23:57Z,4,False,,,,7784,Dominic Goodman,103,Graham Clark,101,Alex Lees,7,181,Deep Square Leg,4,0,4,4,,LengthBall,Null,NotOut,HitHard,0,Worked,Null,Over,Medium,Right,Null,NotReferred,Null,False,False,False,False,False,False,10,False,False,False,False,False,False,4,0,0,0,0,False,True
784681,45,4.31,9.0,0.0,0.0,194.0,4.0,9.0,30340,,15911,County Championship Division Two 2023,2,40,Durham,34,Gloucestershire,2023-07-11T15:24:40Z,5,False,,,,7784,Dominic Goodman,103,Graham Clark,101,Alex Lees,226,44,Short Extra Cover,0,0,0,0,,LengthBall,Null,NotOut,Played,0,ForwardDefensive,Null,Over,Medium,Right,Null,NotReferred,Null,False,False,False,False,False,False,10,False,False,False,False,False,False,0,0,0,0,0,False,False
784681,45,4.31,9.0,0.0,0.0,194.0,4.0,9.0,30340,,15911,County Championship Division Two 2023,2,40,Durham,34,Gloucestershire,2023-07-11T15:25:09Z,6,False,,,,7784,Dominic Goodman,103,Graham Clark,101,Alex Lees,332,92,Mid Wicket,1,0,1,1,,LengthBall,Null,NotOut,Played,0,Worked,Null,Over,Medium,Right,Null,NotReferred,Null,False,False,False,False,False,False,10,False,False,False,False,False,False,1,0,0,0,0,False,False
784691,46,4.3,4.0,0.0,0.0,198.0,4.0,4.0,30340,,15911,County Championship Division Two 2023,2,40,Durham,34,Gloucestershire,2023-07-11T15:26:58Z,1,False,,,,7917,Ollie Price,103,Graham Clark,101,Alex Lees,45,134,Fine Leg,1,0,1,1,,LengthBall,Null,NotOut,Played,0,Glance,Null,Over,OffSpin,Right,Null,NotReferred,Null,False,False,False,False,False,False,25,False,False,False,False,False,False,1,0,0,0,0,False,False
784691,46,4.3,4.0,0.0,0.0,198.0,4.0,4.0,30340,,15911,County Championship Division Two 2023,2,40,Durham,34,Gloucestershire,2023-07-11T15:27:42Z,2,False,,,,7917,Ollie Price,101,Alex Lees,103,Graham Clark,197,111,Mid Wicket,1,0,1,1,,LengthBall,Null,NotOut,Played,0,Worked,Null,Round,OffSpin,Right,Null,NotReferred,Null,False,False,False,False,False,False,25,False,False,False,False,False,False,1,0,0,0,0,False,False
784691,46,4.3,4.0,0.0,0.0,198.0,4.0,4.0,30340,,15911,County Championship Division Two 2023,2,40,Durham,34,Gloucestershire,2023-07-11T15:28:10Z,3,False,,,,7917,Ollie Price,103,Graham Clark,101,Alex Lees,360,141,Deep Square Leg,1,0,1,1,,LengthBall,Null,NotOut,Played,0,Worked,Null,Round,OffSpin,Right,Null,NotReferred,Null,False,False,False,False,False,False,25,False,False,False,False,False,False,1,0,0,0,0,False,False
784691,46,4.3,4.0,0.0,0.0,198.0,4.0,4.0,30340,,15911,County Championship Division Two 2023,2,40,Durham,34,Gloucestershire,2023-07-11T15:28:27Z,4,False,,,,7917,Ollie Price,101,Alex Lees,103,Graham Clark,234,57,Short Mid Wicket,0,0,0,0,,LengthBall,Null,NotOut,Played,0,ForwardDefensive,Null,Round,OffSpin,Right,Null,NotReferred,Null,False,False,False,False,False,False,25,False,False,False,False,False,False,0,0,0,0,0,False,False
784691,46,4.3,4.0,0.0,0.0,198.0,4.0,4.0,30340,,15911,County Championship Division Two 2023,2,40,Durham,34,Gloucestershire,2023-07-11T15:28:44Z,5,False,,,,7917,Ollie Price,101,Alex Lees,103,Graham Clark,270,40,Bowler,0,0,0,0,,LengthBall,Null,NotOut,Played,0,ForwardDefensive,Null,Round,OffSpin,Right,Null,NotReferred,Null,False,False,False,False,False,False,25,False,False,False,False,False,False,0,0,0,0,0,False,False
784691,46,4.3,4.0,0.0,0.0,198.0,4.0,4.0,30340,,15911,County Championship Division Two 2023,2,40,Durham,34,Gloucestershire,2023-07-11T15:29:01Z,6,False,,,,7917,Ollie Price,101,Alex Lees,103,Graham Clark,351,144,Deep Point,1,0,1,1,,LengthBall,Null,NotOut,Played,0,Pushed,Null,Round,OffSpin,Right,Null,NotReferred,Null,False,False,False,False,False,False,25,False,False,False,False,False,False,1,0,0,0,0,False,False
784698,47,4.28,3.0,0.0,0.0,201.0,4.0,3.0,30340,,15911,County Championship Division Two 2023,2,40,Durham,34,Gloucestershire,2023-07-11T15:30:17Z,1,False,,,,7784,Dominic Goodman,101,Alex Lees,103,Graham Clark,200,157,Deep Mid Wicket,1,0,1,1,,Short,Null,NotOut,Played,0,Pull,Null,Round,Medium,Right,Null,NotReferred,Null,False,False,False,False,False,False,10,False,False,False,False,False,False,1,0,0,0,0,False,False
784698,47,4.28,3.0,0.0,0.0,201.0,4.0,3.0,30340,,15911,County Championship Division Two 2023,2,40,Durham,34,Gloucestershire,2023-07-11T15:31:06Z,2,False,,,,7784,Dominic Goodman,103,Graham Clark,101,Alex Lees,293,36,Silly Mid On,0,0,0,0,,LengthBall,Null,NotOut,Played,0,ForwardDefensive,Null,Over,Medium,Right,Null,NotReferred,Null,False,False,False,False,False,False,10,False,False,False,False,False,False,0,0,0,0,0,False,False
784698,47,4.28,3.0,0.0,0.0,201.0,4.0,3.0,30340,,15911,County Championship Division Two 2023,2,40,Durham,34,Gloucestershire,2023-07-11T15:31:45Z,3,False,,,,7784,Dominic Goodman,103,Graham Clark,101,Alex Lees,12,143,Deep Backward Square Leg,1,0,1,1,,Short,Null,NotOut,Played,0,Pull,Null,Over,Medium,Right,Null,NotReferred,Null,False,False,False,False,False,False,10,False,False,False,False,False,False,1,0,0,0,0,False,False
784698,47,4.28,3.0,0.0,0.0,201.0,4.0,3.0,30340,,15911,County Championship Division Two 2023,2,40,Durham,34,Gloucestershire,2023-07-11T15:32:31Z,4,False,,,,7784,Dominic Goodman,101,Alex Lees,103,Graham Clark,40,126,Third Man,1,0,1,1,,LengthBall,Null,NotOut,Played,0,Steer,Null,Round,Medium,Right,Null,NotReferred,Null,False,False,False,False,False,False,10,False,False,False,False,False,False,1,0,0,0,0,False,False
784698,47,4.28,3.0,0.0,0.0,201.0,4.0,3.0,30340,,15911,County Championship Division Two 2023,2,40,Durham,34,Gloucestershire,2023-07-11T15:33:02Z,5,False,,,,7784,Dominic Goodman,103,Graham Clark,101,Alex Lees,90,48,Wicketkeeper,0,0,0,0,,LengthBall,Null,NotOut,NoShot,0,Leave,Null,Over,Medium,Right,Null,NotReferred,Null,False,False,False,False,False,False,10,False,False,False,False,False,False,0,0,0,0,0,False,False
784698,47,4.28,3.0,0.0,0.0,201.0,4.0,3.0,30340,,15911,County Championship Division Two 2023,2,40,Durham,34,Gloucestershire,2023-07-11T15:33:31Z,6,False,,,,7784,Dominic Goodman,103,Graham Clark,101,Alex Lees,90,48,Wicketkeeper,0,0,0,0,,Short,Null,NotOut,NoShot,0,Leave,Null,Over,Medium,Right,Null,NotReferred,Null,False,False,False,False,False,False,10,False,False,False,False,False,False,0,0,0,0,0,False,False
784708,48,4.29,5.0,0.0,0.0,206.0,4.0,5.0,30340,,15911,County Championship Division Two 2023,2,40,Durham,34,Gloucestershire,2023-07-11T15:34:20Z,1,False,,,,7917,Ollie Price,101,Alex Lees,103,Graham Clark,260,152,Long On,1,0,1,1,,LengthBall,Null,NotOut,Played,0,Drive,Null,Round,OffSpin,Right,Null,NotReferred,Null,False,False,False,False,False,False,25,False,False,False,False,False,False,1,0,0,0,0,False,False
784708,48,4.29,5.0,0.0,0.0,206.0,4.0,5.0,30340,,15911,County Championship Division Two 2023,2,40,Durham,34,Gloucestershire,2023-07-11T15:34:53Z,2,False,,,,7917,Ollie Price,103,Graham Clark,101,Alex Lees,299,195,Long On,4,0,4,4,,LengthBall,Null,NotOut,HitHard,0,Slog,Null,Over,OffSpin,Right,Null,NotReferred,Null,False,False,False,False,False,False,25,False,False,False,False,False,False,4,0,0,0,0,False,True
784708,48,4.29,5.0,0.0,0.0,206.0,4.0,5.0,30340,,15911,County Championship Division Two 2023,2,40,Durham,34,Gloucestershire,2023-07-11T15:35:40Z,3,False,,,,7917,Ollie Price,103,Graham Clark,101,Alex Lees,239,38,Silly Mid Off,0,0,0,0,,LengthBall,Null,NotOut,Played,0,ForwardDefensive,Null,Over,OffSpin,Right,Null,NotReferred,Null,False,False,False,False,False,False,25,False,False,False,False,False,False,0,0,0,0,0,False,False
784708,48,4.29,5.0,0.0,0.0,206.0,4.0,5.0,30340,,15911,County Championship Division Two 2023,2,40,Durham,34,Gloucestershire,2023-07-11T15:35:55Z,4,False,,,,7917,Ollie Price,103,Graham Clark,101,Alex Lees,356,86,Square Leg,0,0,0,0,,LengthBall,Null,NotOut,Played,0,Worked,Null,Over,OffSpin,Right,Null,NotReferred,Null,False,False,False,False,False,False,25,False,False,False,False,False,False,0,0,0,0,0,False,False
784708,48,4.29,5.0,0.0,0.0,206.0,4.0,5.0,30340,,15911,County Championship Division Two 2023,2,40,Durham,34,Gloucestershire,2023-07-11T15:36:14Z,5,False,,,,7917,Ollie Price,103,Graham Clark,101,Alex Lees,270,40,Bowler,0,0,0,0,,LengthBall,Null,NotOut,Played,0,ForwardDefensive,Null,Over,OffSpin,Right,Null,NotReferred,Null,False,False,False,False,False,False,25,False,False,False,False,False,False,0,0,0,0,0,False,False
784708,48,4.29,5.0,0.0,0.0,206.0,4.0,5.0,30340,,15911,County Championship Division Two 2023,2,40,Durham,34,Gloucestershire,2023-07-11T15:36:33Z,6,False,,,,7917,Ollie Price,103,Graham Clark,101,Alex Lees,297,95,Mid On,0,0,0,0,,LengthBall,Null,NotOut,Played,0,ForwardDefensive,Null,Over,OffSpin,Right,Null,NotReferred,Null,False,False,False,False,False,False,25,False,False,False,False,False,False,0,0,0,0,0,False,False
784718,49,4.35,7.0,0.0,2.0,213.0,4.0,7.0,30340,,15911,County Championship Division Two 2023,2,40,Durham,34,Gloucestershire,2023-07-11T15:37:36Z,1,False,,,,7784,Dominic Goodman,101,Alex Lees,103,Graham Clark,309,18,Silly Point,0,0,0,0,,LengthBall,Null,NotOut,Played,0,ForwardDefensive,Null,Round,Medium,Right,Null,NotReferred,Null,False,False,False,False,False,False,10,False,False,False,False,False,False,0,0,0,0,0,False,False
784718,49,4.35,7.0,0.0,2.0,213.0,4.0,7.0,30340,,15911,County Championship Division Two 2023,2,40,Durham,34,Gloucestershire,2023-07-11T15:38:09Z,2,False,,,,7784,Dominic Goodman,101,Alex Lees,103,Graham Clark,90,48,Wicketkeeper,2,2,2,0,,Short,Null,NotOut,NoShot,0,Leave,Null,Round,Medium,Right,Null,NotReferred,Overhead,False,True,False,False,False,False,10,False,False,False,False,False,False,0,0,0,0,2,False,False
784718,49,4.35,7.0,0.0,2.0,213.0,4.0,7.0,30340,,15911,County Championship Division Two 2023,2,40,Durham,34,Gloucestershire,2023-07-11T15:38:41Z,2,False,,,,7784,Dominic Goodman,101,Alex Lees,103,Graham Clark,209,105,Mid Wicket,1,0,1,1,,LengthBall,Null,NotOut,Played,0,Worked,Null,Round,Medium,Right,Null,NotReferred,Null,False,False,False,False,False,False,10,False,False,False,False,False,False,1,0,0,0,0,False,False
784718,49,4.35,7.0,0.0,2.0,213.0,4.0,7.0,30340,,15911,County Championship Division Two 2023,2,40,Durham,34,Gloucestershire,2023-07-11T15:39:23Z,3,False,,,,7784,Dominic Goodman,103,Graham Clark,101,Alex Lees,355,185,Deep Square Leg,4,0,4,4,,Short,Null,NotOut,HitHard,0,Pull,Null,Over,Medium,Right,Null,NotReferred,Null,False,False,False,False,False,False,10,False,False,False,False,False,False,4,0,0,0,0,False,False
784718,49,4.35,7.0,0.0,2.0,213.0,4.0,7.0,30340,,15911,County Championship Division Two 2023,2,40,Durham,34,Gloucestershire,2023-07-11T15:40:14Z,4,False,,,,7784,Dominic Goodman,103,Graham Clark,101,Alex Lees,318,55,Short Mid Wicket,0,0,0,0,,LengthBall,Null,NotOut,Played,0,Worked,Null,Over,Medium,Right,Null,NotReferred,Null,False,False,False,False,False,False,10,False,False,False,False,False,False,0,0,0,0,0,False,False
784718,49,4.35,7.0,0.0,2.0,213.0,4.0,7.0,30340,,15911,County Championship Division Two 2023,2,40,Durham,34,Gloucestershire,2023-07-11T15:40:48Z,5,False,,,,7784,Dominic Goodman,103,Graham Clark,101,Alex Lees,270,40,Bowler,0,0,0,0,,LengthBall,Null,NotOut,Played,0,ForwardDefensive,Null,Over,Medium,Right,Null,NotReferred,Null,False,False,False,False,False,False,10,False,False,False,False,False,False,0,0,0,0,0,False,False
784718,49,4.35,7.0,0.0,2.0,213.0,4.0,7.0,30340,,15911,County Championship Division Two 2023,2,40,Durham,34,Gloucestershire,2023-07-11T15:41:16Z,6,False,,,,7784,Dominic Goodman,103,Graham Clark,101,Alex Lees,243,96,Mid Off,0,0,0,0,,LengthBall,Null,NotOut,Played,0,ForwardDefensive,Null,Over,Medium,Right,Null,NotReferred,Null,False,False,False,False,False,False,10,False,False,False,False,False,False,0,0,0,0,0,False,False
784729,50,4.28,1.0,0.0,0.0,214.0,4.0,1.0,30340,,15911,County Championship Division Two 2023,2,40,Durham,34,Gloucestershire,2023-07-11T15:42:08Z,1,False,,,,7917,Ollie Price,101,Alex Lees,103,Graham Clark,351,119,Deep Point,1,0,1,1,,LengthBall,Null,NotOut,Played,0,Worked,Null,Round,OffSpin,Right,Null,NotReferred,Null,False,False,False,False,False,False,25,False,False,False,False,False,False,1,0,0,0,0,False,False
784729,50,4.28,1.0,0.0,0.0,214.0,4.0,1.0,30340,,15911,County Championship Division Two 2023,2,40,Durham,34,Gloucestershire,2023-07-11T15:42:33Z,2,False,,,,7917,Ollie Price,103,Graham Clark,101,Alex Lees,290,86,Mid On,0,0,0,0,,LengthBall,Null,NotOut,Played,0,Pushed,Null,Over,OffSpin,Right,Null,NotReferred,Null,False,False,False,False,False,False,25,False,False,False,False,False,False,0,0,0,0,0,False,False
784729,50,4.28,1.0,0.0,0.0,214.0,4.0,1.0,30340,,15911,County Championship Division Two 2023,2,40,Durham,34,Gloucestershire,2023-07-11T15:42:48Z,3,False,,,,7917,Ollie Price,103,Graham Clark,101,Alex Lees,270,40,Bowler,0,0,0,0,,LengthBall,Null,NotOut,Played,0,Drive,Null,Over,OffSpin,Right,Null,NotReferred,Null,False,False,False,False,False,False,25,False,False,False,False,False,False,0,0,0,0,0,False,False
784729,50,4.28,1.0,0.0,0.0,214.0,4.0,1.0,30340,,15911,County Championship Division Two 2023,2,40,Durham,34,Gloucestershire,2023-07-11T15:43:06Z,4,False,,,,7917,Ollie Price,103,Graham Clark,101,Alex Lees,349,48,Short Mid Wicket,0,0,0,0,,LengthBall,Null,NotOut,Played,0,Worked,Null,Over,OffSpin,Right,Null,NotReferred,Null,False,False,False,False,False,False,25,False,False,False,False,False,False,0,0,0,0,0,False,False
784729,50,4.28,1.0,0.0,0.0,214.0,4.0,1.0,30340,,15911,County Championship Division Two 2023,2,40,Durham,34,Gloucestershire,2023-07-11T15:43:26Z,5,False,,,,7917,Ollie Price,103,Graham Clark,101,Alex Lees,225,44,Short Extra Cover,0,0,0,0,,LengthBall,Null,NotOut,Played,0,ForwardDefensive,Null,Over,OffSpin,Right,Null,NotReferred,Null,False,False,False,False,False,False,25,False,False,False,False,False,False,0,0,0,0,0,False,False
784729,50,4.28,1.0,0.0,0.0,214.0,4.0,1.0,30340,,15911,County Championship Division Two 2023,2,40,Durham,34,Gloucestershire,2023-07-11T15:43:50Z,6,False,,,,7917,Ollie Price,103,Graham Clark,101,Alex Lees,242,94,Mid Off,0,0,0,0,,LengthBall,Null,NotOut,Played,0,Drive,Null,Over,OffSpin,Right,Null,NotReferred,Null,False,False,False,False,False,False,25,False,False,False,False,False,False,0,0,0,0,0,False,False
784736,51,4.35,8.0,0.0,0.0,222.0,4.0,8.0,30340,,15911,County Championship Division Two 2023,2,40,Durham,34,Gloucestershire,2023-07-11T15:45:15Z,1,False,,,,2503,Zaman Akhter,101,Alex Lees,103,Graham Clark,108,172,Fine Leg,4,0,4,4,,FullToss,Null,NotOut,HitHard,0,Flick,Null,Round,Fast,Right,Null,NotReferred,Null,False,False,False,False,False,False,10,False,False,False,False,False,False,4,0,0,0,0,False,True
784736,51,4.35,8.0,0.0,0.0,222.0,4.0,8.0,30340,,15911,County Championship Division Two 2023,2,40,Durham,34,Gloucestershire,2023-07-11T15:45:54Z,2,False,,,,2503,Zaman Akhter,101,Alex Lees,103,Graham Clark,90,48,Wicketkeeper,0,0,0,0,,LengthBall,Null,NotOut,MissedLegSide,0,Flick,Null,Round,Fast,Right,Null,NotReferred,Null,False,False,False,False,False,False,10,False,False,False,False,False,False,0,0,0,0,0,False,False
784736,51,4.35,8.0,0.0,0.0,222.0,4.0,8.0,30340,,15911,County Championship Division Two 2023,2,40,Durham,34,Gloucestershire,2023-07-11T15:46:25Z,3,False,,,,2503,Zaman Akhter,101,Alex Lees,103,Graham Clark,90,48,Wicketkeeper,0,0,0,0,,LengthBall,Null,NotOut,MissedLegSide,0,Flick,Null,Round,Fast,Right,Null,NotReferred,Null,False,False,False,False,False,False,10,False,False,False,False,False,False,0,0,0,0,0,False,False
784736,51,4.35,8.0,0.0,0.0,222.0,4.0,8.0,30340,,15911,County Championship Division Two 2023,2,40,Durham,34,Gloucestershire,2023-07-11T15:47:00Z,4,False,,,,2503,Zaman Akhter,101,Alex Lees,103,Graham Clark,216,34,Short Leg,0,0,0,0,,LengthBall,Null,NotOut,Played,0,ForwardDefensive,Null,Round,Fast,Right,Null,NotReferred,Null,False,False,False,False,False,False,10,False,False,False,False,False,False,0,0,0,0,0,False,False
784736,51,4.35,8.0,0.0,0.0,222.0,4.0,8.0,30340,,15911,County Championship Division Two 2023,2,40,Durham,34,Gloucestershire,2023-07-11T15:47:32Z,5,False,,,,2503,Zaman Akhter,101,Alex Lees,103,Graham Clark,162,172,Deep Backward Square Leg,4,0,4,4,,LengthBall,Null,NotOut,HitHard,0,Flick,Null,Round,Fast,Right,Null,NotReferred,Null,False,False,False,False,False,False,10,False,False,False,False,False,False,4,0,0,0,0,False,True
784736,51,4.35,8.0,0.0,0.0,222.0,4.0,8.0,30340,,15911,County Championship Division Two 2023,2,40,Durham,34,Gloucestershire,2023-07-11T15:48:10Z,6,False,,,,2503,Zaman Akhter,101,Alex Lees,103,Graham Clark,313,68,Extra Cover,0,0,0,0,,LengthBall,Null,NotOut,Played,0,ForwardDefensive,Null,Round,Fast,Right,Null,NotReferred,Null,False,False,False,False,False,False,10,False,False,False,False,False,False,0,0,0,0,0,False,False
784743,52,4.4,7.0,0.0,0.0,229.0,4.0,7.0,30340,,15911,County Championship Division Two 2023,2,40,Durham,34,Gloucestershire,2023-07-11T15:49:09Z,1,False,,,,7917,Ollie Price,103,Graham Clark,101,Alex Lees,186,127,Deep Point,1,0,1,1,,LengthBall,Null,NotOut,Played,0,Pushed,Null,Over,OffSpin,Right,Null,NotReferred,Null,False,False,False,False,False,False,25,False,False,False,False,False,False,1,0,0,0,0,False,False
784743,52,4.4,7.0,0.0,0.0,229.0,4.0,7.0,30340,,15911,County Championship Division Two 2023,2,40,Durham,34,Gloucestershire,2023-07-11T15:49:35Z,2,False,,,,7917,Ollie Price,101,Alex Lees,103,Graham Clark,232,198,Long On,4,0,4,4,,LengthBall,Null,NotOut,HitHard,0,Flick,Null,Round,OffSpin,Right,Null,NotReferred,Null,False,False,False,False,True,False,25,False,False,False,False,False,False,4,0,0,0,0,False,True
784743,52,4.4,7.0,0.0,0.0,229.0,4.0,7.0,30340,,15911,County Championship Division Two 2023,2,40,Durham,34,Gloucestershire,2023-07-11T15:50:19Z,3,False,,,,7917,Ollie Price,101,Alex Lees,103,Graham Clark,292,135,Long Off,1,0,1,1,,LengthBall,Null,NotOut,Played,0,Drive,Null,Round,OffSpin,Right,Null,NotReferred,Null,False,False,False,False,False,False,25,False,False,False,False,False,False,1,0,0,0,0,False,False
784743,52,4.4,7.0,0.0,0.0,229.0,4.0,7.0,30340,,15911,County Championship Division Two 2023,2,40,Durham,34,Gloucestershire,2023-07-11T15:50:44Z,4,False,,,,7917,Ollie Price,103,Graham Clark,101,Alex Lees,296,92,Mid On,0,0,0,0,,LengthBall,Null,NotOut,Played,0,Drive,Null,Over,OffSpin,Right,Null,NotReferred,Null,False,False,False,False,False,False,25,False,False,False,False,False,False,0,0,0,0,0,False,False
784743,52,4.4,7.0,0.0,0.0,229.0,4.0,7.0,30340,,15911,County Championship Division Two 2023,2,40,Durham,34,Gloucestershire,2023-07-11T15:51:02Z,5,False,,,,7917,Ollie Price,103,Graham Clark,101,Alex Lees,348,183,Deep Mid Wicket,1,0,1,1,,LengthBall,Null,NotOut,HitHard,0,SlogSweep,Null,Over,OffSpin,Right,Null,NotReferred,Null,False,False,False,False,False,False,25,False,False,False,False,False,False,1,0,0,0,0,False,False
784743,52,4.4,7.0,0.0,0.0,229.0,4.0,7.0,30340,,15911,County Championship Division Two 2023,2,40,Durham,34,Gloucestershire,2023-07-11T15:51:36Z,6,False,,,,7917,Ollie Price,101,Alex Lees,103,Graham Clark,303,36,Silly Mid Off,0,0,0,0,,LengthBall,Null,NotOut,Played,0,ForwardDefensive,Null,Over,OffSpin,Right,Null,NotReferred,Null,False,False,False,False,False,False,25,False,False,False,False,False,False,0,0,0,0,0,False,False
784751,53,4.38,3.0,0.0,0.0,232.0,4.0,3.0,30340,,15911,County Championship Division Two 2023,2,40,Durham,34,Gloucestershire,2023-07-11T15:52:29Z,1,False,,,,2503,Zaman Akhter,103,Graham Clark,101,Alex Lees,0,50,Leg Gully,0,0,0,0,,LengthBall,Null,NotOut,HitPad,0,Flick,Null,Over,Fast,Right,Null,NotReferred,Null,False,False,False,False,False,False,10,False,False,False,False,False,False,0,0,0,0,0,False,False
784751,53,4.38,3.0,0.0,0.0,232.0,4.0,3.0,30340,,15911,County Championship Division Two 2023,2,40,Durham,34,Gloucestershire,2023-07-11T15:53:00Z,2,False,,,,2503,Zaman Akhter,103,Graham Clark,101,Alex Lees,191,76,Cover,0,0,0,0,,LengthBall,Null,NotOut,Played,0,ForwardDefensive,Null,Over,Fast,Right,Null,NotReferred,Null,False,False,False,False,False,False,10,False,False,False,False,False,False,0,0,0,0,0,False,False
784751,53,4.38,3.0,0.0,0.0,232.0,4.0,3.0,30340,,15911,County Championship Division Two 2023,2,40,Durham,34,Gloucestershire,2023-07-11T15:53:30Z,3,False,,,,2503,Zaman Akhter,103,Graham Clark,101,Alex Lees,5,155,Deep Square Leg,1,0,1,1,,Short,Null,NotOut,Played,0,Pull,Null,Over,Fast,Right,Null,NotReferred,Null,False,False,False,False,False,False,10,False,False,False,False,False,False,1,0,0,0,0,False,False
784751,53,4.38,3.0,0.0,0.0,232.0,4.0,3.0,30340,,15911,County Championship Division Two 2023,2,40,Durham,34,Gloucestershire,2023-07-11T15:54:08Z,4,False,,,,2503,Zaman Akhter,101,Alex Lees,103,Graham Clark,173,153,Deep Square Leg,1,0,1,1,,LengthBall,Null,NotOut,Played,0,Worked,Null,Over,Fast,Right,Null,NotReferred,Null,False,False,False,False,False,False,10,False,False,False,False,False,False,1,0,0,0,0,False,False
784751,53,4.38,3.0,0.0,0.0,232.0,4.0,3.0,30340,,15911,County Championship Division Two 2023,2,40,Durham,34,Gloucestershire,2023-07-11T15:54:40Z,5,False,,,,2503,Zaman Akhter,103,Graham Clark,101,Alex Lees,317,48,Short Mid Wicket,0,0,0,0,,LengthBall,Null,NotOut,Played,0,ForwardDefensive,Null,Over,Fast,Right,Null,NotReferred,Null,False,False,False,False,False,False,10,False,False,False,False,False,False,0,0,0,0,0,False,False
784751,53,4.38,3.0,0.0,0.0,232.0,4.0,3.0,30340,,15911,County Championship Division Two 2023,2,40,Durham,34,Gloucestershire,2023-07-11T15:55:14Z,6,False,,,,2503,Zaman Akhter,103,Graham Clark,101,Alex Lees,22,133,Deep Backward Square Leg,1,0,1,1,,LengthBall,Null,NotOut,Played,0,Worked,Null,Over,Fast,Right,Null,NotReferred,Null,False,False,False,False,False,False,10,False,False,False,False,False,False,1,0,0,0,0,False,False
784764,54,4.37,4.0,0.0,0.0,236.0,4.0,4.0,30340,,15911,County Championship Division Two 2023,2,40,Durham,34,Gloucestershire,2023-07-11T15:56:23Z,1,False,,,,7917,Ollie Price,103,Graham Clark,101,Alex Lees,353,97,Square Leg,1,0,1,1,,LengthBall,Null,NotOut,Played,0,Worked,Null,Over,OffSpin,Right,Null,NotReferred,Null,False,False,False,False,False,False,25,False,False,False,False,False,False,1,0,0,0,0,False,False
784764,54,4.37,4.0,0.0,0.0,236.0,4.0,4.0,30340,,15911,County Championship Division Two 2023,2,40,Durham,34,Gloucestershire,2023-07-11T15:56:44Z,2,False,,,,7917,Ollie Price,101,Alex Lees,103,Graham Clark,346,70,Cover,1,0,1,1,,LengthBall,Null,NotOut,Played,0,ForwardDefensive,Null,Round,OffSpin,Right,Null,NotReferred,Null,False,False,False,False,False,False,25,False,False,False,False,False,False,1,0,0,0,0,False,False
784764,54,4.37,4.0,0.0,0.0,236.0,4.0,4.0,30340,,15911,County Championship Division Two 2023,2,40,Durham,34,Gloucestershire,2023-07-11T15:57:08Z,3,False,,,,7917,Ollie Price,103,Graham Clark,101,Alex Lees,358,83,Square Leg,1,0,1,1,,LengthBall,Null,NotOut,Played,0,Worked,Null,Over,OffSpin,Right,Null,NotReferred,Null,False,False,False,False,False,False,25,False,False,False,False,False,False,1,0,0,0,0,False,False
784764,54,4.37,4.0,0.0,0.0,236.0,4.0,4.0,30340,,15911,County Championship Division Two 2023,2,40,Durham,34,Gloucestershire,2023-07-11T15:57:36Z,4,False,,,,7917,Ollie Price,101,Alex Lees,103,Graham Clark,332,76,Extra Cover,0,0,0,0,,LengthBall,Null,NotOut,Played,0,Drive,Null,Round,OffSpin,Right,Null,NotReferred,Null,False,False,False,False,False,False,25,False,False,False,False,False,False,0,0,0,0,0,False,False
784764,54,4.37,4.0,0.0,0.0,236.0,4.0,4.0,30340,,15911,County Championship Division Two 2023,2,40,Durham,34,Gloucestershire,2023-07-11T15:57:54Z,5,False,,,,7917,Ollie Price,101,Alex Lees,103,Graham Clark,248,138,Long On,1,0,1,1,,LengthBall,Null,NotOut,Played,0,Drive,Null,Round,OffSpin,Right,Null,NotReferred,Null,False,False,False,False,False,False,25,False,False,False,False,False,False,1,0,0,0,0,False,False
784764,54,4.37,4.0,0.0,0.0,236.0,4.0,4.0,30340,,15911,County Championship Division Two 2023,2,40,Durham,34,Gloucestershire,2023-07-11T15:58:19Z,6,False,,,,7917,Ollie Price,103,Graham Clark,101,Alex Lees,13,88,Backward Square Leg,0,0,0,0,,LengthBall,Null,NotOut,Played,0,Flick,Null,Over,OffSpin,Right,Null,NotReferred,Null,False,False,False,False,False,False,25,False,False,False,False,False,False,0,0,0,0,0,False,False
784769,55,4.4,6.0,0.0,0.0,242.0,4.0,6.0,30340,,15911,County Championship Division Two 2023,2,40,Durham,34,Gloucestershire,2023-07-11T15:59:10Z,1,False,,,,2503,Zaman Akhter,101,Alex Lees,103,Graham Clark,107,181,Fine Leg,4,0,4,4,,LengthBall,Null,NotOut,Edged,0,Drive,Null,Over,Fast,Right,Null,NotReferred,Null,False,False,False,False,False,False,10,False,False,False,False,False,False,4,0,0,0,0,False,True
784769,55,4.4,6.0,0.0,0.0,242.0,4.0,6.0,30340,,15911,County Championship Division Two 2023,2,40,Durham,34,Gloucestershire,2023-07-11T15:59:51Z,2,False,,,,2503,Zaman Akhter,101,Alex Lees,103,Graham Clark,315,90,Extra Cover,0,0,0,0,,LengthBall,Null,NotOut,MisTimed,0,Pushed,Null,Over,Fast,Right,Null,NotReferred,Null,False,False,False,False,False,False,10,False,False,False,False,False,False,0,0,0,0,0,False,False
784769,55,4.4,6.0,0.0,0.0,242.0,4.0,6.0,30340,,15911,County Championship Division Two 2023,2,40,Durham,34,Gloucestershire,2023-07-11T16:00:27Z,3,False,,,,2503,Zaman Akhter,101,Alex Lees,103,Graham Clark,220,60,Short Mid Wicket,0,0,0,0,,LengthBall,Null,NotOut,Played,0,Worked,Null,Round,Fast,Right,Null,NotReferred,Null,False,False,False,False,False,False,10,False,False,False,False,False,False,0,0,0,0,0,False,False
784769,55,4.4,6.0,0.0,0.0,242.0,4.0,6.0,30340,,15911,County Championship Division Two 2023,2,40,Durham,34,Gloucestershire,2023-07-11T16:01:01Z,4,False,,,,2503,Zaman Akhter,101,Alex Lees,103,Graham Clark,164,133,Deep Backward Square Leg,1,0,1,1,,LengthBall,Null,NotOut,Played,0,Worked,Null,Round,Fast,Right,Null,NotReferred,Null,False,False,False,False,False,False,10,False,False,False,False,False,False,1,0,0,0,0,False,False
784769,55,4.4,6.0,0.0,0.0,242.0,4.0,6.0,30340,,15911,County Championship Division Two 2023,2,40,Durham,34,Gloucestershire,2023-07-11T16:01:37Z,5,False,,,,2503,Zaman Akhter,103,Graham Clark,101,Alex Lees,2,142,Deep Square Leg,1,0,1,1,,HalfVolley,Null,NotOut,Played,0,Flick,Null,Over,Fast,Right,Null,NotReferred,Null,False,False,False,False,False,False,10,False,False,False,False,False,False,1,0,0,0,0,False,False
784769,55,4.4,6.0,0.0,0.0,242.0,4.0,6.0,30340,,15911,County Championship Division Two 2023,2,40,Durham,34,Gloucestershire,2023-07-11T16:02:13Z,6,False,,,,2503,Zaman Akhter,101,Alex Lees,103,Graham Clark,270,40,Bowler,0,0,0,0,,Yorker,Null,NotOut,Played,0,ForwardDefensive,Null,Round,Fast,Right,Null,NotReferred,Null,False,False,False,False,False,False,10,False,False,False,False,False,False,0,0,0,0,0,False,False
784806,56,4.36,2.0,0.0,0.0,244.0,4.0,2.0,30340,,15911,County Championship Division Two 2023,2,40,Durham,34,Gloucestershire,2023-07-11T16:22:52Z,1,False,,,,4202,Zafar Gohar,103,Graham Clark,101,Alex Lees,219,57,Short Extra Cover,0,0,0,0,,LengthBall,Null,NotOut,Played,0,Drive,Null,Round,Orthodox,Left,Null,NotReferred,Null,False,False,False,False,False,False,25,False,False,False,False,False,False,0,0,0,0,0,False,False
784806,56,4.36,2.0,0.0,0.0,244.0,4.0,2.0,30340,,15911,County Championship Division Two 2023,2,40,Durham,34,Gloucestershire,2023-07-11T16:23:06Z,2,False,,,,4202,Zafar Gohar,103,Graham Clark,101,Alex Lees,208,51,Short Extra Cover,0,0,0,0,,LengthBall,Null,NotOut,Played,0,ForwardDefensive,Null,Round,Orthodox,Left,Null,NotReferred,Null,False,False,False,False,False,False,25,False,False,False,False,False,False,0,0,0,0,0,False,False
784806,56,4.36,2.0,0.0,0.0,244.0,4.0,2.0,30340,,15911,County Championship Division Two 2023,2,40,Durham,34,Gloucestershire,2023-07-11T16:23:22Z,3,False,,,,4202,Zafar Gohar,103,Graham Clark,101,Alex Lees,207,120,Extra Cover,1,0,1,1,,LengthBall,Null,NotOut,Played,0,Cut,Null,Round,Orthodox,Left,Null,NotReferred,Null,False,False,False,False,False,False,25,False,False,False,False,False,False,1,0,0,0,0,False,False
784806,56,4.36,2.0,0.0,0.0,244.0,4.0,2.0,30340,,15911,County Championship Division Two 2023,2,40,Durham,34,Gloucestershire,2023-07-11T16:23:58Z,4,False,,,,4202,Zafar Gohar,101,Alex Lees,103,Graham Clark,196,130,Deep Mid Wicket,1,0,1,1,,LengthBall,Null,NotOut,Played,0,Worked,Null,Over,Orthodox,Left,Null,NotReferred,Null,False,False,False,False,False,False,25,False,False,False,False,False,False,1,0,0,0,0,False,False
784806,56,4.36,2.0,0.0,0.0,244.0,4.0,2.0,30340,,15911,County Championship Division Two 2023,2,40,Durham,34,Gloucestershire,2023-07-11T16:24:22Z,5,False,,,,4202,Zafar Gohar,103,Graham Clark,101,Alex Lees,270,40,Bowler,0,0,0,0,,LengthBall,Null,NotOut,MisTimed,0,Pushed,Null,Round,Orthodox,Left,Null,NotReferred,Null,False,False,False,False,False,False,25,False,False,False,False,False,False,0,0,0,0,0,False,False
784806,56,4.36,2.0,0.0,0.0,244.0,4.0,2.0,30340,,15911,County Championship Division Two 2023,2,40,Durham,34,Gloucestershire,2023-07-11T16:24:37Z,6,False,,,,4202,Zafar Gohar,103,Graham Clark,101,Alex Lees,270,40,Bowler,0,0,0,0,,LengthBall,Null,NotOut,Played,0,Drive,Null,Round,Orthodox,Left,Null,NotReferred,Null,False,False,False,False,False,False,25,False,False,False,False,False,False,0,0,0,0,0,False,False
784810,57,4.3,1.0,0.0,0.0,245.0,4.0,1.0,30340,,15911,County Championship Division Two 2023,2,40,Durham,34,Gloucestershire,2023-07-11T16:25:47Z,1,False,,,,2503,Zaman Akhter,101,Alex Lees,103,Graham Clark,191,79,Mid Wicket,0,0,0,0,,LengthBall,Null,NotOut,Played,0,Worked,Null,Round,Fast,Right,Null,NotReferred,Null,False,False,False,False,False,False,10,False,False,False,False,False,False,0,0,0,0,0,False,False
784810,57,4.3,1.0,0.0,0.0,245.0,4.0,1.0,30340,,15911,County Championship Division Two 2023,2,40,Durham,34,Gloucestershire,2023-07-11T16:26:20Z,2,False,,,,2503,Zaman Akhter,101,Alex Lees,103,Graham Clark,270,40,Bowler,0,0,0,0,,BackOfALength,Null,NotOut,Played,0,BackwardDefensive,Null,Round,Fast,Right,Null,NotReferred,Null,False,False,False,False,False,False,10,False,False,False,False,False,False,0,0,0,0,0,False,False
784810,57,4.3,1.0,0.0,0.0,245.0,4.0,1.0,30340,,15911,County Championship Division Two 2023,2,40,Durham,34,Gloucestershire,2023-07-11T16:26:54Z,3,False,,,,2503,Zaman Akhter,101,Alex Lees,103,Graham Clark,90,48,Wicketkeeper,0,0,0,0,,Short,Null,NotOut,NoShot,0,Leave,Null,Round,Fast,Right,Null,NotReferred,Null,False,False,False,False,False,False,10,False,False,False,False,False,False,0,0,0,0,0,False,False
784810,57,4.3,1.0,0.0,0.0,245.0,4.0,1.0,30340,,15911,County Championship Division Two 2023,2,40,Durham,34,Gloucestershire,2023-07-11T16:27:26Z,4,False,,,,2503,Zaman Akhter,101,Alex Lees,103,Graham Clark,90,48,Wicketkeeper,0,0,0,0,,Short,Null,NotOut,NoShot,0,Leave,Null,Round,Fast,Right,Null,NotReferred,Null,False,False,False,False,False,False,10,False,False,False,False,False,False,0,0,0,0,0,False,False
784810,57,4.3,1.0,0.0,0.0,245.0,4.0,1.0,30340,,15911,County Championship Division Two 2023,2,40,Durham,34,Gloucestershire,2023-07-11T16:28:01Z,5,False,,,,2503,Zaman Akhter,101,Alex Lees,103,Graham Clark,199,69,Mid Wicket,0,0,0,0,,LengthBall,Null,NotOut,Played,0,Worked,Null,Round,Fast,Right,Null,NotReferred,Null,False,False,False,False,False,False,10,False,False,False,False,False,False,0,0,0,0,0,False,False
784810,57,4.3,1.0,0.0,0.0,245.0,4.0,1.0,30340,,15911,County Championship Division Two 2023,2,40,Durham,34,Gloucestershire,2023-07-11T16:28:32Z,6,False,,,,2503,Zaman Akhter,101,Alex Lees,103,Graham Clark,187,135,Deep Square Leg,1,0,1,1,,Short,Null,NotOut,Played,0,Pull,Null,Round,Fast,Right,Null,NotReferred,Null,False,False,False,False,False,False,10,False,False,False,False,False,False,1,0,0,0,0,False,False
784816,58,4.28,3.0,0.0,0.0,248.0,4.0,3.0,30340,,15911,County Championship Division Two 2023,2,40,Durham,34,Gloucestershire,2023-07-11T16:29:32Z,1,False,,,,4202,Zafar Gohar,101,Alex Lees,103,Graham Clark,258,140,Long On,1,0,1,1,,LengthBall,Null,NotOut,Played,0,Drive,Null,Over,Orthodox,Left,Null,NotReferred,Null,False,False,False,False,False,False,25,False,False,False,False,False,False,1,0,0,0,0,False,False
784816,58,4.28,3.0,0.0,0.0,248.0,4.0,3.0,30340,,15911,County Championship Division Two 2023,2,40,Durham,34,Gloucestershire,2023-07-11T16:29:54Z,2,False,,,,4202,Zafar Gohar,103,Graham Clark,101,Alex Lees,270,40,Bowler,0,0,0,0,,LengthBall,Null,NotOut,Played,0,ForwardDefensive,Null,Round,Orthodox,Left,Null,NotReferred,Null,False,False,False,False,False,False,25,False,False,False,False,False,False,0,0,0,0,0,False,False
784816,58,4.28,3.0,0.0,0.0,248.0,4.0,3.0,30340,,15911,County Championship Division Two 2023,2,40,Durham,34,Gloucestershire,2023-07-11T16:30:09Z,3,False,,,,4202,Zafar Gohar,103,Graham Clark,101,Alex Lees,282,144,Long On,1,0,1,1,,LengthBall,Null,NotOut,Played,0,Drive,Null,Round,Orthodox,Left,Null,NotReferred,Null,False,False,False,False,False,False,25,False,False,False,False,False,False,1,0,0,0,0,False,False
784816,58,4.28,3.0,0.0,0.0,248.0,4.0,3.0,30340,,15911,County Championship Division Two 2023,2,40,Durham,34,Gloucestershire,2023-07-11T16:30:36Z,4,False,,,,4202,Zafar Gohar,101,Alex Lees,103,Graham Clark,247,142,Long On,1,0,1,1,,HalfVolley,Null,NotOut,Played,0,Drive,Null,Over,Orthodox,Left,Null,NotReferred,Null,False,False,False,False,False,False,25,False,False,False,False,False,False,1,0,0,0,0,False,False
784816,58,4.28,3.0,0.0,0.0,248.0,4.0,3.0,30340,,15911,County Championship Division Two 2023,2,40,Durham,34,Gloucestershire,2023-07-11T16:30:58Z,5,False,,,,4202,Zafar Gohar,103,Graham Clark,101,Alex Lees,221,66,Short Extra Cover,0,0,0,0,,LengthBall,Null,NotOut,Played,0,Drive,Null,Round,Orthodox,Left,Null,NotReferred,Null,False,False,False,False,False,False,25,False,False,False,False,False,False,0,0,0,0,0,False,False
784816,58,4.28,3.0,0.0,0.0,248.0,4.0,3.0,30340,,15911,County Championship Division Two 2023,2,40,Durham,34,Gloucestershire,2023-07-11T16:31:16Z,6,False,,,,4202,Zafar Gohar,103,Graham Clark,101,Alex Lees,314,45,Short Mid Wicket,0,0,0,0,,LengthBall,Null,NotOut,Played,0,ForwardDefensive,Null,Round,Orthodox,Left,Null,NotReferred,Null,False,False,False,False,False,False,25,False,False,False,False,False,False,0,0,0,0,0,False,False
784822,59,4.42,13.0,0.0,0.0,261.0,4.0,13.0,30340,,15911,County Championship Division Two 2023,2,40,Durham,34,Gloucestershire,2023-07-11T16:32:03Z,1,False,,,,2503,Zaman Akhter,101,Alex Lees,103,Graham Clark,287,73,Silly Mid Off,0,0,0,0,,LengthBall,Null,NotOut,Played,0,Pushed,Null,Round,Fast,Right,Null,NotReferred,Null,False,False,False,False,False,False,10,False,False,False,False,False,False,0,0,0,0,0,False,False
784822,59,4.42,13.0,0.0,0.0,261.0,4.0,13.0,30340,,15911,County Championship Division Two 2023,2,40,Durham,34,Gloucestershire,2023-07-11T16:32:36Z,2,False,,,,2503,Zaman Akhter,101,Alex Lees,103,Graham Clark,163,177,Deep Backward Square Leg,4,0,4,4,,Short,Null,NotOut,HitHard,0,Pull,Null,Round,Fast,Right,Null,NotReferred,Null,False,False,False,False,True,False,10,False,False,False,False,False,False,4,0,0,0,0,False,True
784822,59,4.42,13.0,0.0,0.0,261.0,4.0,13.0,30340,,15911,County Championship Division Two 2023,2,40,Durham,34,Gloucestershire,2023-07-11T16:33:16Z,3,False,,,,2503,Zaman Akhter,101,Alex Lees,103,Graham Clark,170,179,Deep Backward Square Leg,4,0,4,4,,Short,Null,NotOut,HitHard,0,Pull,Null,Round,Fast,Right,Null,NotReferred,Null,False,False,False,False,False,False,10,False,False,False,False,False,False,4,0,0,0,0,False,True
784822,59,4.42,13.0,0.0,0.0,261.0,4.0,13.0,30340,,15911,County Championship Division Two 2023,2,40,Durham,34,Gloucestershire,2023-07-11T16:33:54Z,4,False,,,,2503,Zaman Akhter,101,Alex Lees,103,Graham Clark,199,188,Deep Mid Wicket,4,0,4,4,,Short,Null,NotOut,HitHard,0,Pull,Null,Round,Fast,Right,Null,NotReferred,Null,False,False,False,False,True,False,10,False,False,False,False,False,False,4,0,0,0,0,False,True
784822,59,4.42,13.0,0.0,0.0,261.0,4.0,13.0,30340,,15911,County Championship Division Two 2023,2,40,Durham,34,Gloucestershire,2023-07-11T16:34:27Z,5,False,,,,2503,Zaman Akhter,101,Alex Lees,103,Graham Clark,190,131,Deep Mid Wicket,1,0,1,1,,LengthBall,Null,NotOut,Played,0,Flick,Null,Round,Fast,Right,Null,NotReferred,Null,False,False,False,False,False,False,10,False,False,False,False,False,False,1,0,0,0,0,False,False
784822,59,4.42,13.0,0.0,0.0,261.0,4.0,13.0,30340,,15911,County Championship Division Two 2023,2,40,Durham,34,Gloucestershire,2023-07-11T16:35:18Z,6,False,,,,2503,Zaman Akhter,103,Graham Clark,101,Alex Lees,294,40,Silly Mid On,0,0,0,0,,LengthBall,Null,NotOut,Played,0,ForwardDefensive,Null,Over,Fast,Right,Null,NotReferred,Null,False,False,False,False,False,False,10,False,False,False,False,False,False,0,0,0,0,0,False,False
784836,60,4.42,4.0,0.0,0.0,265.0,4.0,4.0,30340,,15911,County Championship Division Two 2023,2,40,Durham,34,Gloucestershire,2023-07-11T16:37:16Z,1,False,,,,4202,Zafar Gohar,101,Alex Lees,103,Graham Clark,300,69,Silly Mid Off,0,0,0,0,,LengthBall,Null,NotOut,Played,0,Pushed,Null,Over,Orthodox,Left,Null,NotReferred,Null,False,False,False,False,False,False,25,False,False,False,False,False,False,0,0,0,0,0,False,False
784836,60,4.42,4.0,0.0,0.0,265.0,4.0,4.0,30340,,15911,County Championship Division Two 2023,2,40,Durham,34,Gloucestershire,2023-07-11T16:37:34Z,2,False,,,,4202,Zafar Gohar,101,Alex Lees,103,Graham Clark,187,94,Square Leg,1,0,1,1,,LengthBall,Null,NotOut,Played,0,Worked,Null,Over,Orthodox,Left,Null,NotReferred,Null,False,False,False,False,False,False,25,False,False,False,False,False,False,1,0,0,0,0,False,False
784836,60,4.42,4.0,0.0,0.0,265.0,4.0,4.0,30340,,15911,County Championship Division Two 2023,2,40,Durham,34,Gloucestershire,2023-07-11T16:37:58Z,3,False,,,,4202,Zafar Gohar,103,Graham Clark,101,Alex Lees,312,50,Short Mid Wicket,0,0,0,0,,LengthBall,Null,NotOut,Played,0,Pushed,Null,Round,Orthodox,Left,Null,NotReferred,Null,False,False,False,False,False,False,25,False,False,False,False,False,False,0,0,0,0,0,False,False
784836,60,4.42,4.0,0.0,0.0,265.0,4.0,4.0,30340,,15911,County Championship Division Two 2023,2,40,Durham,34,Gloucestershire,2023-07-11T16:38:15Z,4,False,,,,4202,Zafar Gohar,103,Graham Clark,101,Alex Lees,62,130,Fine Leg,2,0,2,2,,FullToss,Null,NotOut,Edged,0,Sweep,Null,Round,Orthodox,Left,Null,NotReferred,Null,False,False,False,False,False,False,25,False,False,False,False,False,False,2,0,0,0,0,False,False
784836,60,4.42,4.0,0.0,0.0,265.0,4.0,4.0,30340,,15911,County Championship Division Two 2023,2,40,Durham,34,Gloucestershire,2023-07-11T16:38:45Z,5,False,,,,4202,Zafar Gohar,103,Graham Clark,101,Alex Lees,270,40,Bowler,0,0,0,0,,LengthBall,Null,NotOut,Played,0,ForwardDefensive,Null,Round,Orthodox,Left,Null,NotReferred,Null,False,False,False,False,False,False,25,False,False,False,False,False,False,0,0,0,0,0,False,False
784836,60,4.42,4.0,0.0,0.0,265.0,4.0,4.0,30340,,15911,County Championship Division Two 2023,2,40,Durham,34,Gloucestershire,2023-07-11T16:39:02Z,6,False,,,,4202,Zafar Gohar,103,Graham Clark,101,Alex Lees,3,139,Deep Square Leg,1,0,1,1,,LengthBall,Null,NotOut,Played,0,Sweep,Null,Round,Orthodox,Left,Null,NotReferred,Null,False,False,False,False,False,False,25,False,False,False,False,False,False,1,0,0,0,0,False,False
784844,61,4.44,6.0,0.0,0.0,271.0,4.0,6.0,30340,,15911,County Championship Division Two 2023,2,40,Durham,34,Gloucestershire,2023-07-11T16:40:00Z,1,False,,,,2503,Zaman Akhter,103,Graham Clark,101,Alex Lees,28,95,Backward Square Leg,1,0,1,1,,BackOfALength,Null,NotOut,HitHard,0,Pull,Null,Over,Fast,Right,Null,NotReferred,Null,False,False,False,False,False,False,10,False,False,False,False,False,False,1,0,0,0,0,False,False
784844,61,4.44,6.0,0.0,0.0,271.0,4.0,6.0,30340,,15911,County Championship Division Two 2023,2,40,Durham,34,Gloucestershire,2023-07-11T16:40:43Z,2,False,,,,2503,Zaman Akhter,101,Alex Lees,103,Graham Clark,132,138,Fine Leg,1,0,1,1,,BackOfALength,Null,NotOut,Played,0,Pull,Null,Round,Fast,Right,Null,NotReferred,Null,False,False,False,False,False,False,10,False,False,False,False,False,False,1,0,0,0,0,False,False
784844,61,4.44,6.0,0.0,0.0,271.0,4.0,6.0,30340,,15911,County Championship Division Two 2023,2,40,Durham,34,Gloucestershire,2023-07-11T16:41:21Z,3,False,,,,2503,Zaman Akhter,103,Graham Clark,101,Alex Lees,315,162,Long On,3,0,3,3,,LengthBall,Null,NotOut,Played,0,Worked,Null,Over,Fast,Right,Null,NotReferred,Null,False,False,False,False,False,False,10,False,False,False,False,False,False,3,0,0,0,0,False,False
784844,61,4.44,6.0,0.0,0.0,271.0,4.0,6.0,30340,,15911,County Championship Division Two 2023,2,40,Durham,34,Gloucestershire,2023-07-11T16:44:14Z,4,False,,,,2503,Zaman Akhter,101,Alex Lees,103,Graham Clark,166,144,Deep Backward Square Leg,1,0,1,1,,BackOfALength,Null,NotOut,Played,0,Pull,Null,Round,Fast,Right,Null,NotReferred,Null,False,False,False,False,False,False,10,False,False,False,False,False,False,1,0,0,0,0,False,False
784844,61,4.44,6.0,0.0,0.0,271.0,4.0,6.0,30340,,15911,County Championship Division Two 2023,2,40,Durham,34,Gloucestershire,2023-07-11T16:45:04Z,5,False,,,,2503,Zaman Akhter,103,Graham Clark,101,Alex Lees,288,81,Mid On,0,0,0,0,,HalfVolley,Null,NotOut,Played,0,Drive,Null,Over,Fast,Right,Null,NotReferred,Null,False,False,False,False,False,False,10,False,False,False,False,False,False,0,0,0,0,0,False,False
784844,61,4.44,6.0,0.0,0.0,271.0,4.0,6.0,30340,,15911,County Championship Division Two 2023,2,40,Durham,34,Gloucestershire,2023-07-11T16:45:38Z,6,False,,,,2503,Zaman Akhter,103,Graham Clark,101,Alex Lees,351,75,Mid Wicket,0,0,0,0,,BackOfALength,Null,NotOut,Played,0,Pull,Null,Over,Fast,Right,Null,NotReferred,Null,False,False,False,False,False,False,10,False,False,False,False,False,False,0,0,0,0,0,False,False
784864,62,4.44,4.0,0.0,0.0,275.0,4.0,4.0,30340,,15911,County Championship Division Two 2023,2,40,Durham,34,Gloucestershire,2023-07-11T16:46:48Z,1,False,,,,4202,Zafar Gohar,101,Alex Lees,103,Graham Clark,336,65,Short Extra Cover,1,0,1,1,,LengthBall,Null,NotOut,Played,0,Pushed,Null,Over,Orthodox,Left,Null,NotReferred,Null,False,False,False,False,False,False,25,False,False,False,False,False,False,1,0,0,0,0,False,False
784864,62,4.44,4.0,0.0,0.0,275.0,4.0,4.0,30340,,15911,County Championship Division Two 2023,2,40,Durham,34,Gloucestershire,2023-07-11T16:47:21Z,2,False,,,,4202,Zafar Gohar,103,Graham Clark,101,Alex Lees,229,49,Short Extra Cover,0,0,0,0,,HalfVolley,Null,NotOut,Played,0,Drive,Null,Round,Orthodox,Left,Null,NotReferred,Null,False,False,False,False,False,False,25,False,False,False,False,False,False,0,0,0,0,0,False,False
784864,62,4.44,4.0,0.0,0.0,275.0,4.0,4.0,30340,,15911,County Championship Division Two 2023,2,40,Durham,34,Gloucestershire,2023-07-11T16:47:39Z,3,False,,,,4202,Zafar Gohar,103,Graham Clark,101,Alex Lees,324,58,Short Mid Wicket,0,0,0,0,,LengthBall,Null,NotOut,Played,0,Worked,Null,Round,Orthodox,Left,Null,NotReferred,Null,False,False,False,False,False,False,25,False,False,False,False,False,False,0,0,0,0,0,False,False
784864,62,4.44,4.0,0.0,0.0,275.0,4.0,4.0,30340,,15911,County Championship Division Two 2023,2,40,Durham,34,Gloucestershire,2023-07-11T16:48:01Z,4,False,,,,4202,Zafar Gohar,103,Graham Clark,101,Alex Lees,67,115,Fine Leg,2,0,2,2,,HalfVolley,Null,NotOut,Played,0,Sweep,Null,Round,Orthodox,Left,Null,NotReferred,Null,False,False,False,False,False,False,25,False,False,False,False,False,False,2,0,0,0,0,False,False
784864,62,4.44,4.0,0.0,0.0,275.0,4.0,4.0,30340,,15911,County Championship Division Two 2023,2,40,Durham,34,Gloucestershire,2023-07-11T16:48:28Z,5,False,,,,4202,Zafar Gohar,103,Graham Clark,101,Alex Lees,217,46,Short Extra Cover,0,0,0,0,,LengthBall,Null,NotOut,Played,0,ForwardDefensive,Null,Round,Orthodox,Left,Null,NotReferred,Null,False,False,False,False,False,False,25,False,False,False,False,False,False,0,0,0,0,0,False,False
784864,62,4.44,4.0,0.0,0.0,275.0,4.0,4.0,30340,,15911,County Championship Division Two 2023,2,40,Durham,34,Gloucestershire,2023-07-11T16:48:46Z,6,False,,,,4202,Zafar Gohar,103,Graham Clark,101,Alex Lees,186,71,Point,1,0,1,1,,LengthBall,Null,NotOut,Edged,0,Drive,Null,Round,Orthodox,Left,Null,NotReferred,Null,False,False,False,False,False,False,25,False,False,False,False,False,False,1,0,0,0,0,False,False
784872,63,4.44,5.0,0.0,0.0,280.0,4.0,5.0,30340,,15911,County Championship Division Two 2023,2,40,Durham,34,Gloucestershire,2023-07-11T16:49:57Z,1,False,,,,455,Josh Shaw,103,Graham Clark,101,Alex Lees,276,80,Silly Mid On,0,0,0,0,,LengthBall,Null,NotOut,Played,0,Drive,Null,Over,Fast,Right,Null,NotReferred,Null,False,False,False,False,False,False,10,False,False,False,False,False,False,0,0,0,0,0,False,False
784872,63,4.44,5.0,0.0,0.0,280.0,4.0,5.0,30340,,15911,County Championship Division Two 2023,2,40,Durham,34,Gloucestershire,2023-07-11T16:50:31Z,2,False,,,,455,Josh Shaw,103,Graham Clark,101,Alex Lees,348,112,Square Leg,1,0,1,1,,LengthBall,Null,NotOut,Played,0,Worked,Null,Over,Fast,Right,Null,NotReferred,Null,False,False,False,False,False,False,10,False,False,False,False,False,False,1,0,0,0,0,False,False
784872,63,4.44,5.0,0.0,0.0,280.0,4.0,5.0,30340,,15911,County Championship Division Two 2023,2,40,Durham,34,Gloucestershire,2023-07-11T16:51:07Z,3,False,,,,455,Josh Shaw,101,Alex Lees,103,Graham Clark,317,200,Deep Extra Cover,4,0,4,4,,HalfVolley,Null,NotOut,HitHard,0,Drive,Null,Round,Fast,Right,Null,NotReferred,Null,False,False,False,False,False,False,10,False,False,False,False,False,False,4,0,0,0,0,False,True
784872,63,4.44,5.0,0.0,0.0,280.0,4.0,5.0,30340,,15911,County Championship Division Two 2023,2,40,Durham,34,Gloucestershire,2023-07-11T16:51:49Z,4,False,,,,455,Josh Shaw,101,Alex Lees,103,Graham Clark,299,80,Mid Off,0,0,0,0,,LengthBall,Null,NotOut,Played,0,Pushed,Null,Round,Fast,Right,Null,NotReferred,Null,False,False,False,False,False,False,10,False,False,False,False,False,False,0,0,0,0,0,False,False
784872,63,4.44,5.0,0.0,0.0,280.0,4.0,5.0,30340,,15911,County Championship Division Two 2023,2,40,Durham,34,Gloucestershire,2023-07-11T17:06:45Z,5,False,,,,455,Josh Shaw,101,Alex Lees,103,Graham Clark,284,90,Mid Off,0,0,0,0,,LengthBall,Null,NotOut,HitHard,0,Drive,Null,Round,Fast,Right,Null,NotReferred,Null,False,False,False,False,False,False,10,False,False,False,False,False,False,0,0,0,0,0,False,False
784872,63,4.44,5.0,0.0,0.0,280.0,4.0,5.0,30340,,15911,County Championship Division Two 2023,2,40,Durham,34,Gloucestershire,2023-07-11T17:07:23Z,6,False,,,,455,Josh Shaw,101,Alex Lees,103,Graham Clark,327,67,Extra Cover,0,0,0,0,,LengthBall,Null,NotOut,Played,0,Drive,Null,Round,Fast,Right,Null,NotReferred,Null,False,False,False,False,False,False,10,False,False,False,False,False,False,0,0,0,0,0,False,False
784906,64,4.41,2.0,0.0,0.0,282.0,4.0,2.0,30340,,15911,County Championship Division Two 2023,2,40,Durham,34,Gloucestershire,2023-07-11T17:08:13Z,1,False,,,,4202,Zafar Gohar,103,Graham Clark,101,Alex Lees,213,52,Short Extra Cover,0,0,0,0,,LengthBall,Null,NotOut,Played,0,ForwardDefensive,Null,Round,Orthodox,Left,Null,NotReferred,Null,False,False,False,False,False,False,25,False,False,False,False,False,False,0,0,0,0,0,False,False
784906,64,4.41,2.0,0.0,0.0,282.0,4.0,2.0,30340,,15911,County Championship Division Two 2023,2,40,Durham,34,Gloucestershire,2023-07-11T17:08:31Z,2,False,,,,4202,Zafar Gohar,103,Graham Clark,101,Alex Lees,287,135,Long On,1,0,1,1,,LengthBall,Null,NotOut,Played,0,Drive,Null,Round,Orthodox,Left,Null,NotReferred,Null,False,False,False,False,False,False,25,False,False,False,False,False,False,1,0,0,0,0,False,False
784906,64,4.41,2.0,0.0,0.0,282.0,4.0,2.0,30340,,15911,County Championship Division Two 2023,2,40,Durham,34,Gloucestershire,2023-07-11T17:08:57Z,3,False,,,,4202,Zafar Gohar,101,Alex Lees,103,Graham Clark,217,60,Short Mid Wicket,0,0,0,0,,LengthBall,Null,NotOut,Played,0,Worked,Null,Over,Orthodox,Left,Null,NotReferred,Null,False,False,False,False,False,False,25,False,False,False,False,False,False,0,0,0,0,0,False,False
784906,64,4.41,2.0,0.0,0.0,282.0,4.0,2.0,30340,,15911,County Championship Division Two 2023,2,40,Durham,34,Gloucestershire,2023-07-11T17:09:12Z,4,False,,,,4202,Zafar Gohar,101,Alex Lees,103,Graham Clark,183,133,Deep Square Leg,1,0,1,1,,LengthBall,Null,NotOut,Played,0,Worked,Null,Over,Orthodox,Left,Null,NotReferred,Null,False,False,False,False,False,False,25,False,False,False,False,False,False,1,0,0,0,0,False,False
784906,64,4.41,2.0,0.0,0.0,282.0,4.0,2.0,30340,,15911,County Championship Division Two 2023,2,40,Durham,34,Gloucestershire,2023-07-11T17:09:35Z,5,False,,,,4202,Zafar Gohar,103,Graham Clark,101,Alex Lees,270,40,Bowler,0,0,0,0,,LengthBall,Null,NotOut,Played,0,Pushed,Null,Round,Orthodox,Left,Null,NotReferred,Null,False,False,False,False,False,False,25,False,False,False,False,False,False,0,0,0,0,0,False,False
784906,64,4.41,2.0,0.0,0.0,282.0,4.0,2.0,30340,,15911,County Championship Division Two 2023,2,40,Durham,34,Gloucestershire,2023-07-11T17:09:54Z,6,False,,,,4202,Zafar Gohar,103,Graham Clark,101,Alex Lees,212,61,Short Extra Cover,0,0,0,0,,LengthBall,Null,NotOut,Played,0,Drive,Null,Round,Orthodox,Left,Null,NotReferred,Null,False,False,False,False,False,False,25,False,False,False,False,False,False,0,0,0,0,0,False,False
784912,65,4.34,0.0,0.0,0.0,282.0,4.0,0.0,30340,,15911,County Championship Division Two 2023,2,40,Durham,34,Gloucestershire,2023-07-11T17:10:41Z,1,False,,,,455,Josh Shaw,101,Alex Lees,103,Graham Clark,270,40,Bowler,0,0,0,0,,HalfVolley,Null,NotOut,Played,0,Drive,Null,Round,Fast,Right,Null,NotReferred,Null,False,False,False,False,False,False,10,False,False,False,False,False,False,0,0,0,0,0,False,False
784912,65,4.34,0.0,0.0,0.0,282.0,4.0,0.0,30340,,15911,County Championship Division Two 2023,2,40,Durham,34,Gloucestershire,2023-07-11T17:11:19Z,2,False,,,,455,Josh Shaw,101,Alex Lees,103,Graham Clark,90,48,Wicketkeeper,0,0,0,0,,Short,Null,NotOut,NoShot,0,Leave,Null,Round,Fast,Right,Null,NotReferred,Null,False,False,False,False,False,False,10,False,False,False,False,False,False,0,0,0,0,0,False,False
784912,65,4.34,0.0,0.0,0.0,282.0,4.0,0.0,30340,,15911,County Championship Division Two 2023,2,40,Durham,34,Gloucestershire,2023-07-11T17:11:55Z,3,False,,,,455,Josh Shaw,101,Alex Lees,103,Graham Clark,326,78,Extra Cover,0,0,0,0,,LengthBall,Null,NotOut,Played,0,ForwardDefensive,Null,Round,Fast,Right,Null,NotReferred,Null,False,False,False,False,False,False,10,False,False,False,False,False,False,0,0,0,0,0,False,False
784912,65,4.34,0.0,0.0,0.0,282.0,4.0,0.0,30340,,15911,County Championship Division Two 2023,2,40,Durham,34,Gloucestershire,2023-07-11T17:12:29Z,4,False,,,,455,Josh Shaw,101,Alex Lees,103,Graham Clark,90,48,Wicketkeeper,0,0,0,0,,BackOfALength,Null,NotOut,Missed,0,Cut,Null,Round,Fast,Right,Null,NotReferred,Null,False,False,False,False,False,False,10,False,False,False,False,False,False,0,0,0,0,0,False,False
784912,65,4.34,0.0,0.0,0.0,282.0,4.0,0.0,30340,,15911,County Championship Division Two 2023,2,40,Durham,34,Gloucestershire,2023-07-11T17:13:02Z,5,False,,,,455,Josh Shaw,101,Alex Lees,103,Graham Clark,296,38,Silly Mid Off,0,0,0,0,,BackOfALength,Null,NotOut,Played,0,BackwardDefensive,Null,Round,Fast,Right,Null,NotReferred,Null,False,False,False,False,False,False,10,False,False,False,False,False,False,0,0,0,0,0,False,False
784912,65,4.34,0.0,0.0,0.0,282.0,4.0,0.0,30340,,15911,County Championship Division Two 2023,2,40,Durham,34,Gloucestershire,2023-07-11T17:13:37Z,6,False,,,,455,Josh Shaw,101,Alex Lees,103,Graham Clark,329,86,Extra Cover,0,0,0,0,,LengthBall,Null,NotOut,Played,0,Drive,Null,Round,Fast,Right,Null,NotReferred,Null,False,False,False,False,False,False,10,False,False,False,False,False,False,0,0,0,0,0,False,False
784922,66,4.3,2.0,0.0,0.0,284.0,4.0,2.0,30340,,15911,County Championship Division Two 2023,2,40,Durham,34,Gloucestershire,2023-07-11T17:14:27Z,1,False,,,,4202,Zafar Gohar,103,Graham Clark,101,Alex Lees,215,50,Short Extra Cover,0,0,0,0,,LengthBall,Null,NotOut,Played,0,Pushed,Null,Round,Orthodox,Left,Null,NotReferred,Null,False,False,False,False,False,False,25,False,False,False,False,False,False,0,0,0,0,0,False,False
784922,66,4.3,2.0,0.0,0.0,284.0,4.0,2.0,30340,,15911,County Championship Division Two 2023,2,40,Durham,34,Gloucestershire,2023-07-11T17:14:46Z,2,False,,,,4202,Zafar Gohar,103,Graham Clark,101,Alex Lees,296,135,Long On,1,0,1,1,,LengthBall,Null,NotOut,Played,0,Pushed,Null,Round,Orthodox,Left,Null,NotReferred,Null,False,False,False,False,False,False,25,False,False,False,False,False,False,1,0,0,0,0,False,False
784922,66,4.3,2.0,0.0,0.0,284.0,4.0,2.0,30340,,15911,County Championship Division Two 2023,2,40,Durham,34,Gloucestershire,2023-07-11T17:15:13Z,3,False,,,,4202,Zafar Gohar,101,Alex Lees,103,Graham Clark,270,40,Bowler,0,0,0,0,,LengthBall,Null,NotOut,Played,0,Drive,Null,Over,Orthodox,Left,Null,NotReferred,Null,False,False,False,False,False,False,25,False,False,False,False,False,False,0,0,0,0,0,False,False
784922,66,4.3,2.0,0.0,0.0,284.0,4.0,2.0,30340,,15911,County Championship Division Two 2023,2,40,Durham,34,Gloucestershire,2023-07-11T17:15:31Z,4,False,,,,4202,Zafar Gohar,101,Alex Lees,103,Graham Clark,3,146,Deep Point,1,0,1,1,,LengthBall,Null,NotOut,Played,0,Cut,Null,Over,Orthodox,Left,Null,NotReferred,Null,False,False,False,False,False,False,25,False,False,False,False,False,False,1,0,0,0,0,False,False
784922,66,4.3,2.0,0.0,0.0,284.0,4.0,2.0,30340,,15911,County Championship Division Two 2023,2,40,Durham,34,Gloucestershire,2023-07-11T17:16:01Z,5,False,,,,4202,Zafar Gohar,103,Graham Clark,101,Alex Lees,193,11,Silly Point,0,0,0,0,,HalfVolley,Null,NotOut,Edged,0,Flick,Null,Round,Orthodox,Left,Null,NotReferred,Null,False,False,False,False,False,False,25,False,False,False,False,False,False,0,0,0,0,0,False,False
784922,66,4.3,2.0,0.0,0.0,284.0,4.0,2.0,30340,,15911,County Championship Division Two 2023,2,40,Durham,34,Gloucestershire,2023-07-11T17:16:18Z,6,False,,,,4202,Zafar Gohar,103,Graham Clark,101,Alex Lees,270,40,Bowler,0,0,0,0,,HalfVolley,Null,NotOut,Played,0,Drive,Null,Round,Orthodox,Left,Null,NotReferred,Null,False,False,False,False,False,False,25,False,False,False,False,False,False,0,0,0,0,0,False,False
784929,67,4.3,4.0,0.0,0.0,288.0,4.0,4.0,30340,,15911,County Championship Division Two 2023,2,40,Durham,34,Gloucestershire,2023-07-11T17:17:09Z,1,False,,,,455,Josh Shaw,101,Alex Lees,103,Graham Clark,303,84,Mid Off,0,0,0,0,,LengthBall,Null,NotOut,Played,0,Drive,Null,Round,Fast,Right,Null,NotReferred,Null,False,False,False,False,False,False,10,False,False,False,False,False,False,0,0,0,0,0,False,False
784929,67,4.3,4.0,0.0,0.0,288.0,4.0,4.0,30340,,15911,County Championship Division Two 2023,2,40,Durham,34,Gloucestershire,2023-07-11T17:17:45Z,2,False,,,,455,Josh Shaw,101,Alex Lees,103,Graham Clark,196,139,Deep Mid Wicket,2,0,2,2,,Short,Null,NotOut,Played,0,Pull,Null,Round,Fast,Right,Null,NotReferred,Null,False,False,False,False,False,False,10,False,False,False,False,False,False,2,0,0,0,0,False,False
784929,67,4.3,4.0,0.0,0.0,288.0,4.0,4.0,30340,,15911,County Championship Division Two 2023,2,40,Durham,34,Gloucestershire,2023-07-11T17:18:26Z,3,False,,,,455,Josh Shaw,101,Alex Lees,103,Graham Clark,227,100,Mid On,1,0,1,1,,BackOfALength,Null,NotOut,Played,0,Worked,Null,Round,Fast,Right,Null,NotReferred,Null,False,False,False,False,False,False,10,False,False,False,False,False,False,1,0,0,0,0,False,False
784929,67,4.3,4.0,0.0,0.0,288.0,4.0,4.0,30340,,15911,County Championship Division Two 2023,2,40,Durham,34,Gloucestershire,2023-07-11T17:19:06Z,4,False,,,,455,Josh Shaw,103,Graham Clark,101,Alex Lees,0,142,Deep Square Leg,1,0,1,1,,Short,Null,NotOut,Played,0,Pull,Null,Over,Fast,Right,Null,NotReferred,Null,False,False,False,False,False,False,10,False,False,False,False,False,False,1,0,0,0,0,False,False
784929,67,4.3,4.0,0.0,0.0,288.0,4.0,4.0,30340,,15911,County Championship Division Two 2023,2,40,Durham,34,Gloucestershire,2023-07-11T17:19:45Z,5,False,,,,455,Josh Shaw,101,Alex Lees,103,Graham Clark,316,53,Short Extra Cover,0,0,0,0,,HalfVolley,Null,NotOut,Played,0,Pushed,SlowerBall,Round,Fast,Right,Null,NotReferred,Null,False,False,False,False,False,False,10,False,False,False,False,False,False,0,0,0,0,0,False,False
784929,67,4.3,4.0,0.0,0.0,288.0,4.0,4.0,30340,,15911,County Championship Division Two 2023,2,40,Durham,34,Gloucestershire,2023-07-11T17:20:19Z,6,False,,,,455,Josh Shaw,101,Alex Lees,103,Graham Clark,288,83,Mid Off,0,0,0,0,,LengthBall,Null,NotOut,Played,0,Drive,Null,Round,Fast,Right,Null,NotReferred,Null,False,False,False,False,False,False,10,False,False,False,False,False,False,0,0,0,0,0,False,False
784937,68,4.44,14.0,0.0,0.0,302.0,4.0,14.0,30340,,15911,County Championship Division Two 2023,2,40,Durham,34,Gloucestershire,2023-07-11T17:21:20Z,1,False,,,,4202,Zafar Gohar,103,Graham Clark,101,Alex Lees,350,187,Deep Mid Wicket,4,0,4,4,,HalfVolley,Null,NotOut,HitHard,0,Sweep,Null,Round,Orthodox,Left,Null,NotReferred,Null,False,False,False,False,False,False,25,False,False,False,False,False,False,4,0,0,0,0,False,True
784937,68,4.44,14.0,0.0,0.0,302.0,4.0,14.0,30340,,15911,County Championship Division Two 2023,2,40,Durham,34,Gloucestershire,2023-07-11T17:21:54Z,2,False,,,,4202,Zafar Gohar,103,Graham Clark,101,Alex Lees,1,183,Deep Square Leg,4,0,4,4,,LengthBall,Null,NotOut,HitHard,0,Sweep,Null,Round,Orthodox,Left,Null,NotReferred,Null,False,False,False,False,False,False,25,False,False,False,False,False,False,4,0,0,0,0,False,True
784937,68,4.44,14.0,0.0,0.0,302.0,4.0,14.0,30340,,15911,County Championship Division Two 2023,2,40,Durham,34,Gloucestershire,2023-07-11T17:22:43Z,3,False,,,,4202,Zafar Gohar,103,Graham Clark,101,Alex Lees,299,146,Long On,1,0,1,1,,HalfVolley,Null,NotOut,Played,0,Drive,Null,Round,Orthodox,Left,Null,NotReferred,Null,False,False,False,False,False,False,25,False,False,False,False,False,False,1,0,0,0,0,False,False
784937,68,4.44,14.0,0.0,0.0,302.0,4.0,14.0,30340,,15911,County Championship Division Two 2023,2,40,Durham,34,Gloucestershire,2023-07-11T17:23:11Z,4,False,,,,4202,Zafar Gohar,101,Alex Lees,103,Graham Clark,351,182,Deep Point,4,0,4,4,,LengthBall,Null,NotOut,HitHard,0,Cut,Null,Over,Orthodox,Left,Null,NotReferred,Null,False,False,False,False,False,False,25,False,False,False,False,False,False,4,0,0,0,0,False,True
784937,68,4.44,14.0,0.0,0.0,302.0,4.0,14.0,30340,,15911,County Championship Division Two 2023,2,40,Durham,34,Gloucestershire,2023-07-11T17:23:42Z,5,False,,,,4202,Zafar Gohar,101,Alex Lees,103,Graham Clark,206,65,Mid Wicket,0,0,0,0,,LengthBall,Null,NotOut,Played,0,Worked,Null,Over,Orthodox,Left,Null,NotReferred,Null,False,False,False,False,False,False,25,False,False,False,False,False,False,0,0,0,0,0,False,False
784937,68,4.44,14.0,0.0,0.0,302.0,4.0,14.0,30340,,15911,County Championship Division Two 2023,2,40,Durham,34,Gloucestershire,2023-07-11T17:23:58Z,6,False,,,,4202,Zafar Gohar,101,Alex Lees,103,Graham Clark,263,151,Long On,1,0,1,1,,LengthBall,Null,NotOut,Played,0,Drive,Null,Over,Orthodox,Left,Null,NotReferred,Null,False,False,False,False,False,False,25,False,False,False,False,False,False,1,0,0,0,0,False,False
784945,69,4.39,1.0,0.0,0.0,303.0,4.0,1.0,30340,,15911,County Championship Division Two 2023,2,40,Durham,34,Gloucestershire,2023-07-11T17:25:12Z,1,False,,,,7784,Dominic Goodman,101,Alex Lees,103,Graham Clark,316,69,Extra Cover,0,0,0,0,,LengthBall,Null,NotOut,Played,0,ForwardDefensive,Null,Round,Medium,Right,Null,NotReferred,Null,False,False,False,False,False,False,10,False,False,False,False,False,False,0,0,0,0,0,False,False
784945,69,4.39,1.0,0.0,0.0,303.0,4.0,1.0,30340,,15911,County Championship Division Two 2023,2,40,Durham,34,Gloucestershire,2023-07-11T17:25:44Z,2,False,,,,7784,Dominic Goodman,101,Alex Lees,103,Graham Clark,189,133,Deep Mid Wicket,1,0,1,1,,LengthBall,Null,NotOut,Played,0,Worked,Null,Round,Medium,Right,Null,NotReferred,Null,False,False,False,False,False,False,10,False,False,False,False,False,False,1,0,0,0,0,False,False
784945,69,4.39,1.0,0.0,0.0,303.0,4.0,1.0,30340,,15911,County Championship Division Two 2023,2,40,Durham,34,Gloucestershire,2023-07-11T17:26:21Z,3,False,,,,7784,Dominic Goodman,103,Graham Clark,101,Alex Lees,179,85,Point,0,0,0,0,,LengthBall,Null,NotOut,Played,0,Cut,Null,Over,Medium,Right,Null,NotReferred,Null,False,False,False,False,False,False,10,False,False,False,False,False,False,0,0,0,0,0,False,False
784945,69,4.39,1.0,0.0,0.0,303.0,4.0,1.0,30340,,15911,County Championship Division Two 2023,2,40,Durham,34,Gloucestershire,2023-07-11T17:26:48Z,4,False,,,,7784,Dominic Goodman,103,Graham Clark,101,Alex Lees,276,80,Silly Mid On,0,0,0,0,,LengthBall,Null,NotOut,Played,0,ForwardDefensive,Null,Over,Medium,Right,Null,NotReferred,Null,False,False,False,False,False,False,10,False,False,False,False,False,False,0,0,0,0,0,False,False
784945,69,4.39,1.0,0.0,0.0,303.0,4.0,1.0,30340,,15911,County Championship Division Two 2023,2,40,Durham,34,Gloucestershire,2023-07-11T17:27:21Z,5,False,,,,7784,Dominic Goodman,103,Graham Clark,101,Alex Lees,160,78,Backward Point,0,0,0,0,,LengthBall,Null,NotOut,Played,0,Drive,Null,Over,Medium,Right,Null,NotReferred,Null,False,False,False,False,False,False,10,False,False,False,False,False,False,0,0,0,0,0,False,False
784945,69,4.39,1.0,0.0,0.0,303.0,4.0,1.0,30340,,15911,County Championship Division Two 2023,2,40,Durham,34,Gloucestershire,2023-07-11T17:27:54Z,6,False,,,,7784,Dominic Goodman,103,Graham Clark,101,Alex Lees,270,40,Bowler,0,0,0,0,,LengthBall,Null,NotOut,Played,0,ForwardDefensive,Null,Over,Medium,Right,Null,NotReferred,Null,False,False,False,False,False,False,10,False,False,False,False,False,False,0,0,0,0,0,False,False
784953,70,4.34,1.0,1.0,0.0,304.0,5.0,1.0,30340,,15911,County Championship Division Two 2023,2,40,Durham,34,Gloucestershire,2023-07-11T17:29:14Z,1,False,,,,40,Ben Charlesworth,101,Alex Lees,103,Graham Clark,330,87,Extra Cover,0,0,0,0,,LengthBall,Null,NotOut,Played,0,Drive,Null,Over,Medium,Right,Null,NotReferred,Null,False,False,False,False,False,False,25,False,False,False,False,False,False,0,0,0,0,0,False,False
784953,70,4.34,1.0,1.0,0.0,304.0,5.0,1.0,30340,,15911,County Championship Division Two 2023,2,40,Durham,34,Gloucestershire,2023-07-11T17:29:58Z,2,False,,,,40,Ben Charlesworth,101,Alex Lees,103,Graham Clark,181,141,Deep Square Leg,1,0,1,1,,BackOfALength,Null,NotOut,Played,0,Pull,Null,Over,Medium,Right,Null,NotReferred,Null,False,False,False,False,False,False,25,False,False,False,False,False,False,1,0,0,0,0,False,False
784953,70,4.34,1.0,1.0,0.0,304.0,5.0,1.0,30340,,15911,County Championship Division Two 2023,2,40,Durham,34,Gloucestershire,2023-07-11T17:30:42Z,3,False,,,,40,Ben Charlesworth,103,Graham Clark,101,Alex Lees,220,67,Short Extra Cover,0,0,0,0,,LengthBall,Null,NotOut,Played,0,ForwardDefensive,Null,Over,Medium,Right,Null,NotReferred,Null,False,False,False,False,False,False,25,False,False,False,False,False,False,0,0,0,0,0,False,False
784953,70,4.34,1.0,1.0,0.0,304.0,5.0,1.0,30340,,15911,County Championship Division Two 2023,2,40,Durham,34,Gloucestershire,2023-07-11T17:31:11Z,4,False,,,,40,Ben Charlesworth,103,Graham Clark,101,Alex Lees,22,94,Backward Square Leg,0,0,0,0,,BackOfALength,Null,NotOut,Played,0,Pull,Null,Over,Medium,Right,Null,NotReferred,Null,False,False,False,False,False,False,25,False,False,False,False,False,False,0,0,0,0,0,False,False
784953,70,4.34,1.0,1.0,0.0,304.0,5.0,1.0,30340,,15911,County Championship Division Two 2023,2,40,Durham,34,Gloucestershire,2023-07-11T17:31:43Z,5,True,Caught,103.0,Graham Clark,40,Ben Charlesworth,103,Graham Clark,101,Alex Lees,339,87,Mid Wicket,0,0,0,0,Caught,BackOfALength,Null,NotOut,Played,0,Pull,Null,Over,Medium,Right,Out1stUmpire,NotReferred,Null,False,False,False,False,False,False,25,False,False,False,False,False,False,0,0,0,0,0,False,False
784953,70,4.34,1.0,1.0,0.0,304.0,5.0,1.0,30340,,15911,County Championship Division Two 2023,2,40,Durham,34,Gloucestershire,2023-07-11T17:33:49Z,6,False,,,,40,Ben Charlesworth,2672,Brydon Carse,101,Alex Lees,32,8,Short Leg,0,0,0,0,,Yorker,Null,NotOut,Played,0,ForwardDefensive,Null,Over,Medium,Right,Null,NotReferred,Null,False,False,False,False,False,False,25,False,False,False,False,False,False,0,0,0,0,0,False,False
784966,71,4.34,4.0,0.0,0.0,308.0,5.0,4.0,30340,,15911,County Championship Division Two 2023,2,40,Durham,34,Gloucestershire,2023-07-11T17:34:50Z,1,False,,,,7784,Dominic Goodman,101,Alex Lees,2672,Brydon Carse,346,90,Cover,1,0,1,1,,LengthBall,Null,NotOut,Played,0,Cut,Null,Round,Medium,Right,Null,NotReferred,Null,False,False,False,False,False,False,10,False,False,False,False,False,False,1,0,0,0,0,False,False
784966,71,4.34,4.0,0.0,0.0,308.0,5.0,4.0,30340,,15911,County Championship Division Two 2023,2,40,Durham,34,Gloucestershire,2023-07-11T17:35:46Z,2,False,,,,7784,Dominic Goodman,2672,Brydon Carse,101,Alex Lees,185,52,Point,0,0,0,0,,LengthBall,Null,NotOut,Played,0,ForwardDefensive,Null,Over,Medium,Right,Null,NotReferred,Null,False,False,False,False,False,False,10,False,False,False,False,False,False,0,0,0,0,0,False,False
784966,71,4.34,4.0,0.0,0.0,308.0,5.0,4.0,30340,,15911,County Championship Division Two 2023,2,40,Durham,34,Gloucestershire,2023-07-11T17:36:15Z,3,False,,,,7784,Dominic Goodman,2672,Brydon Carse,101,Alex Lees,195,80,Cover,1,0,1,1,,LengthBall,Null,NotOut,Played,0,ForwardDefensive,Null,Over,Medium,Right,Null,NotReferred,Null,False,False,False,False,False,False,10,False,False,False,False,False,False,1,0,0,0,0,False,False
784966,71,4.34,4.0,0.0,0.0,308.0,5.0,4.0,30340,,15911,County Championship Division Two 2023,2,40,Durham,34,Gloucestershire,2023-07-11T17:36:51Z,4,False,,,,7784,Dominic Goodman,101,Alex Lees,2672,Brydon Carse,292,82,Mid Off,0,0,0,0,,LengthBall,Null,NotOut,Played,0,Pushed,Null,Round,Medium,Right,Null,NotReferred,Null,False,False,False,False,False,False,10,False,False,False,False,False,False,0,0,0,0,0,False,False
784966,71,4.34,4.0,0.0,0.0,308.0,5.0,4.0,30340,,15911,County Championship Division Two 2023,2,40,Durham,34,Gloucestershire,2023-07-11T17:37:21Z,5,False,,,,7784,Dominic Goodman,101,Alex Lees,2672,Brydon Carse,192,141,Deep Mid Wicket,2,0,2,2,,LengthBall,Null,NotOut,Played,0,Flick,Null,Round,Medium,Right,Null,NotReferred,Null,False,False,False,False,False,False,10,False,False,False,False,False,False,2,0,0,0,0,False,False
784966,71,4.34,4.0,0.0,0.0,308.0,5.0,4.0,30340,,15911,County Championship Division Two 2023,2,40,Durham,34,Gloucestershire,2023-07-11T17:37:59Z,6,False,,,,7784,Dominic Goodman,101,Alex Lees,2672,Brydon Carse,243,76,Mid On,0,0,0,0,,BackOfALength,Null,NotOut,Played,0,BackwardDefensive,Null,Round,Medium,Right,Null,NotReferred,Null,False,False,False,False,False,False,10,False,False,False,False,False,False,0,0,0,0,0,False,False
784972,72,4.39,8.0,0.0,0.0,316.0,5.0,8.0,30340,,15911,County Championship Division Two 2023,2,40,Durham,34,Gloucestershire,2023-07-11T17:38:47Z,1,False,,,,40,Ben Charlesworth,2672,Brydon Carse,101,Alex Lees,321,158,Deep Mid Wicket,1,0,1,1,,Short,Null,NotOut,MisTimed,0,Pull,Null,Over,Medium,Right,Null,NotReferred,Null,False,False,False,False,False,False,25,False,False,False,False,False,False,1,0,0,0,0,False,False
784972,72,4.39,8.0,0.0,0.0,316.0,5.0,8.0,30340,,15911,County Championship Division Two 2023,2,40,Durham,34,Gloucestershire,2023-07-11T17:39:24Z,2,False,,,,40,Ben Charlesworth,101,Alex Lees,2672,Brydon Carse,314,154,Deep Extra Cover,1,0,1,1,,LengthBall,Null,NotOut,Played,0,Drive,Null,Over,Medium,Right,Null,NotReferred,Null,False,False,False,False,False,False,25,False,False,False,False,False,False,1,0,0,0,0,False,False
784972,72,4.39,8.0,0.0,0.0,316.0,5.0,8.0,30340,,15911,County Championship Division Two 2023,2,40,Durham,34,Gloucestershire,2023-07-11T17:39:55Z,3,False,,,,40,Ben Charlesworth,2672,Brydon Carse,101,Alex Lees,245,33,Silly Mid Off,0,0,0,0,,LengthBall,Null,NotOut,Played,0,ForwardDefensive,Null,Over,Medium,Right,Null,NotReferred,Null,False,False,False,False,False,False,25,False,False,False,False,False,False,0,0,0,0,0,False,False
784972,72,4.39,8.0,0.0,0.0,316.0,5.0,8.0,30340,,15911,County Championship Division Two 2023,2,40,Durham,34,Gloucestershire,2023-07-11T17:40:28Z,4,False,,,,40,Ben Charlesworth,2672,Brydon Carse,101,Alex Lees,227,56,Short Extra Cover,0,0,0,0,,LengthBall,Null,NotOut,Played,0,ForwardDefensive,Null,Over,Medium,Right,Null,NotReferred,Null,False,False,False,False,False,False,25,False,False,False,False,False,False,0,0,0,0,0,False,False
784972,72,4.39,8.0,0.0,0.0,316.0,5.0,8.0,30340,,15911,County Championship Division Two 2023,2,40,Durham,34,Gloucestershire,2023-07-11T17:40:57Z,5,False,,,,40,Ben Charlesworth,2672,Brydon Carse,101,Alex Lees,344,195,Deep Mid Wicket,6,0,6,6,,Short,Null,NotOut,HitHard,0,Pull,Null,Over,Medium,Right,Null,NotReferred,Null,False,False,False,False,True,False,25,False,False,False,False,False,False,6,0,0,0,0,False,True
784972,72,4.39,8.0,0.0,0.0,316.0,5.0,8.0,30340,,15911,County Championship Division Two 2023,2,40,Durham,34,Gloucestershire,2023-07-11T17:41:32Z,6,False,,,,40,Ben Charlesworth,2672,Brydon Carse,101,Alex Lees,227,56,Short Extra Cover,0,0,0,0,,LengthBall,Null,NotOut,Played,0,ForwardDefensive,Null,Over,Medium,Right,Null,NotReferred,Null,False,False,False,False,False,False,25,False,False,False,False,False,False,0,0,0,0,0,False,False
784978,73,4.37,3.0,0.0,2.0,319.0,5.0,3.0,30340,,15911,County Championship Division Two 2023,2,40,Durham,34,Gloucestershire,2023-07-11T17:42:11Z,1,False,,,,7784,Dominic Goodman,101,Alex Lees,2672,Brydon Carse,219,99,Mid Wicket,1,0,1,1,,LengthBall,Null,NotOut,Played,0,Worked,Null,Round,Medium,Right,Null,NotReferred,Null,False,False,False,False,False,False,10,False,False,False,False,False,False,1,0,0,0,0,False,False
784978,73,4.37,3.0,0.0,2.0,319.0,5.0,3.0,30340,,15911,County Championship Division Two 2023,2,40,Durham,34,Gloucestershire,2023-07-11T17:43:10Z,2,False,,,,7784,Dominic Goodman,2672,Brydon Carse,101,Alex Lees,209,46,Short Extra Cover,0,0,0,0,,LengthBall,Null,NotOut,Played,0,ForwardDefensive,Null,Over,Medium,Right,Null,NotReferred,Null,False,False,False,False,False,False,10,False,False,False,False,False,False,0,0,0,0,0,False,False
784978,73,4.37,3.0,0.0,2.0,319.0,5.0,3.0,30340,,15911,County Championship Division Two 2023,2,40,Durham,34,Gloucestershire,2023-07-11T17:43:42Z,3,False,,,,7784,Dominic Goodman,2672,Brydon Carse,101,Alex Lees,270,40,Bowler,0,0,0,0,,LengthBall,Null,NotOut,Played,0,ForwardDefensive,Null,Over,Medium,Right,Null,NotReferred,Null,False,False,False,False,False,False,10,False,False,False,False,False,False,0,0,0,0,0,False,False
784978,73,4.37,3.0,0.0,2.0,319.0,5.0,3.0,30340,,15911,County Championship Division Two 2023,2,40,Durham,34,Gloucestershire,2023-07-11T17:44:10Z,4,False,,,,7784,Dominic Goodman,2672,Brydon Carse,101,Alex Lees,215,40,Short Extra Cover,0,0,0,0,,BackOfALength,Null,NotOut,Played,0,ForwardDefensive,Null,Over,Medium,Right,Null,NotReferred,Null,False,False,False,False,False,False,10,False,False,False,False,False,False,0,0,0,0,0,False,False
784978,73,4.37,3.0,0.0,2.0,319.0,5.0,3.0,30340,,15911,County Championship Division Two 2023,2,40,Durham,34,Gloucestershire,2023-07-11T17:44:43Z,5,False,,,,7784,Dominic Goodman,2672,Brydon Carse,101,Alex Lees,53,97,Short Fine Leg,2,2,2,0,,LengthBall,Null,NotOut,NoShot,0,Leave,Null,Over,Medium,Right,Null,NotReferred,Null,True,False,False,False,False,False,10,False,False,False,False,False,False,0,0,2,0,0,False,False
784978,73,4.37,3.0,0.0,2.0,319.0,5.0,3.0,30340,,15911,County Championship Division Two 2023,2,40,Durham,34,Gloucestershire,2023-07-11T17:45:17Z,5,False,,,,7784,Dominic Goodman,101,Alex Lees,2672,Brydon Carse,340,113,Cover,0,0,0,0,,LengthBall,Null,NotOut,Played,0,Drive,Null,Round,Medium,Right,Null,NotReferred,Null,False,False,False,False,False,False,10,False,False,False,False,False,False,0,0,0,0,0,False,False
784978,73,4.37,3.0,0.0,2.0,319.0,5.0,3.0,30340,,15911,County Championship Division Two 2023,2,40,Durham,34,Gloucestershire,2023-07-11T17:45:45Z,6,False,,,,7784,Dominic Goodman,101,Alex Lees,2672,Brydon Carse,270,40,Bowler,0,0,0,0,,LengthBall,Null,NotOut,Played,0,ForwardDefensive,Null,Round,Medium,Right,Null,NotReferred,Null,False,False,False,False,False,False,10,False,False,False,False,False,False,0,0,0,0,0,False,False
784985,74,4.53,14.0,0.0,2.0,335.0,5.0,16.0,30340,,15911,County Championship Division Two 2023,2,40,Durham,34,Gloucestershire,2023-07-11T17:46:57Z,1,False,,,,40,Ben Charlesworth,2672,Brydon Carse,101,Alex Lees,180,186,Deep Point,4,0,4,4,,BackOfALength,Null,NotOut,HitHard,0,Cut,Null,Over,Medium,Right,Null,NotReferred,Null,False,False,False,False,False,False,25,False,False,False,False,False,False,4,0,0,0,0,False,True
784985,74,4.53,14.0,0.0,2.0,335.0,5.0,16.0,30340,,15911,County Championship Division Two 2023,2,40,Durham,34,Gloucestershire,2023-07-11T17:47:33Z,2,False,,,,40,Ben Charlesworth,2672,Brydon Carse,101,Alex Lees,195,199,Deep Cover,4,0,4,4,,BackOfALength,Null,NotOut,HitHard,0,Cut,Null,Over,Medium,Right,Null,NotReferred,Null,False,False,False,False,False,False,25,False,False,False,False,False,False,4,0,0,0,0,False,True
784985,74,4.53,14.0,0.0,2.0,335.0,5.0,16.0,30340,,15911,County Championship Division Two 2023,2,40,Durham,34,Gloucestershire,2023-07-11T17:48:08Z,3,False,,,,40,Ben Charlesworth,2672,Brydon Carse,101,Alex Lees,188,121,Deep Point,1,0,1,1,,LengthBall,Null,NotOut,Played,0,Pushed,Null,Over,Medium,Right,Null,NotReferred,Null,False,False,False,False,False,False,25,False,False,False,False,False,False,1,0,0,0,0,False,False
784985,74,4.53,14.0,0.0,2.0,335.0,5.0,16.0,30340,,15911,County Championship Division Two 2023,2,40,Durham,34,Gloucestershire,2023-07-11T17:48:43Z,4,False,,,,40,Ben Charlesworth,101,Alex Lees,2672,Brydon Carse,101,176,Fine Leg,4,0,4,4,,LengthBall,Null,NotOut,HitHard,0,Flick,Null,Over,Medium,Right,Null,NotReferred,Null,False,False,False,False,False,False,25,False,False,False,False,False,False,4,0,0,0,0,False,True
784985,74,4.53,14.0,0.0,2.0,335.0,5.0,16.0,30340,,15911,County Championship Division Two 2023,2,40,Durham,34,Gloucestershire,2023-07-11T17:49:34Z,5,False,,,,40,Ben Charlesworth,101,Alex Lees,2672,Brydon Carse,71,159,Third Man,0,2,2,0,,LengthBall,Null,NotOut,HitPad,0,Pull,Null,Over,Medium,Right,Null,NotReferred,Null,False,False,False,True,False,False,25,False,False,False,False,False,False,0,0,0,2,0,False,False
784985,74,4.53,14.0,0.0,2.0,335.0,5.0,16.0,30340,,15911,County Championship Division Two 2023,2,40,Durham,34,Gloucestershire,2023-07-11T17:50:11Z,6,False,,,,40,Ben Charlesworth,101,Alex Lees,2672,Brydon Carse,162,120,Backward Square Leg,1,0,1,1,,BackOfALength,Null,NotOut,Played,0,Pull,Null,Over,Medium,Right,Null,NotReferred,Null,False,False,False,False,False,False,25,False,False,False,False,False,False,1,0,0,0,0,False,False
784996,75,4.49,2.0,0.0,0.0,337.0,5.0,2.0,30340,,15911,County Championship Division Two 2023,2,40,Durham,34,Gloucestershire,2023-07-11T17:51:49Z,1,False,,,,2503,Zaman Akhter,101,Alex Lees,2672,Brydon Carse,270,40,Bowler,0,0,0,0,,LengthBall,Null,NotOut,Played,0,ForwardDefensive,Null,Round,Fast,Right,Null,NotReferred,Null,False,False,False,False,False,False,10,False,False,False,False,False,False,0,0,0,0,0,False,False
784996,75,4.49,2.0,0.0,0.0,337.0,5.0,2.0,30340,,15911,County Championship Division Two 2023,2,40,Durham,34,Gloucestershire,2023-07-11T17:52:17Z,2,False,,,,2503,Zaman Akhter,101,Alex Lees,2672,Brydon Carse,312,118,Mid Off,1,0,1,1,,LengthBall,Null,NotOut,Played,0,Drive,Null,Round,Fast,Right,Null,NotReferred,Null,False,False,False,False,False,False,10,False,False,False,False,False,False,1,0,0,0,0,False,False
784996,75,4.49,2.0,0.0,0.0,337.0,5.0,2.0,30340,,15911,County Championship Division Two 2023,2,40,Durham,34,Gloucestershire,2023-07-11T17:53:05Z,3,False,,,,2503,Zaman Akhter,2672,Brydon Carse,101,Alex Lees,340,89,Mid Wicket,1,0,1,1,,LengthBall,Null,NotOut,Played,0,Worked,Null,Over,Fast,Right,Null,NotReferred,Null,False,False,False,False,False,False,10,False,False,False,False,False,False,1,0,0,0,0,False,False
784996,75,4.49,2.0,0.0,0.0,337.0,5.0,2.0,30340,,15911,County Championship Division Two 2023,2,40,Durham,34,Gloucestershire,2023-07-11T17:53:37Z,4,False,,,,2503,Zaman Akhter,101,Alex Lees,2672,Brydon Carse,182,71,Square Leg,0,0,0,0,,BackOfALength,Null,NotOut,HitPad,0,Pull,Null,Round,Fast,Right,Null,NotReferred,Null,False,False,False,False,False,False,10,False,False,False,False,False,False,0,0,0,0,0,False,False
784996,75,4.49,2.0,0.0,0.0,337.0,5.0,2.0,30340,,15911,County Championship Division Two 2023,2,40,Durham,34,Gloucestershire,2023-07-11T17:54:09Z,5,False,,,,2503,Zaman Akhter,101,Alex Lees,2672,Brydon Carse,247,92,Mid On,0,0,0,0,,LengthBall,Null,NotOut,Played,0,ForwardDefensive,Null,Round,Fast,Right,Null,NotReferred,Null,False,False,False,False,False,False,10,False,False,False,False,False,False,0,0,0,0,0,False,False
784996,75,4.49,2.0,0.0,0.0,337.0,5.0,2.0,30340,,15911,County Championship Division Two 2023,2,40,Durham,34,Gloucestershire,2023-07-11T17:54:42Z,6,False,,,,2503,Zaman Akhter,101,Alex Lees,2672,Brydon Carse,270,40,Bowler,0,0,0,0,,LengthBall,Null,NotOut,Played,0,ForwardDefensive,Null,Round,Fast,Right,Null,NotReferred,Null,False,False,False,False,False,False,10,False,False,False,False,False,False,0,0,0,0,0,False,False
785004,76,4.49,4.0,0.0,0.0,341.0,5.0,4.0,30340,,15911,County Championship Division Two 2023,2,40,Durham,34,Gloucestershire,2023-07-11T17:56:08Z,1,False,,,,7917,Ollie Price,2672,Brydon Carse,101,Alex Lees,226,168,Deep Extra Cover,3,0,3,3,,LengthBall,Null,NotOut,Played,0,Drive,Null,Over,OffSpin,Right,Null,NotReferred,Null,False,False,False,False,False,False,25,False,False,False,False,False,False,3,0,0,0,0,False,False
785004,76,4.49,4.0,0.0,0.0,341.0,5.0,4.0,30340,,15911,County Championship Division Two 2023,2,40,Durham,34,Gloucestershire,2023-07-11T17:56:51Z,2,False,,,,7917,Ollie Price,101,Alex Lees,2672,Brydon Carse,249,160,Long On,1,0,1,1,,LengthBall,Null,NotOut,Played,0,Drive,Null,Round,OffSpin,Right,Null,NotReferred,Null,False,False,False,False,False,False,25,False,False,False,False,False,False,1,0,0,0,0,False,False
785004,76,4.49,4.0,0.0,0.0,341.0,5.0,4.0,30340,,15911,County Championship Division Two 2023,2,40,Durham,34,Gloucestershire,2023-07-11T17:57:17Z,3,False,,,,7917,Ollie Price,2672,Brydon Carse,101,Alex Lees,270,40,Bowler,0,0,0,0,,LengthBall,Null,NotOut,Played,0,BackwardDefensive,Null,Over,OffSpin,Right,Null,NotReferred,Null,False,False,False,False,False,False,25,False,False,False,False,False,False,0,0,0,0,0,False,False
785004,76,4.49,4.0,0.0,0.0,341.0,5.0,4.0,30340,,15911,County Championship Division Two 2023,2,40,Durham,34,Gloucestershire,2023-07-11T17:57:39Z,4,False,,,,7917,Ollie Price,2672,Brydon Carse,101,Alex Lees,243,96,Mid Off,0,0,0,0,,LengthBall,Null,NotOut,Played,0,Drive,Null,Over,OffSpin,Right,Null,NotReferred,Null,False,False,False,False,False,False,25,False,False,False,False,False,False,0,0,0,0,0,False,False
785004,76,4.49,4.0,0.0,0.0,341.0,5.0,4.0,30340,,15911,County Championship Division Two 2023,2,40,Durham,34,Gloucestershire,2023-07-11T17:57:58Z,5,False,,,,7917,Ollie Price,2672,Brydon Carse,101,Alex Lees,210,55,Short Extra Cover,0,0,0,0,,LengthBall,Null,NotOut,Played,0,ForwardDefensive,Null,Over,OffSpin,Right,Null,NotReferred,Null,False,False,False,False,False,False,25,False,False,False,False,False,False,0,0,0,0,0,False,False
785004,76,4.49,4.0,0.0,0.0,341.0,5.0,4.0,30340,,15911,County Championship Division Two 2023,2,40,Durham,34,Gloucestershire,2023-07-11T17:58:15Z,6,False,,,,7917,Ollie Price,2672,Brydon Carse,101,Alex Lees,212,43,Short Extra Cover,0,0,0,0,,LengthBall,Null,NotOut,Played,0,ForwardDefensive,Null,Over,OffSpin,Right,Null,NotReferred,Null,False,False,False,False,False,False,25,False,False,False,False,False,False,0,0,0,0,0,False,False
785010,77,4.44,1.0,0.0,0.0,342.0,5.0,1.0,30340,,15911,County Championship Division Two 2023,2,40,Durham,34,Gloucestershire,2023-07-11T17:59:15Z,1,False,,,,2503,Zaman Akhter,101,Alex Lees,2672,Brydon Carse,270,40,Bowler,0,0,0,0,,LengthBall,Null,NotOut,Played,0,ForwardDefensive,Null,Over,Fast,Right,Null,NotReferred,Null,False,False,False,False,False,False,10,False,False,False,False,False,False,0,0,0,0,0,False,False
785010,77,4.44,1.0,0.0,0.0,342.0,5.0,1.0,30340,,15911,County Championship Division Two 2023,2,40,Durham,34,Gloucestershire,2023-07-11T17:59:43Z,2,False,,,,2503,Zaman Akhter,101,Alex Lees,2672,Brydon Carse,181,94,Square Leg,0,0,0,0,,LengthBall,Null,NotOut,Played,0,Worked,Null,Round,Fast,Right,Null,NotReferred,Null,False,False,False,False,False,False,10,False,False,False,False,False,False,0,0,0,0,0,False,False
785010,77,4.44,1.0,0.0,0.0,342.0,5.0,1.0,30340,,15911,County Championship Division Two 2023,2,40,Durham,34,Gloucestershire,2023-07-11T18:00:18Z,3,False,,,,2503,Zaman Akhter,101,Alex Lees,2672,Brydon Carse,212,67,Mid Wicket,0,0,0,0,,LengthBall,Null,NotOut,Played,0,Worked,Null,Round,Fast,Right,Null,NotReferred,Null,False,False,False,False,False,False,10,False,False,False,False,False,False,0,0,0,0,0,False,False
785010,77,4.44,1.0,0.0,0.0,342.0,5.0,1.0,30340,,15911,County Championship Division Two 2023,2,40,Durham,34,Gloucestershire,2023-07-11T18:00:50Z,4,False,,,,2503,Zaman Akhter,101,Alex Lees,2672,Brydon Carse,158,141,Deep Backward Square Leg,1,0,1,1,,Short,Null,NotOut,Played,0,Pull,Null,Round,Fast,Right,Null,NotReferred,Null,False,False,False,False,False,False,10,False,False,False,False,False,False,1,0,0,0,0,False,False
785010,77,4.44,1.0,0.0,0.0,342.0,5.0,1.0,30340,,15911,County Championship Division Two 2023,2,40,Durham,34,Gloucestershire,2023-07-11T18:01:30Z,5,False,,,,2503,Zaman Akhter,2672,Brydon Carse,101,Alex Lees,90,48,Wicketkeeper,0,0,0,0,,Short,Null,NotOut,NoShot,0,Leave,Null,Over,Fast,Right,Null,NotReferred,Null,False,False,False,False,False,False,10,False,False,False,False,False,False,0,0,0,0,0,False,False
785010,77,4.44,1.0,0.0,0.0,342.0,5.0,1.0,30340,,15911,County Championship Division Two 2023,2,40,Durham,34,Gloucestershire,2023-07-11T18:01:59Z,6,False,,,,2503,Zaman Akhter,2672,Brydon Carse,101,Alex Lees,90,48,Wicketkeeper,0,0,0,0,,Short,Null,NotOut,NoShot,0,Leave,Null,Over,Fast,Right,Null,NotReferred,Null,False,False,False,False,False,False,10,False,False,False,False,False,False,0,0,0,0,0,False,False
785016,78,4.53,11.0,0.0,0.0,353.0,5.0,11.0,30340,,15911,County Championship Division Two 2023,2,40,Durham,34,Gloucestershire,2023-07-11T18:02:58Z,1,False,,,,7917,Ollie Price,101,Alex Lees,2672,Brydon Carse,254,147,Long On,2,0,2,2,,LengthBall,Null,NotOut,MisTimed,0,Flick,Null,Round,OffSpin,Right,Null,NotReferred,Null,False,False,False,False,False,False,25,False,False,False,False,False,False,2,0,0,0,0,False,False
785016,78,4.53,11.0,0.0,0.0,353.0,5.0,11.0,30340,,15911,County Championship Division Two 2023,2,40,Durham,34,Gloucestershire,2023-07-11T18:03:35Z,2,False,,,,7917,Ollie Price,101,Alex Lees,2672,Brydon Carse,245,94,Mid On,0,0,0,0,,LengthBall,Null,NotOut,Played,0,Drive,Null,Round,OffSpin,Right,Null,NotReferred,Null,False,False,False,False,False,False,25,False,False,False,False,False,False,0,0,0,0,0,False,False
785016,78,4.53,11.0,0.0,0.0,353.0,5.0,11.0,30340,,15911,County Championship Division Two 2023,2,40,Durham,34,Gloucestershire,2023-07-11T18:04:06Z,3,False,,,,7917,Ollie Price,101,Alex Lees,2672,Brydon Carse,7,80,Point,1,0,1,1,,LengthBall,Null,NotOut,Played,0,Steer,Null,Round,OffSpin,Right,Null,NotReferred,Null,False,False,False,False,False,False,25,False,False,False,False,False,False,1,0,0,0,0,False,False
785016,78,4.53,11.0,0.0,0.0,353.0,5.0,11.0,30340,,15911,County Championship Division Two 2023,2,40,Durham,34,Gloucestershire,2023-07-11T18:04:22Z,4,False,,,,7917,Ollie Price,2672,Brydon Carse,101,Alex Lees,265,201,Long Off,6,0,6,6,,LengthBall,Null,NotOut,HitHard,0,Slog,Null,Over,OffSpin,Right,Null,NotReferred,Null,False,False,False,False,False,False,25,False,False,False,False,False,False,6,0,0,0,0,False,True
785016,78,4.53,11.0,0.0,0.0,353.0,5.0,11.0,30340,,15911,County Championship Division Two 2023,2,40,Durham,34,Gloucestershire,2023-07-11T18:05:10Z,5,False,,,,7917,Ollie Price,2672,Brydon Carse,101,Alex Lees,205,72,Cover,1,0,1,1,,LengthBall,Null,NotOut,Played,0,Pushed,Null,Over,OffSpin,Right,Null,NotReferred,Null,False,False,False,False,False,False,25,False,False,False,False,False,False,1,0,0,0,0,False,False
785016,78,4.53,11.0,0.0,0.0,353.0,5.0,11.0,30340,,15911,County Championship Division Two 2023,2,40,Durham,34,Gloucestershire,2023-07-11T18:05:37Z,6,False,,,,7917,Ollie Price,101,Alex Lees,2672,Brydon Carse,264,168,Long On,1,0,1,1,,LengthBall,Null,NotOut,Played,0,Drive,Null,Round,OffSpin,Right,Null,NotReferred,Null,False,False,False,False,False,False,25,False,False,False,False,False,False,1,0,0,0,0,False,False
785023,79,4.48,1.0,0.0,0.0,354.0,5.0,1.0,30340,,15911,County Championship Division Two 2023,2,40,Durham,34,Gloucestershire,2023-07-11T18:07:03Z,1,False,,,,34,Chris Dent,101,Alex Lees,2672,Brydon Carse,270,40,Bowler,0,0,0,0,,LengthBall,Null,NotOut,Played,0,Drive,Null,Over,Orthodox,Left,Null,NotReferred,Null,False,False,False,False,False,False,10,False,False,False,False,False,False,0,0,0,0,0,False,False
785023,79,4.48,1.0,0.0,0.0,354.0,5.0,1.0,30340,,15911,County Championship Division Two 2023,2,40,Durham,34,Gloucestershire,2023-07-11T18:07:25Z,2,False,,,,34,Chris Dent,101,Alex Lees,2672,Brydon Carse,90,48,Wicketkeeper,0,0,0,0,,LengthBall,Null,NotOut,Missed,0,Drive,Null,Over,Orthodox,Left,Null,NotReferred,Null,False,False,False,False,False,False,10,False,False,False,False,False,False,0,0,0,0,0,False,False
785023,79,4.48,1.0,0.0,0.0,354.0,5.0,1.0,30340,,15911,County Championship Division Two 2023,2,40,Durham,34,Gloucestershire,2023-07-11T18:07:50Z,3,False,,,,34,Chris Dent,101,Alex Lees,2672,Brydon Carse,197,86,Mid Wicket,0,0,0,0,,LengthBall,Null,NotOut,Played,0,Worked,Null,Over,Orthodox,Left,Null,NotReferred,Null,False,False,False,False,False,False,10,False,False,False,False,False,False,0,0,0,0,0,False,False
785023,79,4.48,1.0,0.0,0.0,354.0,5.0,1.0,30340,,15911,County Championship Division Two 2023,2,40,Durham,34,Gloucestershire,2023-07-11T18:08:11Z,4,False,,,,34,Chris Dent,101,Alex Lees,2672,Brydon Carse,330,71,Extra Cover,0,0,0,0,,LengthBall,Null,NotOut,Played,0,Drive,Null,Over,Orthodox,Left,Null,NotReferred,Null,False,False,False,False,False,False,10,False,False,False,False,False,False,0,0,0,0,0,False,False
785023,79,4.48,1.0,0.0,0.0,354.0,5.0,1.0,30340,,15911,County Championship Division Two 2023,2,40,Durham,34,Gloucestershire,2023-07-11T18:08:33Z,5,False,,,,34,Chris Dent,101,Alex Lees,2672,Brydon Carse,180,148,Deep Square Leg,1,0,1,1,,LengthBall,Null,NotOut,Played,0,Worked,Null,Over,Orthodox,Left,Null,NotReferred,Null,False,False,False,False,False,False,10,False,False,False,False,False,False,1,0,0,0,0,False,False
785023,79,4.48,1.0,0.0,0.0,354.0,5.0,1.0,30340,,15911,County Championship Division Two 2023,2,40,Durham,34,Gloucestershire,2023-07-11T18:09:07Z,6,False,,,,34,Chris Dent,2672,Brydon Carse,101,Alex Lees,191,81,Cover,0,0,0,0,,LengthBall,Null,NotOut,Played,0,Pushed,Null,Round,Orthodox,Left,Null,NotReferred,Null,False,False,False,False,False,False,10,False,False,False,False,False,False,0,0,0,0,0,False,False
785028,80,4.49,5.0,0.0,0.0,359.0,5.0,5.0,30340,,15911,County Championship Division Two 2023,2,40,Durham,34,Gloucestershire,2023-07-11T18:10:25Z,1,False,,,,7917,Ollie Price,101,Alex Lees,2672,Brydon Carse,270,40,Bowler,0,0,0,0,,LengthBall,Null,NotOut,Played,0,ForwardDefensive,Null,Over,OffSpin,Right,Null,NotReferred,Null,False,False,False,False,False,False,25,False,False,False,False,False,False,0,0,0,0,0,False,False
785028,80,4.49,5.0,0.0,0.0,359.0,5.0,5.0,30340,,15911,County Championship Division Two 2023,2,40,Durham,34,Gloucestershire,2023-07-11T18:10:42Z,2,False,,,,7917,Ollie Price,101,Alex Lees,2672,Brydon Carse,221,186,Long On,4,0,4,4,,LengthBall,Null,NotOut,HitHard,0,SlogSweep,Null,Over,OffSpin,Right,Null,NotReferred,Null,False,False,False,False,True,False,25,False,False,False,False,False,False,4,0,0,0,0,False,True
785028,80,4.49,5.0,0.0,0.0,359.0,5.0,5.0,30340,,15911,County Championship Division Two 2023,2,40,Durham,34,Gloucestershire,2023-07-11T18:11:23Z,3,False,,,,7917,Ollie Price,101,Alex Lees,2672,Brydon Carse,177,148,Deep Square Leg,1,0,1,1,,LengthBall,Null,NotOut,Played,0,Sweep,Null,Over,OffSpin,Right,Null,NotReferred,Null,False,False,False,False,False,False,25,False,False,False,False,False,False,1,0,0,0,0,False,False
785028,80,4.49,5.0,0.0,0.0,359.0,5.0,5.0,30340,,15911,County Championship Division Two 2023,2,40,Durham,34,Gloucestershire,2023-07-11T18:11:52Z,4,False,,,,7917,Ollie Price,2672,Brydon Carse,101,Alex Lees,214,55,Short Extra Cover,0,0,0,0,,LengthBall,Null,NotOut,Played,0,ForwardDefensive,Null,Over,OffSpin,Right,Null,NotReferred,Null,False,False,False,False,False,False,25,False,False,False,False,False,False,0,0,0,0,0,False,False
785028,80,4.49,5.0,0.0,0.0,359.0,5.0,5.0,30340,,15911,County Championship Division Two 2023,2,40,Durham,34,Gloucestershire,2023-07-11T18:12:07Z,5,False,,,,7917,Ollie Price,2672,Brydon Carse,101,Alex Lees,222,33,Silly Point,0,0,0,0,,LengthBall,Null,NotOut,Played,0,ForwardDefensive,Null,Over,OffSpin,Right,Null,NotReferred,Null,False,False,False,False,False,False,25,False,False,False,False,False,False,0,0,0,0,0,False,False
785028,80,4.49,5.0,0.0,0.0,359.0,5.0,5.0,30340,,15911,County Championship Division Two 2023,2,40,Durham,34,Gloucestershire,2023-07-11T18:12:25Z,6,False,,,,7917,Ollie Price,2672,Brydon Carse,101,Alex Lees,90,48,Wicketkeeper,0,0,0,0,,LengthBall,Null,NotOut,NoShot,0,Leave,Null,Over,OffSpin,Right,Null,NotReferred,Null,False,False,False,False,False,False,25,False,False,False,False,False,False,0,0,0,0,0,False,False
785035,81,4.49,5.0,2.0,0.0,364.0,7.0,5.0,30340,,15911,County Championship Division Two 2023,2,40,Durham,34,Gloucestershire,2023-07-11T18:14:02Z,1,True,Lbw,101.0,Alex Lees,44,Matt Taylor,101,Alex Lees,2672,Brydon Carse,351,14,Silly Point,0,0,0,0,LBW,LengthBall,Null,NotOut,HitPad,0,ForwardDefensive,Null,Over,Fast,Left,Out1stUmpire,NotReferred,Null,False,False,False,False,False,False,25,False,False,False,False,False,False,0,0,0,0,0,False,False
785035,81,4.49,5.0,2.0,0.0,364.0,7.0,5.0,30340,,15911,County Championship Division Two 2023,2,40,Durham,34,Gloucestershire,2023-07-11T18:15:48Z,2,True,Caught,120.0,Ben Raine,44,Matt Taylor,120,Ben Raine,2672,Brydon Carse,90,48,Wicketkeeper,0,0,0,0,Caught,LengthBall,Null,NotOut,Edged,0,ForwardDefensive,Null,Over,Fast,Left,Out1stUmpire,NotReferred,Null,False,False,False,False,False,False,25,False,False,False,False,False,False,0,0,0,0,0,False,False
785035,81,4.49,5.0,2.0,0.0,364.0,7.0,5.0,30340,,15911,County Championship Division Two 2023,2,40,Durham,34,Gloucestershire,2023-07-11T18:17:54Z,3,False,,,,44,Matt Taylor,2675,Migael Pretorius,2672,Brydon Carse,190,187,Deep Cover,4,0,4,4,,LengthBall,Null,NotOut,HitHard,0,Drive,Null,Over,Fast,Left,Null,NotReferred,Null,False,False,False,False,False,False,10,False,False,False,False,False,False,4,0,0,0,0,False,True
785035,81,4.49,5.0,2.0,0.0,364.0,7.0,5.0,30340,,15911,County Championship Division Two 2023,2,40,Durham,34,Gloucestershire,2023-07-11T18:18:32Z,4,False,,,,44,Matt Taylor,2675,Migael Pretorius,2672,Brydon Carse,323,37,Short Mid Wicket,0,0,0,0,,Yorker,Null,NotOut,Played,0,ForwardDefensive,Null,Over,Fast,Left,Null,NotReferred,Null,False,False,False,False,False,False,10,False,False,False,False,False,False,0,0,0,0,0,False,False
785035,81,4.49,5.0,2.0,0.0,364.0,7.0,5.0,30340,,15911,County Championship Division Two 2023,2,40,Durham,34,Gloucestershire,2023-07-11T18:19:01Z,5,False,,,,44,Matt Taylor,2675,Migael Pretorius,2672,Brydon Carse,165,132,Deep Backward Point,1,0,1,1,,LengthBall,Null,NotOut,Played,0,Steer,Null,Over,Fast,Left,Null,NotReferred,Null,False,False,False,False,False,False,10,False,False,False,False,False,False,1,0,0,0,0,False,False
785035,81,4.49,5.0,2.0,0.0,364.0,7.0,5.0,30340,,15911,County Championship Division Two 2023,2,40,Durham,34,Gloucestershire,2023-07-11T18:19:39Z,6,False,,,,44,Matt Taylor,2672,Brydon Carse,2675,Migael Pretorius,202,82,Cover,0,0,0,0,,LengthBall,Null,NotOut,Played,0,ForwardDefensive,Null,Over,Fast,Left,Null,NotReferred,Null,False,False,False,False,False,False,10,False,False,False,False,False,False,0,0,0,0,0,False,False
785046,82,4.51,6.0,0.0,0.0,370.0,7.0,6.0,30340,,15911,County Championship Division Two 2023,2,40,Durham,34,Gloucestershire,2023-07-11T18:20:56Z,1,False,,,,455,Josh Shaw,2675,Migael Pretorius,2672,Brydon Carse,298,94,Mid On,0,0,0,0,,LengthBall,Null,NotOut,Played,0,Drive,Null,Over,Fast,Right,Null,NotReferred,Null,False,False,False,False,False,False,25,False,False,False,False,False,False,0,0,0,0,0,False,False
785046,82,4.51,6.0,0.0,0.0,370.0,7.0,6.0,30340,,15911,County Championship Division Two 2023,2,40,Durham,34,Gloucestershire,2023-07-11T18:21:22Z,2,False,,,,455,Josh Shaw,2675,Migael Pretorius,2672,Brydon Carse,200,60,Point,0,0,0,0,,LengthBall,Null,NotOut,Played,0,ForwardDefensive,Null,Over,Fast,Right,Null,NotReferred,Null,False,False,False,False,False,False,25,False,False,False,False,False,False,0,0,0,0,0,False,False
785046,82,4.51,6.0,0.0,0.0,370.0,7.0,6.0,30340,,15911,County Championship Division Two 2023,2,40,Durham,34,Gloucestershire,2023-07-11T18:21:55Z,3,False,,,,455,Josh Shaw,2675,Migael Pretorius,2672,Brydon Carse,205,203,Deep Cover,4,0,4,4,,LengthBall,Null,NotOut,HitHard,0,Drive,Null,Over,Fast,Right,Null,NotReferred,Null,False,False,False,False,False,False,25,False,False,False,False,False,False,4,0,0,0,0,False,True
785046,82,4.51,6.0,0.0,0.0,370.0,7.0,6.0,30340,,15911,County Championship Division Two 2023,2,40,Durham,34,Gloucestershire,2023-07-11T18:22:39Z,4,False,,,,455,Josh Shaw,2675,Migael Pretorius,2672,Brydon Carse,293,93,Mid On,0,0,0,0,,LengthBall,Null,NotOut,Played,0,Drive,Null,Over,Fast,Right,Null,NotReferred,Null,False,False,False,False,False,False,25,False,False,False,False,False,False,0,0,0,0,0,False,False
785046,82,4.51,6.0,0.0,0.0,370.0,7.0,6.0,30340,,15911,County Championship Division Two 2023,2,40,Durham,34,Gloucestershire,2023-07-11T18:23:12Z,5,False,,,,455,Josh Shaw,2675,Migael Pretorius,2672,Brydon Carse,90,48,Wicketkeeper,0,0,0,0,,LengthBall,Null,NotOut,MissedLegSide,0,Flick,Null,Over,Fast,Right,Null,NotReferred,Null,False,False,False,False,False,False,25,False,False,False,False,False,False,0,0,0,0,0,False,False
785046,82,4.51,6.0,0.0,0.0,370.0,7.0,6.0,30340,,15911,County Championship Division Two 2023,2,40,Durham,34,Gloucestershire,2023-07-11T18:23:47Z,6,False,,,,455,Josh Shaw,2675,Migael Pretorius,2672,Brydon Carse,147,131,Third Man,2,0,2,2,,LengthBall,Null,NotOut,Played,0,Steer,Null,Over,Fast,Right,Null,NotReferred,Null,False,False,False,False,False,False,25,False,False,False,False,False,False,2,0,0,0,0,False,False
785054,83,4.53,6.0,0.0,0.0,376.0,7.0,6.0,30340,,15911,County Championship Division Two 2023,2,40,Durham,34,Gloucestershire,2023-07-11T18:24:50Z,1,False,,,,44,Matt Taylor,2672,Brydon Carse,2675,Migael Pretorius,209,51,Short Extra Cover,0,0,0,0,,LengthBall,Null,NotOut,Played,0,ForwardDefensive,Null,Round,Fast,Left,Null,NotReferred,Null,False,False,False,False,False,False,10,False,False,False,False,False,False,0,0,0,0,0,False,False
785054,83,4.53,6.0,0.0,0.0,376.0,7.0,6.0,30340,,15911,County Championship Division Two 2023,2,40,Durham,34,Gloucestershire,2023-07-11T18:25:20Z,2,False,,,,44,Matt Taylor,2672,Brydon Carse,2675,Migael Pretorius,310,50,Short Mid Wicket,0,0,0,0,,LengthBall,Null,NotOut,Played,0,ForwardDefensive,Null,Round,Fast,Left,Null,NotReferred,Null,False,False,False,False,False,False,10,False,False,False,False,False,False,0,0,0,0,0,False,False
785054,83,4.53,6.0,0.0,0.0,376.0,7.0,6.0,30340,,15911,County Championship Division Two 2023,2,40,Durham,34,Gloucestershire,2023-07-11T18:25:52Z,3,False,,,,44,Matt Taylor,2672,Brydon Carse,2675,Migael Pretorius,329,50,Short Mid Wicket,0,0,0,0,,LengthBall,Null,NotOut,Played,0,Worked,Null,Round,Fast,Left,Null,NotReferred,Null,False,False,False,False,False,False,10,False,False,False,False,False,False,0,0,0,0,0,False,False
785054,83,4.53,6.0,0.0,0.0,376.0,7.0,6.0,30340,,15911,County Championship Division Two 2023,2,40,Durham,34,Gloucestershire,2023-07-11T18:26:32Z,4,False,,,,44,Matt Taylor,2672,Brydon Carse,2675,Migael Pretorius,195,190,Deep Cover,4,0,4,4,,LengthBall,Null,NotOut,HitHard,0,Drive,Null,Round,Fast,Left,Null,NotReferred,Null,False,False,False,False,True,False,10,False,False,False,False,False,False,4,0,0,0,0,False,True
785054,83,4.53,6.0,0.0,0.0,376.0,7.0,6.0,30340,,15911,County Championship Division Two 2023,2,40,Durham,34,Gloucestershire,2023-07-11T18:27:12Z,5,False,,,,44,Matt Taylor,2672,Brydon Carse,2675,Migael Pretorius,49,150,Fine Leg,1,0,1,1,,LengthBall,Null,NotOut,Played,0,Flick,Null,Round,Fast,Left,Null,NotReferred,Null,False,False,False,False,False,False,10,False,False,False,False,False,False,1,0,0,0,0,False,False
785054,83,4.53,6.0,0.0,0.0,376.0,7.0,6.0,30340,,15911,County Championship Division Two 2023,2,40,Durham,34,Gloucestershire,2023-07-11T18:27:56Z,6,False,,,,44,Matt Taylor,2675,Migael Pretorius,2672,Brydon Carse,148,142,Third Man,1,0,1,1,,LengthBall,Null,NotOut,MisTimed,0,Drive,Null,Round,Fast,Left,Null,NotReferred,Null,False,False,False,False,False,False,10,False,False,False,False,False,False,1,0,0,0,0,False,False
785060,84,4.61,11.0,0.0,0.0,387.0,7.0,11.0,30340,,15911,County Championship Division Two 2023,2,40,Durham,34,Gloucestershire,2023-07-11T18:28:47Z,1,False,,,,455,Josh Shaw,2675,Migael Pretorius,2672,Brydon Carse,318,203,Long On,4,0,4,4,,LengthBall,Null,NotOut,HitHard,0,Flick,Null,Round,Fast,Right,Null,NotReferred,Null,False,False,False,False,False,False,25,False,False,False,False,False,False,4,0,0,0,0,False,True
785060,84,4.61,11.0,0.0,0.0,387.0,7.0,11.0,30340,,15911,County Championship Division Two 2023,2,40,Durham,34,Gloucestershire,2023-07-11T18:29:37Z,2,False,,,,455,Josh Shaw,2675,Migael Pretorius,2672,Brydon Carse,205,199,Deep Cover,4,0,4,4,,LengthBall,Null,NotOut,HitHard,0,Drive,Null,Over,Fast,Right,Null,NotReferred,Null,False,False,False,False,False,False,25,False,False,False,False,False,False,4,0,0,0,0,False,True
785060,84,4.61,11.0,0.0,0.0,387.0,7.0,11.0,30340,,15911,County Championship Division Two 2023,2,40,Durham,34,Gloucestershire,2023-07-11T18:30:27Z,3,False,,,,455,Josh Shaw,2675,Migael Pretorius,2672,Brydon Carse,338,121,Mid Wicket,1,0,1,1,,LengthBall,Null,NotOut,Played,0,Worked,Null,Over,Fast,Right,Null,NotReferred,Null,False,False,False,False,False,False,25,False,False,False,False,False,False,1,0,0,0,0,False,False
785060,84,4.61,11.0,0.0,0.0,387.0,7.0,11.0,30340,,15911,County Championship Division Two 2023,2,40,Durham,34,Gloucestershire,2023-07-11T18:31:03Z,4,False,,,,455,Josh Shaw,2672,Brydon Carse,2675,Migael Pretorius,270,40,Bowler,0,0,0,0,,LengthBall,Null,NotOut,Played,0,ForwardDefensive,Null,Over,Fast,Right,Null,NotReferred,Null,False,False,False,False,False,False,25,False,False,False,False,False,False,0,0,0,0,0,False,False
785060,84,4.61,11.0,0.0,0.0,387.0,7.0,11.0,30340,,15911,County Championship Division Two 2023,2,40,Durham,34,Gloucestershire,2023-07-11T18:31:36Z,5,False,,,,455,Josh Shaw,2672,Brydon Carse,2675,Migael Pretorius,22,142,Deep Backward Square Leg,1,0,1,1,,LengthBall,Null,NotOut,Played,0,Worked,Null,Over,Fast,Right,Null,NotReferred,Null,False,False,False,False,False,False,25,False,False,False,False,False,False,1,0,0,0,0,False,False
785060,84,4.61,11.0,0.0,0.0,387.0,7.0,11.0,30340,,15911,County Championship Division Two 2023,2,40,Durham,34,Gloucestershire,2023-07-11T18:32:14Z,6,False,,,,455,Josh Shaw,2675,Migael Pretorius,2672,Brydon Carse,139,137,Third Man,1,0,1,1,,Short,Null,NotOut,Played,0,Steer,Null,Over,Fast,Right,Null,NotReferred,Null,False,False,False,False,False,False,25,False,False,False,False,False,False,1,0,0,0,0,False,False
785066,85,4.61,4.0,0.0,1.0,392.0,7.0,5.0,30340,,15911,County Championship Division Two 2023,2,40,Durham,34,Gloucestershire,2023-07-11T18:33:09Z,1,False,,,,44,Matt Taylor,2675,Migael Pretorius,2672,Brydon Carse,31,108,Backward Square Leg,0,1,1,0,,LengthBall,Null,NotOut,HitPad,0,Worked,Null,Round,Fast,Left,Null,NotReferred,Null,False,False,False,True,False,False,10,False,False,False,False,False,False,0,0,0,1,0,False,False
785066,85,4.61,4.0,0.0,1.0,392.0,7.0,5.0,30340,,15911,County Championship Division Two 2023,2,40,Durham,34,Gloucestershire,2023-07-11T18:33:53Z,2,False,,,,44,Matt Taylor,2672,Brydon Carse,2675,Migael Pretorius,203,74,Cover,0,0,0,0,,LengthBall,Null,NotOut,Played,0,ForwardDefensive,Null,Round,Fast,Left,Null,NotReferred,Null,False,False,False,False,False,False,10,False,False,False,False,False,False,0,0,0,0,0,False,False
785066,85,4.61,4.0,0.0,1.0,392.0,7.0,5.0,30340,,15911,County Championship Division Two 2023,2,40,Durham,34,Gloucestershire,2023-07-11T18:34:32Z,3,False,,,,44,Matt Taylor,2672,Brydon Carse,2675,Migael Pretorius,270,40,Bowler,0,0,0,0,,LengthBall,Null,NotOut,Played,0,Drive,Null,Round,Fast,Left,Null,NotReferred,Null,False,False,False,False,False,False,10,False,False,False,False,False,False,0,0,0,0,0,False,False
785066,85,4.61,4.0,0.0,1.0,392.0,7.0,5.0,30340,,15911,County Championship Division Two 2023,2,40,Durham,34,Gloucestershire,2023-07-11T18:35:08Z,4,False,,,,44,Matt Taylor,2672,Brydon Carse,2675,Migael Pretorius,114,152,Third Man,2,0,2,2,,LengthBall,Null,NotOut,Edged,0,Drive,Null,Round,Fast,Left,Null,NotReferred,Null,False,False,False,False,False,False,10,False,False,False,False,False,False,2,0,0,0,0,False,False
785066,85,4.61,4.0,0.0,1.0,392.0,7.0,5.0,30340,,15911,County Championship Division Two 2023,2,40,Durham,34,Gloucestershire,2023-07-11T18:35:46Z,5,False,,,,44,Matt Taylor,2672,Brydon Carse,2675,Migael Pretorius,213,29,Silly Point,0,0,0,0,,LengthBall,Null,NotOut,Played,0,ForwardDefensive,Null,Round,Fast,Left,Null,NotReferred,Null,False,False,False,False,False,False,10,False,False,False,False,False,False,0,0,0,0,0,False,False
785066,85,4.61,4.0,0.0,1.0,392.0,7.0,5.0,30340,,15911,County Championship Division Two 2023,2,40,Durham,34,Gloucestershire,2023-07-11T18:36:26Z,6,False,,,,44,Matt Taylor,2672,Brydon Carse,2675,Migael Pretorius,312,145,Long On,2,0,2,2,,LengthBall,Null,NotOut,Played,0,Worked,Null,Round,Fast,Left,Null,NotReferred,Null,False,False,False,False,False,False,10,False,False,False,False,False,False,2,0,0,0,0,False,False
785071,86,4.74,16.0,0.0,0.0,408.0,7.0,16.0,30340,,15911,County Championship Division Two 2023,2,40,Durham,34,Gloucestershire,2023-07-11T18:37:36Z,1,False,,,,455,Josh Shaw,2675,Migael Pretorius,2672,Brydon Carse,298,94,Mid On,0,0,0,0,,LengthBall,Null,NotOut,Played,0,Drive,Null,Over,Fast,Right,Null,NotReferred,Null,False,False,False,False,False,False,25,False,False,False,False,False,False,0,0,0,0,0,False,False
785071,86,4.74,16.0,0.0,0.0,408.0,7.0,16.0,30340,,15911,County Championship Division Two 2023,2,40,Durham,34,Gloucestershire,2023-07-11T18:38:10Z,2,False,,,,455,Josh Shaw,2675,Migael Pretorius,2672,Brydon Carse,141,122,Third Man,1,0,1,1,,LengthBall,Null,NotOut,Edged,0,Drive,Null,Over,Fast,Right,Null,NotReferred,Null,False,False,False,False,False,False,25,False,False,False,False,False,False,1,0,0,0,0,False,False
785071,86,4.74,16.0,0.0,0.0,408.0,7.0,16.0,30340,,15911,County Championship Division Two 2023,2,40,Durham,34,Gloucestershire,2023-07-11T18:38:50Z,3,False,,,,455,Josh Shaw,2672,Brydon Carse,2675,Migael Pretorius,319,198,Long On,4,0,4,4,,LengthBall,Null,NotOut,HitHard,0,Pull,Null,Over,Fast,Right,Null,NotReferred,Null,False,False,False,False,True,False,25,False,False,False,False,False,False,4,0,0,0,0,False,True
785071,86,4.74,16.0,0.0,0.0,408.0,7.0,16.0,30340,,15911,County Championship Division Two 2023,2,40,Durham,34,Gloucestershire,2023-07-11T18:39:34Z,4,False,,,,455,Josh Shaw,2672,Brydon Carse,2675,Migael Pretorius,277,202,Long On,6,0,6,6,,LengthBall,Null,NotOut,HitHard,0,Slog,Null,Over,Fast,Right,Null,NotReferred,Null,False,False,False,False,True,False,25,False,False,False,False,False,False,6,0,0,0,0,False,True
785071,86,4.74,16.0,0.0,0.0,408.0,7.0,16.0,30340,,15911,County Championship Division Two 2023,2,40,Durham,34,Gloucestershire,2023-07-11T18:40:27Z,5,False,,,,455,Josh Shaw,2672,Brydon Carse,2675,Migael Pretorius,282,122,Mid On,1,0,1,1,,LengthBall,Null,NotOut,Played,0,Drive,Null,Over,Fast,Right,Null,NotReferred,Null,False,False,False,False,False,False,25,False,False,False,False,False,False,1,0,0,0,0,False,False
785071,86,4.74,16.0,0.0,0.0,408.0,7.0,16.0,30340,,15911,County Championship Division Two 2023,2,40,Durham,34,Gloucestershire,2023-07-11T18:41:04Z,6,False,,,,455,Josh Shaw,2675,Migael Pretorius,2672,Brydon Carse,190,193,Deep Cover,4,0,4,4,,LengthBall,Null,NotOut,HitHard,0,Drive,Null,Over,Fast,Right,Null,NotReferred,Null,False,False,False,False,False,False,25,False,False,False,False,False,False,4,0,0,0,0,False,True
785075,87,4.72,3.0,0.0,0.0,411.0,7.0,3.0,30340,,15911,County Championship Division Two 2023,2,40,Durham,34,Gloucestershire,2023-07-11T18:42:26Z,1,False,,,,44,Matt Taylor,2672,Brydon Carse,2675,Migael Pretorius,181,76,Point,1,0,1,1,,LengthBall,Null,NotOut,Played,0,Dropped,Null,Round,Fast,Left,Null,NotReferred,Null,False,False,False,False,False,False,10,False,False,False,False,False,False,1,0,0,0,0,False,False
785075,87,4.72,3.0,0.0,0.0,411.0,7.0,3.0,30340,,15911,County Championship Division Two 2023,2,40,Durham,34,Gloucestershire,2023-07-11T18:43:03Z,2,False,,,,44,Matt Taylor,2675,Migael Pretorius,2672,Brydon Carse,90,48,Wicketkeeper,0,0,0,0,,Short,Null,NotOut,NoShot,0,Leave,Null,Round,Fast,Left,Null,NotReferred,Null,False,False,False,False,False,False,10,False,False,False,False,False,False,0,0,0,0,0,False,False
785075,87,4.72,3.0,0.0,0.0,411.0,7.0,3.0,30340,,15911,County Championship Division Two 2023,2,40,Durham,34,Gloucestershire,2023-07-11T18:43:40Z,3,False,,,,44,Matt Taylor,2675,Migael Pretorius,2672,Brydon Carse,188,115,Point,1,0,1,1,,LengthBall,Null,NotOut,Played,0,Pushed,Null,Round,Fast,Left,Null,NotReferred,Null,False,False,False,False,False,False,10,False,False,False,False,False,False,1,0,0,0,0,False,False
785075,87,4.72,3.0,0.0,0.0,411.0,7.0,3.0,30340,,15911,County Championship Division Two 2023,2,40,Durham,34,Gloucestershire,2023-07-11T18:44:14Z,4,False,,,,44,Matt Taylor,2672,Brydon Carse,2675,Migael Pretorius,204,47,Short Extra Cover,0,0,0,0,,LengthBall,Null,NotOut,Played,0,ForwardDefensive,Null,Round,Fast,Left,Null,NotReferred,Null,False,False,False,False,False,False,10,False,False,False,False,False,False,0,0,0,0,0,False,False
785075,87,4.72,3.0,0.0,0.0,411.0,7.0,3.0,30340,,15911,County Championship Division Two 2023,2,40,Durham,34,Gloucestershire,2023-07-11T18:44:44Z,5,False,,,,44,Matt Taylor,2672,Brydon Carse,2675,Migael Pretorius,180,92,Point,1,0,1,1,,LengthBall,Null,NotOut,Played,0,Pushed,Null,Round,Fast,Left,Null,NotReferred,Null,False,False,False,False,False,False,10,False,False,False,False,False,False,1,0,0,0,0,False,False
785075,87,4.72,3.0,0.0,0.0,411.0,7.0,3.0,30340,,15911,County Championship Division Two 2023,2,40,Durham,34,Gloucestershire,2023-07-11T18:45:29Z,6,False,,,,44,Matt Taylor,2675,Migael Pretorius,2672,Brydon Carse,90,48,Wicketkeeper,0,0,0,0,,Short,Null,NotOut,MissedLegSide,0,Pull,Null,Round,Fast,Left,Null,NotReferred,Null,False,False,False,False,False,False,10,False,False,False,False,False,False,0,0,0,0,0,False,False
785078,88,4.84,15.0,0.0,2.0,426.0,7.0,15.0,30340,,15911,County Championship Division Two 2023,2,40,Durham,34,Gloucestershire,2023-07-11T18:46:50Z,1,False,,,,7784,Dominic Goodman,2672,Brydon Carse,2675,Migael Pretorius,90,48,Wicketkeeper,0,0,0,0,,LengthBall,Null,NotOut,NoShot,0,Leave,Null,Over,Medium,Right,Null,NotReferred,Null,False,False,False,False,False,False,25,False,False,False,False,False,False,0,0,0,0,0,False,False
785078,88,4.84,15.0,0.0,2.0,426.0,7.0,15.0,30340,,15911,County Championship Division Two 2023,2,40,Durham,34,Gloucestershire,2023-07-11T18:47:21Z,2,False,,,,7784,Dominic Goodman,2672,Brydon Carse,2675,Migael Pretorius,311,198,Long On,4,0,4,4,,LengthBall,Null,NotOut,MisTimed,0,Slog,Null,Over,Medium,Right,Null,NotReferred,Null,False,False,False,False,False,False,25,False,False,False,False,False,False,4,0,0,0,0,False,True
785078,88,4.84,15.0,0.0,2.0,426.0,7.0,15.0,30340,,15911,County Championship Division Two 2023,2,40,Durham,34,Gloucestershire,2023-07-11T18:48:11Z,3,False,,,,7784,Dominic Goodman,2672,Brydon Carse,2675,Migael Pretorius,90,48,Wicketkeeper,2,2,2,0,,LengthBall,Null,NotOut,NoShot,0,Leave,Null,Over,Medium,Right,Null,NotReferred,FrontFoot,False,True,False,False,False,False,25,False,False,False,False,False,False,0,0,0,0,2,False,False
785078,88,4.84,15.0,0.0,2.0,426.0,7.0,15.0,30340,,15911,County Championship Division Two 2023,2,40,Durham,34,Gloucestershire,2023-07-11T18:48:42Z,3,False,,,,7784,Dominic Goodman,2672,Brydon Carse,2675,Migael Pretorius,358,76,Square Leg,1,0,1,1,,LengthBall,Null,NotOut,Played,0,Worked,Null,Over,Medium,Right,Null,NotReferred,Null,False,False,False,False,False,False,25,False,False,False,False,False,False,1,0,0,0,0,False,False
785078,88,4.84,15.0,0.0,2.0,426.0,7.0,15.0,30340,,15911,County Championship Division Two 2023,2,40,Durham,34,Gloucestershire,2023-07-11T18:49:16Z,4,False,,,,7784,Dominic Goodman,2675,Migael Pretorius,2672,Brydon Carse,216,56,Short Extra Cover,0,0,0,0,,LengthBall,Null,NotOut,Played,0,ForwardDefensive,Null,Over,Medium,Right,Null,NotReferred,Null,False,False,False,False,False,False,25,False,False,False,False,False,False,0,0,0,0,0,False,False
785078,88,4.84,15.0,0.0,2.0,426.0,7.0,15.0,30340,,15911,County Championship Division Two 2023,2,40,Durham,34,Gloucestershire,2023-07-11T18:49:44Z,5,False,,,,7784,Dominic Goodman,2675,Migael Pretorius,2672,Brydon Carse,208,191,Deep Extra Cover,4,0,4,4,,LengthBall,Null,NotOut,HitHard,0,Drive,Null,Over,Medium,Right,Null,NotReferred,Null,False,False,False,False,True,False,25,False,False,False,False,False,False,4,0,0,0,0,False,False
785078,88,4.84,15.0,0.0,2.0,426.0,7.0,15.0,30340,,15911,County Championship Division Two 2023,2,40,Durham,34,Gloucestershire,2023-07-11T18:50:30Z,6,False,,,,7784,Dominic Goodman,2675,Migael Pretorius,2672,Brydon Carse,223,194,Deep Extra Cover,4,0,4,4,,LengthBall,Null,NotOut,HitHard,0,Slog,Null,Over,Medium,Right,Null,NotReferred,Null,False,False,False,False,True,False,25,False,False,False,False,False,False,4,0,0,0,0,False,False
785080,89,4.83,4.0,0.0,0.0,430.0,7.0,4.0,30340,,15911,County Championship Division Two 2023,2,40,Durham,34,Gloucestershire,2023-07-11T18:52:06Z,1,False,,,,4202,Zafar Gohar,2672,Brydon Carse,2675,Migael Pretorius,247,160,Long Off,1,0,1,1,,LengthBall,Null,NotOut,Played,0,Drive,Null,Round,Orthodox,Left,Null,NotReferred,Null,False,False,False,False,False,False,10,False,False,False,False,False,False,1,0,0,0,0,False,False
785080,89,4.83,4.0,0.0,0.0,430.0,7.0,4.0,30340,,15911,County Championship Division Two 2023,2,40,Durham,34,Gloucestershire,2023-07-11T18:52:29Z,2,False,,,,4202,Zafar Gohar,2675,Migael Pretorius,2672,Brydon Carse,217,165,Deep Extra Cover,1,0,1,1,,LengthBall,Null,NotOut,Played,0,Drive,Null,Round,Orthodox,Left,Null,NotReferred,Null,False,False,False,False,False,False,10,False,False,False,False,False,False,1,0,0,0,0,False,False
785080,89,4.83,4.0,0.0,0.0,430.0,7.0,4.0,30340,,15911,County Championship Division Two 2023,2,40,Durham,34,Gloucestershire,2023-07-11T18:52:57Z,3,False,,,,4202,Zafar Gohar,2672,Brydon Carse,2675,Migael Pretorius,90,48,Wicketkeeper,0,0,0,0,,LengthBall,Null,NotOut,NoShot,0,Leave,Null,Round,Orthodox,Left,Null,NotReferred,Null,False,False,False,False,False,False,10,False,False,False,False,False,False,0,0,0,0,0,False,False
785080,89,4.83,4.0,0.0,0.0,430.0,7.0,4.0,30340,,15911,County Championship Division Two 2023,2,40,Durham,34,Gloucestershire,2023-07-11T18:53:11Z,4,False,,,,4202,Zafar Gohar,2672,Brydon Carse,2675,Migael Pretorius,13,96,Backward Square Leg,1,0,1,1,,FullToss,Null,NotOut,Played,0,Worked,Null,Round,Orthodox,Left,Null,NotReferred,Null,False,False,False,False,False,False,10,False,False,False,False,False,False,1,0,0,0,0,False,False
785080,89,4.83,4.0,0.0,0.0,430.0,7.0,4.0,30340,,15911,County Championship Division Two 2023,2,40,Durham,34,Gloucestershire,2023-07-11T18:53:37Z,5,False,,,,4202,Zafar Gohar,2675,Migael Pretorius,2672,Brydon Carse,222,166,Deep Extra Cover,1,0,1,1,,LengthBall,Null,NotOut,Played,0,Drive,Null,Round,Orthodox,Left,Null,NotReferred,Null,False,False,False,False,False,False,10,False,False,False,False,False,False,1,0,0,0,0,False,False
785080,89,4.83,4.0,0.0,0.0,430.0,7.0,4.0,30340,,15911,County Championship Division Two 2023,2,40,Durham,34,Gloucestershire,2023-07-11T18:53:58Z,6,False,,,,4202,Zafar Gohar,2672,Brydon Carse,2675,Migael Pretorius,196,71,Cover,0,0,0,0,,LengthBall,Null,NotOut,Played,0,ForwardDefensive,Null,Round,Orthodox,Left,Null,NotReferred,Null,False,False,False,False,False,False,10,False,False,False,False,False,False,0,0,0,0,0,False,False
785081,90,4.8,2.0,1.0,0.0,432.0,8.0,2.0,30340,,15911,County Championship Division Two 2023,2,40,Durham,34,Gloucestershire,2023-07-11T18:55:07Z,1,False,,,,7784,Dominic Goodman,2675,Migael Pretorius,2672,Brydon Carse,187,142,Deep Point,1,0,1,1,,LengthBall,Null,NotOut,Played,0,Drive,Null,Over,Medium,Right,Null,NotReferred,Null,False,False,False,False,False,False,25,False,False,False,False,False,False,1,0,0,0,0,False,False
785081,90,4.8,2.0,1.0,0.0,432.0,8.0,2.0,30340,,15911,County Championship Division Two 2023,2,40,Durham,34,Gloucestershire,2023-07-11T18:55:49Z,2,False,,,,7784,Dominic Goodman,2672,Brydon Carse,2675,Migael Pretorius,188,144,Deep Point,1,0,1,1,,LengthBall,Null,NotOut,Played,0,Drive,Null,Over,Medium,Right,Null,NotReferred,Null,False,False,False,False,False,False,25,False,False,False,False,False,False,1,0,0,0,0,False,False
785081,90,4.8,2.0,1.0,0.0,432.0,8.0,2.0,30340,,15911,County Championship Division Two 2023,2,40,Durham,34,Gloucestershire,2023-07-11T18:56:22Z,3,False,,,,7784,Dominic Goodman,2675,Migael Pretorius,2672,Brydon Carse,293,94,Mid On,0,0,0,0,,LengthBall,Null,NotOut,Played,0,Drive,Null,Over,Medium,Right,Null,NotReferred,Null,False,False,False,False,False,False,25,False,False,False,False,False,False,0,0,0,0,0,False,False
785081,90,4.8,2.0,1.0,0.0,432.0,8.0,2.0,30340,,15911,County Championship Division Two 2023,2,40,Durham,34,Gloucestershire,2023-07-11T18:56:53Z,4,True,Bowled,2675.0,Migael Pretorius,7784,Dominic Goodman,2675,Migael Pretorius,2672,Brydon Carse,0,0,,0,0,0,0,Bowled,LengthBall,Null,NotOut,Edged,0,Drive,Null,Over,Medium,Right,Out1stUmpire,NotReferred,Null,False,False,False,False,False,False,25,False,False,False,False,False,False,0,0,0,0,0,False,False
785081,90,4.8,2.0,1.0,0.0,432.0,8.0,2.0,30340,,15911,County Championship Division Two 2023,2,40,Durham,34,Gloucestershire,2023-07-11T18:58:53Z,5,False,,,,7784,Dominic Goodman,2673,Matthew Potts,2672,Brydon Carse,315,73,Mid Wicket,0,0,0,0,,LengthBall,Null,NotOut,Played,0,ForwardDefensive,Null,Over,Medium,Right,Null,NotReferred,Null,False,False,False,False,False,False,25,False,False,False,False,False,False,0,0,0,0,0,False,False
785081,90,4.8,2.0,1.0,0.0,432.0,8.0,2.0,30340,,15911,County Championship Division Two 2023,2,40,Durham,34,Gloucestershire,2023-07-11T18:59:25Z,6,False,,,,7784,Dominic Goodman,2673,Matthew Potts,2672,Brydon Carse,200,54,Point,0,0,0,0,,LengthBall,Null,NotOut,Played,0,ForwardDefensive,Null,Over,Medium,Right,Null,NotReferred,Null,False,False,False,False,False,False,25,False,False,False,False,False,False,0,0,0,0,0,False,False
785082,91,4.76,1.0,0.0,0.0,433.0,8.0,1.0,30340,,15911,County Championship Division Two 2023,2,40,Durham,34,Gloucestershire,2023-07-11T19:00:14Z,1,False,,,,4202,Zafar Gohar,2672,Brydon Carse,2673,Matthew Potts,319,30,Short Leg,0,0,0,0,,LengthBall,Null,NotOut,Played,0,ForwardDefensive,Null,Round,Orthodox,Left,Null,NotReferred,Null,False,False,False,False,False,False,10,False,False,False,False,False,False,0,0,0,0,0,False,False
785082,91,4.76,1.0,0.0,0.0,433.0,8.0,1.0,30340,,15911,County Championship Division Two 2023,2,40,Durham,34,Gloucestershire,2023-07-11T19:00:36Z,2,False,,,,4202,Zafar Gohar,2672,Brydon Carse,2673,Matthew Potts,214,42,Short Extra Cover,0,0,0,0,,LengthBall,Null,NotOut,Played,0,BackwardDefensive,Null,Round,Orthodox,Left,Null,NotReferred,Null,False,False,False,False,False,False,10,False,False,False,False,False,False,0,0,0,0,0,False,False
785082,91,4.76,1.0,0.0,0.0,433.0,8.0,1.0,30340,,15911,County Championship Division Two 2023,2,40,Durham,34,Gloucestershire,2023-07-11T19:00:53Z,3,False,,,,4202,Zafar Gohar,2672,Brydon Carse,2673,Matthew Potts,90,48,Wicketkeeper,0,0,0,0,,LengthBall,Null,NotOut,NoShot,0,Leave,Null,Round,Orthodox,Left,Null,NotReferred,Null,False,False,False,False,False,False,10,False,False,False,False,False,False,0,0,0,0,0,False,False
785082,91,4.76,1.0,0.0,0.0,433.0,8.0,1.0,30340,,15911,County Championship Division Two 2023,2,40,Durham,34,Gloucestershire,2023-07-11T19:01:09Z,4,False,,,,4202,Zafar Gohar,2672,Brydon Carse,2673,Matthew Potts,317,56,Short Mid Wicket,0,0,0,0,,LengthBall,Null,NotOut,Played,0,ForwardDefensive,Null,Round,Orthodox,Left,Null,NotReferred,Null,False,False,False,False,False,False,10,False,False,False,False,False,False,0,0,0,0,0,False,False
785082,91,4.76,1.0,0.0,0.0,433.0,8.0,1.0,30340,,15911,County Championship Division Two 2023,2,40,Durham,34,Gloucestershire,2023-07-11T19:01:53Z,5,False,,,,4202,Zafar Gohar,2672,Brydon Carse,2673,Matthew Potts,329,23,Short Leg,0,0,0,0,,LengthBall,Null,NotOut,Played,0,ForwardDefensive,Null,Over,Orthodox,Left,Null,NotReferred,Null,False,False,False,False,False,False,10,False,False,False,False,False,False,0,0,0,0,0,False,False
785082,91,4.76,1.0,0.0,0.0,433.0,8.0,1.0,30340,,15911,County Championship Division Two 2023,2,40,Durham,34,Gloucestershire,2023-07-11T19:02:15Z,6,False,,,,4202,Zafar Gohar,2672,Brydon Carse,2673,Matthew Potts,30,97,Backward Square Leg,1,0,1,1,,LengthBall,Null,NotOut,Played,0,Worked,Null,Over,Orthodox,Left,Null,NotReferred,Null,False,False,False,False,False,False,10,False,False,False,False,False,False,1,0,0,0,0,False,False
785142,92,4.73,2.0,0.0,0.0,435.0,8.0,2.0,30340,,15911,County Championship Division Two 2023,2,40,Durham,34,Gloucestershire,2023-07-12T11:14:59Z,1,False,,,,44,Matt Taylor,2672,Brydon Carse,2673,Matthew Potts,215,61,Short Extra Cover,0,0,0,0,,LengthBall,Null,NotOut,Played,0,ForwardDefensive,Null,Round,Fast,Left,Null,NotReferred,Null,False,False,False,False,False,False,25,False,False,False,False,False,False,0,0,0,0,0,False,False
785142,92,4.73,2.0,0.0,0.0,435.0,8.0,2.0,30340,,15911,County Championship Division Two 2023,2,40,Durham,34,Gloucestershire,2023-07-12T11:15:34Z,2,False,,,,44,Matt Taylor,2672,Brydon Carse,2673,Matthew Potts,230,57,Short Extra Cover,0,0,0,0,,LengthBall,Null,NotOut,Played,0,ForwardDefensive,Null,Round,Fast,Left,Null,NotReferred,Null,False,False,False,False,False,False,25,False,False,False,False,False,False,0,0,0,0,0,False,False
785142,92,4.73,2.0,0.0,0.0,435.0,8.0,2.0,30340,,15911,County Championship Division Two 2023,2,40,Durham,34,Gloucestershire,2023-07-12T11:16:09Z,3,False,,,,44,Matt Taylor,2672,Brydon Carse,2673,Matthew Potts,169,140,Deep Backward Point,1,0,1,1,,LengthBall,Null,NotOut,Played,0,Pushed,Null,Round,Fast,Left,Null,NotReferred,Null,False,False,False,False,False,False,25,False,False,False,False,False,False,1,0,0,0,0,False,False
785142,92,4.73,2.0,0.0,0.0,435.0,8.0,2.0,30340,,15911,County Championship Division Two 2023,2,40,Durham,34,Gloucestershire,2023-07-12T11:16:48Z,4,False,,,,44,Matt Taylor,2673,Matthew Potts,2672,Brydon Carse,229,42,Short Extra Cover,0,0,0,0,,LengthBall,Null,NotOut,Played,0,ForwardDefensive,Null,Round,Fast,Left,Null,NotReferred,Null,False,False,False,False,False,False,25,False,False,False,False,False,False,0,0,0,0,0,False,False
785142,92,4.73,2.0,0.0,0.0,435.0,8.0,2.0,30340,,15911,County Championship Division Two 2023,2,40,Durham,34,Gloucestershire,2023-07-12T11:17:21Z,5,False,,,,44,Matt Taylor,2673,Matthew Potts,2672,Brydon Carse,242,103,Mid Off,0,0,0,0,,LengthBall,Null,NotOut,Played,0,Drive,Null,Round,Fast,Left,Null,NotReferred,Null,False,False,False,False,False,False,25,False,False,False,False,False,False,0,0,0,0,0,False,False
785142,92,4.73,2.0,0.0,0.0,435.0,8.0,2.0,30340,,15911,County Championship Division Two 2023,2,40,Durham,34,Gloucestershire,2023-07-12T11:17:52Z,6,False,,,,44,Matt Taylor,2673,Matthew Potts,2672,Brydon Carse,18,145,Deep Backward Square Leg,1,0,1,1,,LengthBall,Null,NotOut,Played,0,Worked,Null,Round,Fast,Left,Null,NotReferred,Null,False,False,False,False,False,False,25,False,False,False,False,False,False,1,0,0,0,0,False,False
785149,93,4.68,0.0,0.0,0.0,435.0,8.0,0.0,30340,,15911,County Championship Division Two 2023,2,40,Durham,34,Gloucestershire,2023-07-12T11:19:14Z,1,False,,,,2503,Zaman Akhter,2673,Matthew Potts,2672,Brydon Carse,90,48,Wicketkeeper,0,0,0,0,,LengthBall,Null,NotOut,Missed,0,ForwardDefensive,Null,Over,Fast,Right,Null,NotReferred,Null,False,False,False,False,False,False,10,False,False,False,False,False,False,0,0,0,0,0,False,False
785149,93,4.68,0.0,0.0,0.0,435.0,8.0,0.0,30340,,15911,County Championship Division Two 2023,2,40,Durham,34,Gloucestershire,2023-07-12T11:19:44Z,2,False,,,,2503,Zaman Akhter,2673,Matthew Potts,2672,Brydon Carse,221,37,Short Extra Cover,0,0,0,0,,LengthBall,Null,NotOut,Played,0,ForwardDefensive,Null,Over,Fast,Right,Null,NotReferred,Null,False,False,False,False,False,False,10,False,False,False,False,False,False,0,0,0,0,0,False,False
785149,93,4.68,0.0,0.0,0.0,435.0,8.0,0.0,30340,,15911,County Championship Division Two 2023,2,40,Durham,34,Gloucestershire,2023-07-12T11:20:13Z,3,False,,,,2503,Zaman Akhter,2673,Matthew Potts,2672,Brydon Carse,270,40,Bowler,0,0,0,0,,LengthBall,Null,NotOut,Played,0,ForwardDefensive,Null,Over,Fast,Right,Null,NotReferred,Null,False,False,False,False,False,False,10,False,False,False,False,False,False,0,0,0,0,0,False,False
785149,93,4.68,0.0,0.0,0.0,435.0,8.0,0.0,30340,,15911,County Championship Division Two 2023,2,40,Durham,34,Gloucestershire,2023-07-12T11:20:42Z,4,False,,,,2503,Zaman Akhter,2673,Matthew Potts,2672,Brydon Carse,223,48,Short Extra Cover,0,0,0,0,,LengthBall,Null,NotOut,Played,0,ForwardDefensive,Null,Over,Fast,Right,Null,NotReferred,Null,False,False,False,False,False,False,10,False,False,False,False,False,False,0,0,0,0,0,False,False
785149,93,4.68,0.0,0.0,0.0,435.0,8.0,0.0,30340,,15911,County Championship Division Two 2023,2,40,Durham,34,Gloucestershire,2023-07-12T11:21:20Z,5,False,,,,2503,Zaman Akhter,2673,Matthew Potts,2672,Brydon Carse,4,55,Leg Gully,0,0,0,0,,LengthBall,Null,NotOut,Played,0,Worked,Null,Over,Fast,Right,Null,NotReferred,Null,False,False,False,False,False,False,10,False,False,False,False,False,False,0,0,0,0,0,False,False
785149,93,4.68,0.0,0.0,0.0,435.0,8.0,0.0,30340,,15911,County Championship Division Two 2023,2,40,Durham,34,Gloucestershire,2023-07-12T11:21:49Z,6,False,,,,2503,Zaman Akhter,2673,Matthew Potts,2672,Brydon Carse,90,48,Wicketkeeper,0,0,0,0,,Short,Null,NotOut,NoShot,0,Leave,Null,Over,Fast,Right,Null,NotReferred,Null,False,False,False,False,False,False,10,False,False,False,False,False,False,0,0,0,0,0,False,False
785156,94,4.65,2.0,1.0,0.0,437.0,9.0,2.0,30340,,15911,County Championship Division Two 2023,2,40,Durham,34,Gloucestershire,2023-07-12T11:22:41Z,1,False,,,,44,Matt Taylor,2672,Brydon Carse,2673,Matthew Potts,249,92,Mid Off,0,0,0,0,,LengthBall,Null,NotOut,Played,0,ForwardDefensive,Null,Round,Fast,Left,Null,NotReferred,Null,False,False,False,False,False,False,25,False,False,False,False,False,False,0,0,0,0,0,False,False
785156,94,4.65,2.0,1.0,0.0,437.0,9.0,2.0,30340,,15911,County Championship Division Two 2023,2,40,Durham,34,Gloucestershire,2023-07-12T11:23:09Z,2,False,,,,44,Matt Taylor,2672,Brydon Carse,2673,Matthew Potts,148,137,Third Man,1,0,1,1,,LengthBall,Null,NotOut,Played,0,Steer,Null,Round,Fast,Left,Null,NotReferred,Null,False,False,False,False,False,False,25,False,False,False,False,False,False,1,0,0,0,0,False,False
785156,94,4.65,2.0,1.0,0.0,437.0,9.0,2.0,30340,,15911,County Championship Division Two 2023,2,40,Durham,34,Gloucestershire,2023-07-12T11:23:56Z,3,False,,,,44,Matt Taylor,2673,Matthew Potts,2672,Brydon Carse,310,45,Short Mid Wicket,0,0,0,0,,LengthBall,Null,NotOut,Played,0,ForwardDefensive,Null,Round,Fast,Left,Null,NotReferred,Null,False,False,False,False,False,False,25,False,False,False,False,False,False,0,0,0,0,0,False,False
785156,94,4.65,2.0,1.0,0.0,437.0,9.0,2.0,30340,,15911,County Championship Division Two 2023,2,40,Durham,34,Gloucestershire,2023-07-12T11:24:28Z,4,False,,,,44,Matt Taylor,2673,Matthew Potts,2672,Brydon Carse,216,49,Short Extra Cover,0,0,0,0,,LengthBall,Null,NotOut,Played,0,ForwardDefensive,Null,Round,Fast,Left,Null,NotReferred,Null,False,False,False,False,False,False,25,False,False,False,False,False,False,0,0,0,0,0,False,False
785156,94,4.65,2.0,1.0,0.0,437.0,9.0,2.0,30340,,15911,County Championship Division Two 2023,2,40,Durham,34,Gloucestershire,2023-07-12T11:25:01Z,5,False,,,,44,Matt Taylor,2673,Matthew Potts,2672,Brydon Carse,133,150,Third Man,1,0,1,1,,Short,Null,NotOut,Played,0,Steer,Null,Round,Fast,Left,Null,NotReferred,Null,False,False,False,False,False,False,25,False,False,False,False,False,False,1,0,0,0,0,False,False
785156,94,4.65,2.0,1.0,0.0,437.0,9.0,2.0,30340,,15911,County Championship Division Two 2023,2,40,Durham,34,Gloucestershire,2023-07-12T11:25:45Z,6,True,Bowled,2672.0,Brydon Carse,44,Matt Taylor,2672,Brydon Carse,2673,Matthew Potts,0,0,,0,0,0,0,Bowled,LengthBall,Null,NotOut,Missed,0,ForwardDefensive,Null,Round,Fast,Left,Out1stUmpire,NotReferred,Null,False,False,False,False,False,False,25,False,False,False,False,False,False,0,0,0,0,0,False,False
785164,95,4.62,2.0,0.0,0.0,439.0,9.0,2.0,30340,,15911,County Championship Division Two 2023,2,40,Durham,34,Gloucestershire,2023-07-12T11:27:38Z,1,False,,,,2503,Zaman Akhter,2673,Matthew Potts,248,Matt Parkinson,173,17,Silly Point,0,0,0,0,,LengthBall,Null,NotOut,Played,0,Dropped,Null,Over,Fast,Right,Null,NotReferred,Null,False,False,False,False,False,False,10,False,False,False,False,False,False,0,0,0,0,0,False,False
785164,95,4.62,2.0,0.0,0.0,439.0,9.0,2.0,30340,,15911,County Championship Division Two 2023,2,40,Durham,34,Gloucestershire,2023-07-12T11:28:15Z,2,False,,,,2503,Zaman Akhter,2673,Matthew Potts,248,Matt Parkinson,153,139,Third Man,1,0,1,1,,LengthBall,Null,NotOut,Played,0,Steer,Null,Over,Fast,Right,Null,NotReferred,Null,False,False,False,False,False,False,10,False,False,False,False,False,False,1,0,0,0,0,False,False
785164,95,4.62,2.0,0.0,0.0,439.0,9.0,2.0,30340,,15911,County Championship Division Two 2023,2,40,Durham,34,Gloucestershire,2023-07-12T11:28:54Z,3,False,,,,2503,Zaman Akhter,248,Matt Parkinson,2673,Matthew Potts,185,93,Point,0,0,0,0,,LengthBall,Null,NotOut,Played,0,Pushed,Null,Over,Fast,Right,Null,NotReferred,Null,False,False,False,False,False,False,10,False,False,False,False,False,False,0,0,0,0,0,False,False
785164,95,4.62,2.0,0.0,0.0,439.0,9.0,2.0,30340,,15911,County Championship Division Two 2023,2,40,Durham,34,Gloucestershire,2023-07-12T11:29:28Z,4,False,,,,2503,Zaman Akhter,248,Matt Parkinson,2673,Matthew Potts,207,153,Deep Cover,1,0,1,1,,LengthBall,Null,NotOut,Played,0,Pushed,Null,Over,Fast,Right,Null,NotReferred,Null,False,False,False,False,False,False,10,False,False,False,False,False,False,1,0,0,0,0,False,False
785164,95,4.62,2.0,0.0,0.0,439.0,9.0,2.0,30340,,15911,County Championship Division Two 2023,2,40,Durham,34,Gloucestershire,2023-07-12T11:30:02Z,5,False,,,,2503,Zaman Akhter,2673,Matthew Potts,248,Matt Parkinson,239,88,Mid Off,0,0,0,0,,LengthBall,Null,NotOut,Played,0,Glance,Null,Over,Fast,Right,Null,NotReferred,Null,False,False,False,False,False,False,10,False,False,False,False,False,False,0,0,0,0,0,False,False
785164,95,4.62,2.0,0.0,0.0,439.0,9.0,2.0,30340,,15911,County Championship Division Two 2023,2,40,Durham,34,Gloucestershire,2023-07-12T11:30:32Z,6,False,,,,2503,Zaman Akhter,2673,Matthew Potts,248,Matt Parkinson,90,48,Wicketkeeper,0,0,0,0,,LengthBall,Null,NotOut,MissedLegSide,0,Flick,Null,Over,Fast,Right,Null,NotReferred,Null,False,False,False,False,False,False,10,False,False,False,False,False,False,0,0,0,0,0,False,False
785170,96,4.58,1.0,0.0,0.0,440.0,9.0,1.0,30340,,15911,County Championship Division Two 2023,2,40,Durham,34,Gloucestershire,2023-07-12T11:31:34Z,1,False,,,,44,Matt Taylor,248,Matt Parkinson,2673,Matthew Potts,214,59,Short Extra Cover,0,0,0,0,,LengthBall,Null,NotOut,Played,0,ForwardDefensive,Null,Round,Fast,Left,Null,NotReferred,Null,False,False,False,False,False,False,25,False,False,False,False,False,False,0,0,0,0,0,False,False
785170,96,4.58,1.0,0.0,0.0,440.0,9.0,1.0,30340,,15911,County Championship Division Two 2023,2,40,Durham,34,Gloucestershire,2023-07-12T11:32:09Z,2,False,,,,44,Matt Taylor,248,Matt Parkinson,2673,Matthew Potts,223,60,Short Extra Cover,0,0,0,0,,LengthBall,Null,NotOut,Played,0,ForwardDefensive,Null,Round,Fast,Left,Null,NotReferred,Null,False,False,False,False,False,False,25,False,False,False,False,False,False,0,0,0,0,0,False,False
785170,96,4.58,1.0,0.0,0.0,440.0,9.0,1.0,30340,,15911,County Championship Division Two 2023,2,40,Durham,34,Gloucestershire,2023-07-12T11:32:42Z,3,False,,,,44,Matt Taylor,248,Matt Parkinson,2673,Matthew Potts,3,55,Leg Gully,0,0,0,0,,LengthBall,Null,NotOut,Played,0,Worked,Null,Round,Fast,Left,Null,NotReferred,Null,False,False,False,False,False,False,25,False,False,False,False,False,False,0,0,0,0,0,False,False
785170,96,4.58,1.0,0.0,0.0,440.0,9.0,1.0,30340,,15911,County Championship Division Two 2023,2,40,Durham,34,Gloucestershire,2023-07-12T11:33:18Z,4,False,,,,44,Matt Taylor,248,Matt Parkinson,2673,Matthew Potts,90,48,Wicketkeeper,0,0,0,0,,Short,Null,NotOut,NoShot,0,Leave,Null,Round,Fast,Left,Null,NotReferred,Null,False,False,False,False,False,False,25,False,False,False,False,False,False,0,0,0,0,0,False,False
785170,96,4.58,1.0,0.0,0.0,440.0,9.0,1.0,30340,,15911,County Championship Division Two 2023,2,40,Durham,34,Gloucestershire,2023-07-12T11:33:51Z,5,False,,,,44,Matt Taylor,248,Matt Parkinson,2673,Matthew Potts,328,84,Mid Wicket,0,0,0,0,,LengthBall,Null,NotOut,Played,0,Worked,Null,Round,Fast,Left,Null,NotReferred,Null,False,False,False,False,False,False,25,False,False,False,False,False,False,0,0,0,0,0,False,False
785170,96,4.58,1.0,0.0,0.0,440.0,9.0,1.0,30340,,15911,County Championship Division Two 2023,2,40,Durham,34,Gloucestershire,2023-07-12T11:34:30Z,6,False,,,,44,Matt Taylor,248,Matt Parkinson,2673,Matthew Potts,8,136,Deep Square Leg,1,0,1,1,,LengthBall,Null,NotOut,Played,0,Worked,Null,Round,Fast,Left,Null,NotReferred,Null,False,False,False,False,False,False,25,False,False,False,False,False,False,1,0,0,0,0,False,False
785177,97,4.54,0.0,0.0,0.0,440.0,9.0,0.0,30340,,15911,County Championship Division Two 2023,2,40,Durham,34,Gloucestershire,2023-07-12T11:35:23Z,1,False,,,,2503,Zaman Akhter,248,Matt Parkinson,2673,Matthew Potts,90,48,Wicketkeeper,0,0,0,0,,Short,Null,NotOut,NoShot,0,Leave,Null,Over,Fast,Right,Null,NotReferred,Null,False,False,False,False,False,False,10,False,False,False,False,False,False,0,0,0,0,0,False,False
785177,97,4.54,0.0,0.0,0.0,440.0,9.0,0.0,30340,,15911,County Championship Division Two 2023,2,40,Durham,34,Gloucestershire,2023-07-12T11:35:55Z,2,False,,,,2503,Zaman Akhter,248,Matt Parkinson,2673,Matthew Potts,90,48,Wicketkeeper,0,0,0,0,,LengthBall,Null,NotOut,NoShot,0,Leave,Null,Over,Fast,Right,Null,NotReferred,Null,False,False,False,False,False,False,10,False,False,False,False,False,False,0,0,0,0,0,False,False
785177,97,4.54,0.0,0.0,0.0,440.0,9.0,0.0,30340,,15911,County Championship Division Two 2023,2,40,Durham,34,Gloucestershire,2023-07-12T11:36:25Z,3,False,,,,2503,Zaman Akhter,248,Matt Parkinson,2673,Matthew Potts,344,15,Short Leg,0,0,0,0,,LengthBall,Null,NotOut,HitPad,0,ForwardDefensive,Null,Over,Fast,Right,Null,NotReferred,Null,False,False,False,False,False,False,10,False,False,False,False,False,False,0,0,0,0,0,False,False
785177,97,4.54,0.0,0.0,0.0,440.0,9.0,0.0,30340,,15911,County Championship Division Two 2023,2,40,Durham,34,Gloucestershire,2023-07-12T11:36:55Z,4,False,,,,2503,Zaman Akhter,248,Matt Parkinson,2673,Matthew Potts,90,48,Wicketkeeper,0,0,0,0,,Short,Null,NotOut,NoShot,0,Leave,Null,Over,Fast,Right,Null,NotReferred,Null,False,False,False,False,False,False,10,False,False,False,False,False,False,0,0,0,0,0,False,False
785177,97,4.54,0.0,0.0,0.0,440.0,9.0,0.0,30340,,15911,County Championship Division Two 2023,2,40,Durham,34,Gloucestershire,2023-07-12T11:37:26Z,5,False,,,,2503,Zaman Akhter,248,Matt Parkinson,2673,Matthew Potts,90,48,Wicketkeeper,0,0,0,0,,LengthBall,Null,NotOut,HitPad,0,Flick,Null,Over,Fast,Right,Null,NotReferred,Null,False,False,False,False,False,False,10,False,False,False,False,False,False,0,0,0,0,0,False,False
785177,97,4.54,0.0,0.0,0.0,440.0,9.0,0.0,30340,,15911,County Championship Division Two 2023,2,40,Durham,34,Gloucestershire,2023-07-12T11:37:59Z,6,False,,,,2503,Zaman Akhter,248,Matt Parkinson,2673,Matthew Potts,352,78,Mid Wicket,0,0,0,0,,LengthBall,Null,NotOut,MisTimed,0,Drive,Null,Over,Fast,Right,Null,NotReferred,Null,False,False,False,False,False,False,10,False,False,False,False,False,False,0,0,0,0,0,False,False
785184,98,4.51,2.0,0.0,0.0,442.0,9.0,2.0,30340,,15911,County Championship Division Two 2023,2,40,Durham,34,Gloucestershire,2023-07-12T11:39:20Z,1,False,,,,44,Matt Taylor,2673,Matthew Potts,248,Matt Parkinson,211,88,Extra Cover,0,0,0,0,,LengthBall,Null,NotOut,Played,0,Drive,Null,Round,Fast,Left,Null,NotReferred,Null,False,False,False,False,False,False,25,False,False,False,False,False,False,0,0,0,0,0,False,False
785184,98,4.51,2.0,0.0,0.0,442.0,9.0,2.0,30340,,15911,County Championship Division Two 2023,2,40,Durham,34,Gloucestershire,2023-07-12T11:39:55Z,2,False,,,,44,Matt Taylor,2673,Matthew Potts,248,Matt Parkinson,15,151,Deep Backward Square Leg,1,0,1,1,,LengthBall,Null,NotOut,Played,0,Worked,Null,Round,Fast,Left,Null,NotReferred,Null,False,False,False,False,False,False,25,False,False,False,False,False,False,1,0,0,0,0,False,False
785184,98,4.51,2.0,0.0,0.0,442.0,9.0,2.0,30340,,15911,County Championship Division Two 2023,2,40,Durham,34,Gloucestershire,2023-07-12T11:40:44Z,3,False,,,,44,Matt Taylor,248,Matt Parkinson,2673,Matthew Potts,90,48,Wicketkeeper,0,0,0,0,,Short,Null,NotOut,NoShot,0,Leave,Null,Round,Fast,Left,Null,NotReferred,Null,False,False,False,False,False,False,25,False,False,False,False,False,False,0,0,0,0,0,False,False
785184,98,4.51,2.0,0.0,0.0,442.0,9.0,2.0,30340,,15911,County Championship Division Two 2023,2,40,Durham,34,Gloucestershire,2023-07-12T11:41:21Z,4,False,,,,44,Matt Taylor,248,Matt Parkinson,2673,Matthew Potts,300,89,Mid On,0,0,0,0,,LengthBall,Null,NotOut,Played,0,ForwardDefensive,Null,Round,Fast,Left,Null,NotReferred,Null,False,False,False,False,False,False,25,False,False,False,False,False,False,0,0,0,0,0,False,False
785184,98,4.51,2.0,0.0,0.0,442.0,9.0,2.0,30340,,15911,County Championship Division Two 2023,2,40,Durham,34,Gloucestershire,2023-07-12T11:41:59Z,5,False,,,,44,Matt Taylor,248,Matt Parkinson,2673,Matthew Potts,217,79,Extra Cover,0,0,0,0,,LengthBall,Null,NotOut,Played,0,Pushed,Null,Round,Fast,Left,Null,NotReferred,Null,False,False,False,False,False,False,25,False,False,False,False,False,False,0,0,0,0,0,False,False
785184,98,4.51,2.0,0.0,0.0,442.0,9.0,2.0,30340,,15911,County Championship Division Two 2023,2,40,Durham,34,Gloucestershire,2023-07-12T11:42:37Z,6,False,,,,44,Matt Taylor,248,Matt Parkinson,2673,Matthew Potts,182,87,Point,1,0,1,1,,LengthBall,Null,NotOut,Played,0,Pushed,Null,Round,Fast,Left,Null,NotReferred,Null,False,False,False,False,False,False,25,False,False,False,False,False,False,1,0,0,0,0,False,False
785190,99,4.48,2.0,0.0,0.0,444.0,9.0,2.0,30340,,15911,County Championship Division Two 2023,2,40,Durham,34,Gloucestershire,2023-07-12T11:43:44Z,1,False,,,,2503,Zaman Akhter,248,Matt Parkinson,2673,Matthew Potts,270,40,Bowler,0,0,0,0,,LengthBall,Null,NotOut,Played,0,Drive,Null,Over,Fast,Right,Null,NotReferred,Null,False,False,False,False,False,False,10,False,False,False,False,False,False,0,0,0,0,0,False,False
785190,99,4.48,2.0,0.0,0.0,444.0,9.0,2.0,30340,,15911,County Championship Division Two 2023,2,40,Durham,34,Gloucestershire,2023-07-12T11:44:14Z,2,False,,,,2503,Zaman Akhter,248,Matt Parkinson,2673,Matthew Potts,282,79,Mid On,0,0,0,0,,LengthBall,Null,NotOut,Played,0,ForwardDefensive,Null,Over,Fast,Right,Null,NotReferred,Null,False,False,False,False,False,False,10,False,False,False,False,False,False,0,0,0,0,0,False,False
785190,99,4.48,2.0,0.0,0.0,444.0,9.0,2.0,30340,,15911,County Championship Division Two 2023,2,40,Durham,34,Gloucestershire,2023-07-12T11:44:45Z,3,False,,,,2503,Zaman Akhter,248,Matt Parkinson,2673,Matthew Potts,294,88,Mid On,0,0,0,0,,Yorker,Null,NotOut,Played,0,Drive,Null,Over,Fast,Right,Null,NotReferred,Null,False,False,False,False,False,False,10,False,False,False,False,False,False,0,0,0,0,0,False,False
785190,99,4.48,2.0,0.0,0.0,444.0,9.0,2.0,30340,,15911,County Championship Division Two 2023,2,40,Durham,34,Gloucestershire,2023-07-12T11:45:20Z,4,False,,,,2503,Zaman Akhter,248,Matt Parkinson,2673,Matthew Potts,90,48,Wicketkeeper,0,0,0,0,,Short,Null,NotOut,NoShot,0,Leave,Null,Over,Fast,Right,Null,NotReferred,Null,False,False,False,False,False,False,10,False,False,False,False,False,False,0,0,0,0,0,False,False
785190,99,4.48,2.0,0.0,0.0,444.0,9.0,2.0,30340,,15911,County Championship Division Two 2023,2,40,Durham,34,Gloucestershire,2023-07-12T11:45:53Z,5,False,,,,2503,Zaman Akhter,248,Matt Parkinson,2673,Matthew Potts,20,144,Deep Backward Square Leg,2,0,2,2,,LengthBall,Null,NotOut,Played,0,Worked,Null,Over,Fast,Right,Null,NotReferred,Null,False,False,False,False,False,False,10,False,False,False,False,False,False,2,0,0,0,0,False,False
785190,99,4.48,2.0,0.0,0.0,444.0,9.0,2.0,30340,,15911,County Championship Division Two 2023,2,40,Durham,34,Gloucestershire,2023-07-12T11:46:40Z,6,False,,,,2503,Zaman Akhter,248,Matt Parkinson,2673,Matthew Potts,292,86,Mid On,0,0,0,0,,LengthBall,Null,NotOut,Played,0,ForwardDefensive,Null,Over,Fast,Right,Null,NotReferred,Null,False,False,False,False,False,False,10,False,False,False,False,False,False,0,0,0,0,0,False,False
785199,100,4.49,5.0,0.0,0.0,449.0,9.0,5.0,30340,,15911,County Championship Division Two 2023,2,40,Durham,34,Gloucestershire,2023-07-12T11:47:57Z,1,False,,,,44,Matt Taylor,2673,Matthew Potts,248,Matt Parkinson,214,59,Short Extra Cover,0,0,0,0,,LengthBall,Null,NotOut,Played,0,ForwardDefensive,Null,Round,Fast,Left,Null,NotReferred,Null,False,False,False,False,False,False,25,False,False,False,False,False,False,0,0,0,0,0,False,False
785199,100,4.49,5.0,0.0,0.0,449.0,9.0,5.0,30340,,15911,County Championship Division Two 2023,2,40,Durham,34,Gloucestershire,2023-07-12T11:48:41Z,2,False,,,,44,Matt Taylor,2673,Matthew Potts,248,Matt Parkinson,201,85,Cover,0,0,0,0,,LengthBall,Null,NotOut,Played,0,Drive,Null,Round,Fast,Left,Null,NotReferred,Null,False,False,False,False,False,False,25,False,False,False,False,False,False,0,0,0,0,0,False,False
785199,100,4.49,5.0,0.0,0.0,449.0,9.0,5.0,30340,,15911,County Championship Division Two 2023,2,40,Durham,34,Gloucestershire,2023-07-12T11:49:12Z,3,False,,,,44,Matt Taylor,2673,Matthew Potts,248,Matt Parkinson,90,48,Wicketkeeper,0,0,0,0,,LengthBall,Null,NotOut,Missed,0,ForwardDefensive,Null,Round,Fast,Left,Null,NotReferred,Null,False,False,False,False,False,False,25,False,False,False,False,False,False,0,0,0,0,0,False,False
785199,100,4.49,5.0,0.0,0.0,449.0,9.0,5.0,30340,,15911,County Championship Division Two 2023,2,40,Durham,34,Gloucestershire,2023-07-12T11:49:47Z,4,False,,,,44,Matt Taylor,2673,Matthew Potts,248,Matt Parkinson,222,190,Deep Extra Cover,4,0,4,4,,LengthBall,Null,NotOut,HitHard,0,Drive,Null,Round,Fast,Left,Null,NotReferred,Null,False,False,False,False,False,False,25,False,False,False,False,False,False,4,0,0,0,0,False,True
785199,100,4.49,5.0,0.0,0.0,449.0,9.0,5.0,30340,,15911,County Championship Division Two 2023,2,40,Durham,34,Gloucestershire,2023-07-12T11:50:36Z,5,False,,,,44,Matt Taylor,2673,Matthew Potts,248,Matt Parkinson,228,48,Short Extra Cover,0,0,0,0,,LengthBall,Null,NotOut,Played,0,ForwardDefensive,Null,Round,Fast,Left,Null,NotReferred,Null,False,False,False,False,False,False,25,False,False,False,False,False,False,0,0,0,0,0,False,False
785199,100,4.49,5.0,0.0,0.0,449.0,9.0,5.0,30340,,15911,County Championship Division Two 2023,2,40,Durham,34,Gloucestershire,2023-07-12T11:51:18Z,6,False,,,,44,Matt Taylor,2673,Matthew Potts,248,Matt Parkinson,338,103,Mid Wicket,1,0,1,1,,LengthBall,Null,NotOut,Played,0,Worked,Null,Round,Fast,Left,Null,NotReferred,Null,False,False,False,False,False,False,25,False,False,False,False,False,False,1,0,0,0,0,False,False
785211,101,4.51,4.0,1.0,0.0,453.0,10.0,4.0,30340,,15911,County Championship Division Two 2023,2,40,Durham,34,Gloucestershire,2023-07-12T11:52:58Z,1,False,,,,7784,Dominic Goodman,2673,Matthew Potts,248,Matt Parkinson,261,86,Mid Off,0,0,0,0,,LengthBall,Null,NotOut,Played,0,Drive,Null,Over,Medium,Right,Null,NotReferred,Null,False,False,False,False,False,False,10,False,False,False,False,False,False,0,0,0,0,0,False,False
785211,101,4.51,4.0,1.0,0.0,453.0,10.0,4.0,30340,,15911,County Championship Division Two 2023,2,40,Durham,34,Gloucestershire,2023-07-12T11:53:32Z,2,False,,,,7784,Dominic Goodman,2673,Matthew Potts,248,Matt Parkinson,312,195,Long On,4,0,4,4,,LengthBall,Null,NotOut,HitHard,0,Drive,Null,Over,Medium,Right,Null,NotReferred,Null,False,False,False,False,False,False,10,False,False,False,False,False,False,4,0,0,0,0,False,True
785211,101,4.51,4.0,1.0,0.0,453.0,10.0,4.0,30340,,15911,County Championship Division Two 2023,2,40,Durham,34,Gloucestershire,2023-07-12T11:54:19Z,3,False,,,,7784,Dominic Goodman,2673,Matthew Potts,248,Matt Parkinson,248,91,Mid Off,0,0,0,0,,LengthBall,Null,NotOut,Played,0,Drive,Null,Over,Medium,Right,Null,NotReferred,Null,False,False,False,False,False,False,10,False,False,False,False,False,False,0,0,0,0,0,False,False
785211,101,4.51,4.0,1.0,0.0,453.0,10.0,4.0,30340,,15911,County Championship Division Two 2023,2,40,Durham,34,Gloucestershire,2023-07-12T11:54:53Z,4,False,,,,7784,Dominic Goodman,2673,Matthew Potts,248,Matt Parkinson,270,40,Bowler,0,0,0,0,,LengthBall,Null,NotOut,Played,0,ForwardDefensive,Null,Over,Medium,Right,Null,NotReferred,Null,False,False,False,False,False,False,10,False,False,False,False,False,False,0,0,0,0,0,False,False
785211,101,4.51,4.0,1.0,0.0,453.0,10.0,4.0,30340,,15911,County Championship Division Two 2023,2,40,Durham,34,Gloucestershire,2023-07-12T11:55:16Z,5,True,Caught,2673.0,Matthew Potts,7784,Dominic Goodman,2673,Matthew Potts,248,Matt Parkinson,10,155,Deep Backward Square Leg,0,0,0,0,Caught,Short,Null,NotOut,MisTimed,0,Pull,Null,Over,Medium,Right,Out1stUmpire,NotReferred,Null,False,False,False,False,False,False,25,False,False,False,False,False,False,0,0,0,0,0,False,False
785349,1,1.0,1.0,0.0,0.0,1.0,0.0,1.0,30354,,15911,County Championship Division Two 2023,3,34,Gloucestershire,40,Durham,2023-07-12T13:18:54Z,1,False,,,,120,Ben Raine,40,Ben Charlesworth,34,Chris Dent,317,38,Short Extra Cover,0,0,0,0,,LengthBall,Null,NotOut,Played,0,ForwardDefensive,Null,Over,Fast,Right,Null,NotReferred,Null,False,False,False,False,False,False,25,False,True,False,False,False,False,0,0,0,0,0,False,False
785349,1,1.0,1.0,0.0,0.0,1.0,0.0,1.0,30354,,15911,County Championship Division Two 2023,3,34,Gloucestershire,40,Durham,2023-07-12T13:19:25Z,2,False,,,,120,Ben Raine,40,Ben Charlesworth,34,Chris Dent,90,48,Wicketkeeper,0,0,0,0,,LengthBall,Null,NotOut,NoShot,0,Leave,Null,Over,Fast,Right,Null,NotReferred,Null,False,False,False,False,False,False,25,False,False,False,False,False,False,0,0,0,0,0,False,False
785349,1,1.0,1.0,0.0,0.0,1.0,0.0,1.0,30354,,15911,County Championship Division Two 2023,3,34,Gloucestershire,40,Durham,2023-07-12T13:20:00Z,3,False,,,,120,Ben Raine,40,Ben Charlesworth,34,Chris Dent,317,52,Short Extra Cover,0,0,0,0,,LengthBall,Null,NotOut,Played,0,ForwardDefensive,Null,Over,Fast,Right,Null,NotReferred,Null,False,False,False,False,False,False,25,False,False,False,False,False,False,0,0,0,0,0,False,False
785349,1,1.0,1.0,0.0,0.0,1.0,0.0,1.0,30354,,15911,County Championship Division Two 2023,3,34,Gloucestershire,40,Durham,2023-07-12T13:20:37Z,4,False,,,,120,Ben Raine,40,Ben Charlesworth,34,Chris Dent,344,113,Cover,1,0,1,1,,LengthBall,Null,NotOut,Played,0,Pushed,Null,Over,Fast,Right,Null,NotReferred,Null,False,False,False,False,False,False,25,False,False,False,False,False,False,1,0,0,0,0,False,False
785349,1,1.0,1.0,0.0,0.0,1.0,0.0,1.0,30354,,15911,County Championship Division Two 2023,3,34,Gloucestershire,40,Durham,2023-07-12T13:21:18Z,5,False,,,,120,Ben Raine,34,Chris Dent,40,Ben Charlesworth,90,48,Wicketkeeper,0,0,0,0,,LengthBall,Null,NotOut,NoShot,0,Leave,Null,Over,Fast,Right,Null,NotReferred,Null,False,False,False,False,False,False,25,False,False,False,False,False,False,0,0,0,0,0,False,False
785349,1,1.0,1.0,0.0,0.0,1.0,0.0,1.0,30354,,15911,County Championship Division Two 2023,3,34,Gloucestershire,40,Durham,2023-07-12T13:22:03Z,6,False,,,,120,Ben Raine,34,Chris Dent,40,Ben Charlesworth,90,48,Wicketkeeper,0,0,0,0,,LengthBall,Null,NotOut,NoShot,0,Leave,Null,Over,Fast,Right,Null,NotReferred,Null,False,False,False,False,False,False,25,False,False,False,False,False,False,0,0,0,0,0,False,False
785352,2,2.5,4.0,1.0,0.0,5.0,1.0,4.0,30354,,15911,County Championship Division Two 2023,3,34,Gloucestershire,40,Durham,2023-07-12T13:22:59Z,1,False,,,,2673,Matthew Potts,40,Ben Charlesworth,34,Chris Dent,90,48,Wicketkeeper,0,0,0,0,,LengthBall,Null,NotOut,Missed,0,ForwardDefensive,Null,Round,Medium,Right,Null,NotReferred,Null,False,False,False,False,False,False,10,False,False,False,False,False,False,0,0,0,0,0,False,False
785352,2,2.5,4.0,1.0,0.0,5.0,1.0,4.0,30354,,15911,County Championship Division Two 2023,3,34,Gloucestershire,40,Durham,2023-07-12T13:23:33Z,2,True,Bowled,40.0,Ben Charlesworth,2673,Matthew Potts,40,Ben Charlesworth,34,Chris Dent,0,0,,0,0,0,0,Bowled,LengthBall,Null,NotOut,Missed,0,ForwardDefensive,Null,Round,Medium,Right,Out1stUmpire,NotReferred,Null,False,False,False,False,False,False,25,False,False,False,False,False,False,0,0,0,0,0,False,False
785352,2,2.5,4.0,1.0,0.0,5.0,1.0,4.0,30354,,15911,County Championship Division Two 2023,3,34,Gloucestershire,40,Durham,2023-07-12T13:25:28Z,3,False,,,,2673,Matthew Potts,7917,Ollie Price,34,Chris Dent,90,48,Wicketkeeper,0,0,0,0,,LengthBall,Null,NotOut,NoShot,0,Leave,Null,Over,Medium,Right,Null,NotReferred,Null,False,False,False,False,False,False,10,False,False,False,False,False,False,0,0,0,0,0,False,False
785352,2,2.5,4.0,1.0,0.0,5.0,1.0,4.0,30354,,15911,County Championship Division Two 2023,3,34,Gloucestershire,40,Durham,2023-07-12T13:26:01Z,4,False,,,,2673,Matthew Potts,7917,Ollie Price,34,Chris Dent,131,183,Third Man,4,0,4,4,,LengthBall,Null,NotOut,Edged,0,ForwardDefensive,Null,Over,Medium,Right,Null,NotReferred,Null,False,False,False,False,False,False,10,False,False,False,False,False,False,4,0,0,0,0,False,True
785352,2,2.5,4.0,1.0,0.0,5.0,1.0,4.0,30354,,15911,County Championship Division Two 2023,3,34,Gloucestershire,40,Durham,2023-07-12T13:26:44Z,5,False,,,,2673,Matthew Potts,7917,Ollie Price,34,Chris Dent,270,40,Bowler,0,0,0,0,,LengthBall,Null,NotOut,Played,0,ForwardDefensive,Null,Over,Medium,Right,Null,NotReferred,Null,False,False,False,False,False,False,10,False,False,False,False,False,False,0,0,0,0,0,False,False
785352,2,2.5,4.0,1.0,0.0,5.0,1.0,4.0,30354,,15911,County Championship Division Two 2023,3,34,Gloucestershire,40,Durham,2023-07-12T13:27:15Z,6,False,,,,2673,Matthew Potts,7917,Ollie Price,34,Chris Dent,310,11,Short Leg,0,0,0,0,,LengthBall,Null,NotOut,HitPad,0,ForwardDefensive,Null,Over,Medium,Right,Null,NotReferred,Null,False,False,False,False,False,False,10,False,False,False,False,False,False,0,0,0,0,0,False,False
785357,3,2.0,0.0,0.0,1.0,6.0,1.0,1.0,30354,,15911,County Championship Division Two 2023,3,34,Gloucestershire,40,Durham,2023-07-12T13:27:59Z,1,False,,,,120,Ben Raine,34,Chris Dent,7917,Ollie Price,313,28,Silly Point,0,0,0,0,,LengthBall,Null,NotOut,Played,0,ForwardDefensive,Null,Over,Fast,Right,Null,NotReferred,Null,False,False,False,False,False,False,25,False,False,False,False,False,False,0,0,0,0,0,False,False
785357,3,2.0,0.0,0.0,1.0,6.0,1.0,1.0,30354,,15911,County Championship Division Two 2023,3,34,Gloucestershire,40,Durham,2023-07-12T13:28:34Z,2,False,,,,120,Ben Raine,34,Chris Dent,7917,Ollie Price,90,48,Wicketkeeper,0,0,0,0,,LengthBall,Null,NotOut,NoShot,0,Leave,Null,Over,Fast,Right,Null,NotReferred,Null,False,False,False,False,False,False,25,False,False,False,False,False,False,0,0,0,0,0,False,False
785357,3,2.0,0.0,0.0,1.0,6.0,1.0,1.0,30354,,15911,County Championship Division Two 2023,3,34,Gloucestershire,40,Durham,2023-07-12T13:29:07Z,3,False,,,,120,Ben Raine,34,Chris Dent,7917,Ollie Price,177,83,Square Leg,0,1,1,0,,LengthBall,Null,NotOut,Played,0,Worked,Null,Over,Fast,Right,Null,NotReferred,Null,False,False,False,True,False,False,25,False,False,False,False,False,False,0,0,0,1,0,False,False
785357,3,2.0,0.0,0.0,1.0,6.0,1.0,1.0,30354,,15911,County Championship Division Two 2023,3,34,Gloucestershire,40,Durham,2023-07-12T13:30:10Z,4,False,,,,120,Ben Raine,7917,Ollie Price,34,Chris Dent,90,48,Wicketkeeper,0,0,0,0,,LengthBall,Null,NotOut,NoShot,0,Leave,Null,Over,Fast,Right,Null,NotReferred,Null,False,False,False,False,False,False,25,False,False,False,False,False,False,0,0,0,0,0,False,False
785357,3,2.0,0.0,0.0,1.0,6.0,1.0,1.0,30354,,15911,County Championship Division Two 2023,3,34,Gloucestershire,40,Durham,2023-07-12T13:30:42Z,5,False,,,,120,Ben Raine,7917,Ollie Price,34,Chris Dent,332,47,Short Mid Wicket,0,0,0,0,,LengthBall,Null,NotOut,Played,0,ForwardDefensive,Null,Over,Fast,Right,Null,NotReferred,Null,False,False,False,False,False,False,25,False,False,False,False,False,False,0,0,0,0,0,False,False
785357,3,2.0,0.0,0.0,1.0,6.0,1.0,1.0,30354,,15911,County Championship Division Two 2023,3,34,Gloucestershire,40,Durham,2023-07-12T13:31:18Z,6,False,,,,120,Ben Raine,7917,Ollie Price,34,Chris Dent,90,48,Wicketkeeper,0,0,0,0,,LengthBall,Null,NotOut,NoShot,0,Leave,Null,Over,Fast,Right,Null,NotReferred,Null,False,False,False,False,False,False,25,False,False,False,False,False,False,0,0,0,0,0,False,False
785360,4,1.75,1.0,1.0,0.0,7.0,2.0,1.0,30354,,15911,County Championship Division Two 2023,3,34,Gloucestershire,40,Durham,2023-07-12T13:32:08Z,1,False,,,,2673,Matthew Potts,34,Chris Dent,7917,Ollie Price,174,145,Deep Square Leg,1,0,1,1,,LengthBall,Null,NotOut,Played,0,Worked,Null,Round,Medium,Right,Null,NotReferred,Null,False,False,False,False,False,False,10,False,False,False,False,False,False,1,0,0,0,0,False,False
785360,4,1.75,1.0,1.0,0.0,7.0,2.0,1.0,30354,,15911,County Championship Division Two 2023,3,34,Gloucestershire,40,Durham,2023-07-12T13:32:44Z,2,False,,,,2673,Matthew Potts,7917,Ollie Price,34,Chris Dent,193,80,Cover,0,0,0,0,,LengthBall,Null,NotOut,Played,0,ForwardDefensive,Null,Over,Medium,Right,Null,NotReferred,Null,False,False,False,False,False,False,10,False,False,False,False,False,False,0,0,0,0,0,False,False
785360,4,1.75,1.0,1.0,0.0,7.0,2.0,1.0,30354,,15911,County Championship Division Two 2023,3,34,Gloucestershire,40,Durham,2023-07-12T13:33:18Z,3,False,,,,2673,Matthew Potts,7917,Ollie Price,34,Chris Dent,212,32,Silly Point,0,0,0,0,,LengthBall,Null,NotOut,Played,0,ForwardDefensive,Null,Over,Medium,Right,Null,NotReferred,Null,False,False,False,False,False,False,10,False,False,False,False,False,False,0,0,0,0,0,False,False
785360,4,1.75,1.0,1.0,0.0,7.0,2.0,1.0,30354,,15911,County Championship Division Two 2023,3,34,Gloucestershire,40,Durham,2023-07-12T13:33:52Z,4,False,,,,2673,Matthew Potts,7917,Ollie Price,34,Chris Dent,349,90,Mid Wicket,0,0,0,0,,LengthBall,Null,NotOut,Played,0,Worked,Null,Over,Medium,Right,Null,NotReferred,Null,False,False,False,False,False,False,10,False,False,False,False,False,False,0,0,0,0,0,False,False
785360,4,1.75,1.0,1.0,0.0,7.0,2.0,1.0,30354,,15911,County Championship Division Two 2023,3,34,Gloucestershire,40,Durham,2023-07-12T13:34:20Z,5,True,Bowled,7917.0,Ollie Price,2673,Matthew Potts,7917,Ollie Price,34,Chris Dent,0,0,,0,0,0,0,Bowled,LengthBall,Null,NotOut,Missed,0,ForwardDefensive,Null,Over,Medium,Right,Out1stUmpire,NotReferred,Null,False,False,False,False,False,False,25,False,False,False,False,False,False,0,0,0,0,0,False,False
785360,4,1.75,1.0,1.0,0.0,7.0,2.0,1.0,30354,,15911,County Championship Division Two 2023,3,34,Gloucestershire,40,Durham,2023-07-12T13:36:20Z,6,False,,,,2673,Matthew Potts,35,Miles Hammond,34,Chris Dent,311,50,Short Extra Cover,0,0,0,0,,LengthBall,Null,NotOut,Played,0,ForwardDefensive,Null,Round,Medium,Right,Null,NotReferred,Null,False,False,False,False,False,False,10,False,False,False,False,False,False,0,0,0,0,0,False,False
785363,5,1.4,0.0,0.0,0.0,7.0,2.0,0.0,30354,,15911,County Championship Division Two 2023,3,34,Gloucestershire,40,Durham,2023-07-12T13:37:55Z,1,False,,,,120,Ben Raine,34,Chris Dent,35,Miles Hammond,234,57,Short Mid Wicket,0,0,0,0,,LengthBall,Null,NotOut,Played,0,ForwardDefensive,Null,Round,Fast,Right,Null,NotReferred,Null,False,False,False,False,False,False,25,False,False,False,False,False,False,0,0,0,0,0,False,False
785363,5,1.4,0.0,0.0,0.0,7.0,2.0,0.0,30354,,15911,County Championship Division Two 2023,3,34,Gloucestershire,40,Durham,2023-07-12T13:38:29Z,2,False,,,,120,Ben Raine,34,Chris Dent,35,Miles Hammond,319,33,Silly Point,0,0,0,0,,LengthBall,Null,NotOut,Played,0,ForwardDefensive,Null,Round,Fast,Right,Null,NotReferred,Null,False,False,False,False,False,False,25,False,False,False,False,False,False,0,0,0,0,0,False,False
785363,5,1.4,0.0,0.0,0.0,7.0,2.0,0.0,30354,,15911,County Championship Division Two 2023,3,34,Gloucestershire,40,Durham,2023-07-12T13:39:04Z,3,False,,,,120,Ben Raine,34,Chris Dent,35,Miles Hammond,307,28,Silly Point,0,0,0,0,,LengthBall,Null,NotOut,Played,0,ForwardDefensive,Null,Round,Fast,Right,Null,NotReferred,Null,False,False,False,False,False,False,25,False,False,False,False,False,False,0,0,0,0,0,False,False
785363,5,1.4,0.0,0.0,0.0,7.0,2.0,0.0,30354,,15911,County Championship Division Two 2023,3,34,Gloucestershire,40,Durham,2023-07-12T13:39:38Z,4,False,,,,120,Ben Raine,34,Chris Dent,35,Miles Hammond,353,61,Point,0,0,0,0,,LengthBall,Null,NotOut,Played,0,ForwardDefensive,Null,Round,Fast,Right,Null,NotReferred,Null,False,False,False,False,False,False,25,False,False,False,False,False,False,0,0,0,0,0,False,False
785363,5,1.4,0.0,0.0,0.0,7.0,2.0,0.0,30354,,15911,County Championship Division Two 2023,3,34,Gloucestershire,40,Durham,2023-07-12T13:40:14Z,5,False,,,,120,Ben Raine,34,Chris Dent,35,Miles Hammond,301,37,Silly Mid Off,0,0,0,0,,LengthBall,Null,NotOut,Played,0,ForwardDefensive,Null,Round,Fast,Right,Null,NotReferred,Null,False,False,False,False,False,False,25,False,False,False,False,False,False,0,0,0,0,0,False,False
785363,5,1.4,0.0,0.0,0.0,7.0,2.0,0.0,30354,,15911,County Championship Division Two 2023,3,34,Gloucestershire,40,Durham,2023-07-12T13:41:02Z,6,False,,,,120,Ben Raine,34,Chris Dent,35,Miles Hammond,90,48,Wicketkeeper,0,0,0,0,,LengthBall,Null,NotOut,Missed,0,ForwardDefensive,Null,Round,Fast,Right,Null,NotReferred,Null,False,False,False,False,False,False,25,False,False,False,False,False,False,0,0,0,0,0,False,False
785367,6,2.33,7.0,1.0,0.0,14.0,3.0,7.0,30354,,15911,County Championship Division Two 2023,3,34,Gloucestershire,40,Durham,2023-07-12T13:41:55Z,1,False,,,,2673,Matthew Potts,35,Miles Hammond,34,Chris Dent,294,91,Mid Off,0,0,0,0,,LengthBall,Null,NotOut,MisTimed,0,Drive,Null,Round,Medium,Right,Null,NotReferred,Null,False,False,False,False,False,False,10,False,False,False,False,False,False,0,0,0,0,0,False,False
785367,6,2.33,7.0,1.0,0.0,14.0,3.0,7.0,30354,,15911,County Championship Division Two 2023,3,34,Gloucestershire,40,Durham,2023-07-12T13:42:29Z,2,False,,,,2673,Matthew Potts,35,Miles Hammond,34,Chris Dent,353,154,Deep Point,2,0,2,2,,LengthBall,Null,NotOut,Played,0,Pushed,Null,Round,Medium,Right,Null,NotReferred,Null,False,False,False,False,False,False,10,False,False,False,False,False,False,2,0,0,0,0,False,False
785367,6,2.33,7.0,1.0,0.0,14.0,3.0,7.0,30354,,15911,County Championship Division Two 2023,3,34,Gloucestershire,40,Durham,2023-07-12T13:43:14Z,3,False,,,,2673,Matthew Potts,35,Miles Hammond,34,Chris Dent,190,158,Deep Mid Wicket,1,0,1,1,,LengthBall,Null,NotOut,Played,0,Worked,Null,Round,Medium,Right,Null,NotReferred,Null,False,False,False,False,False,False,10,False,False,False,False,False,False,1,0,0,0,0,False,False
785367,6,2.33,7.0,1.0,0.0,14.0,3.0,7.0,30354,,15911,County Championship Division Two 2023,3,34,Gloucestershire,40,Durham,2023-07-12T13:43:49Z,4,True,Bowled,34.0,Chris Dent,2673,Matthew Potts,34,Chris Dent,35,Miles Hammond,0,0,,0,0,0,0,Bowled,LengthBall,Null,NotOut,Missed,0,ForwardDefensive,Null,Round,Medium,Right,Out1stUmpire,NotReferred,Null,False,False,False,False,False,False,25,False,False,False,False,False,False,0,0,0,0,0,False,False
785367,6,2.33,7.0,1.0,0.0,14.0,3.0,7.0,30354,,15911,County Championship Division Two 2023,3,34,Gloucestershire,40,Durham,2023-07-12T13:46:06Z,5,False,,,,2673,Matthew Potts,3559,Grant Roelofsen,35,Miles Hammond,194,188,Deep Cover,4,0,4,4,,HalfVolley,Null,NotOut,HitHard,0,Drive,Null,Over,Medium,Right,Null,NotReferred,Null,False,False,False,False,False,False,10,False,False,False,False,False,False,4,0,0,0,0,False,True
785367,6,2.33,7.0,1.0,0.0,14.0,3.0,7.0,30354,,15911,County Championship Division Two 2023,3,34,Gloucestershire,40,Durham,2023-07-12T13:46:43Z,6,False,,,,2673,Matthew Potts,3559,Grant Roelofsen,35,Miles Hammond,207,63,Short Extra Cover,0,0,0,0,,LengthBall,Null,NotOut,Played,0,ForwardDefensive,Null,Over,Medium,Right,Null,NotReferred,Null,False,False,False,False,False,False,10,False,False,False,False,False,False,0,0,0,0,0,False,False
785371,7,2.71,5.0,0.0,0.0,19.0,3.0,5.0,30354,,15911,County Championship Division Two 2023,3,34,Gloucestershire,40,Durham,2023-07-12T13:47:55Z,1,False,,,,120,Ben Raine,35,Miles Hammond,3559,Grant Roelofsen,176,102,Square Leg,1,0,1,1,,LengthBall,Null,NotOut,Edged,0,ForwardDefensive,Null,Round,Fast,Right,Null,NotReferred,Null,False,False,False,False,False,False,25,False,False,False,False,False,False,1,0,0,0,0,False,False
785371,7,2.71,5.0,0.0,0.0,19.0,3.0,5.0,30354,,15911,County Championship Division Two 2023,3,34,Gloucestershire,40,Durham,2023-07-12T13:48:51Z,2,False,,,,120,Ben Raine,3559,Grant Roelofsen,35,Miles Hammond,219,53,Short Extra Cover,0,0,0,0,,LengthBall,Null,NotOut,Played,0,ForwardDefensive,Null,Over,Fast,Right,Null,NotReferred,Null,False,False,False,False,False,False,25,False,False,False,False,False,False,0,0,0,0,0,False,False
785371,7,2.71,5.0,0.0,0.0,19.0,3.0,5.0,30354,,15911,County Championship Division Two 2023,3,34,Gloucestershire,40,Durham,2023-07-12T13:49:36Z,3,False,,,,120,Ben Raine,3559,Grant Roelofsen,35,Miles Hammond,90,48,Wicketkeeper,0,0,0,0,,Short,Null,NotOut,NoShot,0,Leave,Null,Over,Fast,Right,Null,NotReferred,Null,False,False,False,False,False,False,25,False,False,False,False,False,False,0,0,0,0,0,False,False
785371,7,2.71,5.0,0.0,0.0,19.0,3.0,5.0,30354,,15911,County Championship Division Two 2023,3,34,Gloucestershire,40,Durham,2023-07-12T13:50:11Z,4,False,,,,120,Ben Raine,3559,Grant Roelofsen,35,Miles Hammond,359,134,Deep Square Leg,1,0,1,1,,LengthBall,Null,NotOut,Played,0,Worked,Null,Over,Fast,Right,Null,NotReferred,Null,False,False,False,False,False,False,25,False,False,False,False,False,False,1,0,0,0,0,False,False
785371,7,2.71,5.0,0.0,0.0,19.0,3.0,5.0,30354,,15911,County Championship Division Two 2023,3,34,Gloucestershire,40,Durham,2023-07-12T13:50:49Z,5,False,,,,120,Ben Raine,35,Miles Hammond,3559,Grant Roelofsen,349,125,Deep Point,1,0,1,1,,LengthBall,Null,NotOut,Played,0,ForwardDefensive,Null,Round,Fast,Right,Null,NotReferred,Null,False,False,False,False,False,False,25,False,False,False,False,False,False,1,0,0,0,0,False,False
785371,7,2.71,5.0,0.0,0.0,19.0,3.0,5.0,30354,,15911,County Championship Division Two 2023,3,34,Gloucestershire,40,Durham,2023-07-12T13:51:34Z,6,False,,,,120,Ben Raine,3559,Grant Roelofsen,35,Miles Hammond,181,113,Point,2,0,2,2,,LengthBall,Null,NotOut,Played,0,Pushed,Null,Over,Fast,Right,Null,NotReferred,Null,False,False,False,False,False,False,25,False,False,False,False,False,False,2,0,0,0,0,False,False
785378,8,3.0,5.0,1.0,0.0,24.0,4.0,5.0,30354,,15911,County Championship Division Two 2023,3,34,Gloucestershire,40,Durham,2023-07-12T13:52:42Z,1,False,,,,2673,Matthew Potts,35,Miles Hammond,3559,Grant Roelofsen,22,106,Backward Point,1,0,1,1,,LengthBall,Null,NotOut,MisTimed,0,Drive,Null,Over,Medium,Right,Null,NotReferred,Null,False,False,False,False,False,False,10,False,False,False,False,False,False,1,0,0,0,0,False,False
785378,8,3.0,5.0,1.0,0.0,24.0,4.0,5.0,30354,,15911,County Championship Division Two 2023,3,34,Gloucestershire,40,Durham,2023-07-12T13:53:13Z,2,False,,,,2673,Matthew Potts,3559,Grant Roelofsen,35,Miles Hammond,270,40,Bowler,0,0,0,0,,LengthBall,Null,NotOut,Played,0,ForwardDefensive,Null,Over,Medium,Right,Null,NotReferred,Null,False,False,False,False,False,False,10,False,False,False,False,False,False,0,0,0,0,0,False,False
785378,8,3.0,5.0,1.0,0.0,24.0,4.0,5.0,30354,,15911,County Championship Division Two 2023,3,34,Gloucestershire,40,Durham,2023-07-12T13:53:46Z,3,False,,,,2673,Matthew Potts,3559,Grant Roelofsen,35,Miles Hammond,253,186,Long Off,4,0,4,4,,LengthBall,Null,NotOut,HitHard,0,Drive,Null,Over,Medium,Right,Null,NotReferred,Null,False,False,False,False,False,False,10,False,False,False,False,False,False,4,0,0,0,0,False,True
785378,8,3.0,5.0,1.0,0.0,24.0,4.0,5.0,30354,,15911,County Championship Division Two 2023,3,34,Gloucestershire,40,Durham,2023-07-12T13:54:34Z,4,True,Caught,3559.0,Grant Roelofsen,2673,Matthew Potts,3559,Grant Roelofsen,35,Miles Hammond,90,48,Wicketkeeper,0,0,0,0,Caught,LengthBall,Null,NotOut,Edged,0,ForwardDefensive,Null,Over,Medium,Right,Out1stUmpire,NotReferred,Null,False,False,False,False,False,False,25,False,False,False,False,False,False,0,0,0,0,0,False,False
785378,8,3.0,5.0,1.0,0.0,24.0,4.0,5.0,30354,,15911,County Championship Division Two 2023,3,34,Gloucestershire,40,Durham,2023-07-12T13:56:31Z,5,False,,,,2673,Matthew Potts,36,James Bracey,35,Miles Hammond,314,40,Short Extra Cover,0,0,0,0,,LengthBall,Null,NotOut,Played,0,ForwardDefensive,Null,Round,Medium,Right,Null,NotReferred,Null,False,False,False,False,False,False,10,False,False,False,False,False,False,0,0,0,0,0,False,False
785378,8,3.0,5.0,1.0,0.0,24.0,4.0,5.0,30354,,15911,County Championship Division Two 2023,3,34,Gloucestershire,40,Durham,2023-07-12T13:57:07Z,6,False,,,,2673,Matthew Potts,36,James Bracey,35,Miles Hammond,356,67,Point,0,0,0,0,,LengthBall,Null,NotOut,Played,0,ForwardDefensive,Null,Round,Medium,Right,Null,NotReferred,Null,False,False,False,False,False,False,10,False,False,False,False,False,False,0,0,0,0,0,False,False
785387,9,2.89,2.0,0.0,0.0,26.0,4.0,2.0,30354,,15911,County Championship Division Two 2023,3,34,Gloucestershire,40,Durham,2023-07-12T13:58:12Z,1,False,,,,120,Ben Raine,35,Miles Hammond,36,James Bracey,90,48,Wicketkeeper,0,0,0,0,,LengthBall,Null,NotOut,Missed,0,ForwardDefensive,Null,Round,Fast,Right,Null,NotReferred,Null,False,False,False,False,False,False,25,False,False,False,False,False,False,0,0,0,0,0,False,False
785387,9,2.89,2.0,0.0,0.0,26.0,4.0,2.0,30354,,15911,County Championship Division Two 2023,3,34,Gloucestershire,40,Durham,2023-07-12T13:58:41Z,2,False,,,,120,Ben Raine,35,Miles Hammond,36,James Bracey,90,48,Wicketkeeper,0,0,0,0,,LengthBall,Null,NotOut,MissedLegSide,0,Flick,Null,Round,Fast,Right,Null,NotReferred,Null,False,False,False,False,False,False,25,False,False,False,False,False,False,0,0,0,0,0,False,False
785387,9,2.89,2.0,0.0,0.0,26.0,4.0,2.0,30354,,15911,County Championship Division Two 2023,3,34,Gloucestershire,40,Durham,2023-07-12T13:59:25Z,3,False,,,,120,Ben Raine,35,Miles Hammond,36,James Bracey,90,48,Wicketkeeper,0,0,0,0,,LengthBall,Null,NotOut,NoShot,0,Leave,Null,Round,Fast,Right,Null,NotReferred,Null,False,False,False,False,False,False,25,False,False,False,False,False,False,0,0,0,0,0,False,False
785387,9,2.89,2.0,0.0,0.0,26.0,4.0,2.0,30354,,15911,County Championship Division Two 2023,3,34,Gloucestershire,40,Durham,2023-07-12T14:00:02Z,4,False,,,,120,Ben Raine,35,Miles Hammond,36,James Bracey,90,48,Wicketkeeper,0,0,0,0,,Short,Null,NotOut,NoShot,0,Leave,Null,Round,Fast,Right,Null,NotReferred,Null,False,False,False,False,False,False,25,False,False,False,False,False,False,0,0,0,0,0,False,False
785387,9,2.89,2.0,0.0,0.0,26.0,4.0,2.0,30354,,15911,County Championship Division Two 2023,3,34,Gloucestershire,40,Durham,2023-07-12T14:00:37Z,5,False,,,,120,Ben Raine,35,Miles Hammond,36,James Bracey,75,50,First Slip,2,0,2,2,,LengthBall,Null,NotOut,Edged,0,Drive,Null,Round,Fast,Right,Null,NotReferred,Null,False,False,False,False,False,False,25,False,False,False,False,False,False,2,0,0,0,0,False,False
785387,9,2.89,2.0,0.0,0.0,26.0,4.0,2.0,30354,,15911,County Championship Division Two 2023,3,34,Gloucestershire,40,Durham,2023-07-12T14:01:24Z,6,False,,,,120,Ben Raine,35,Miles Hammond,36,James Bracey,143,21,Short Leg,0,0,0,0,,LengthBall,Null,Lbw,HitPad,0,ForwardDefensive,Null,Round,Fast,Right,NotOut1stUmpire,NotReferred,Null,False,False,False,False,False,True,25,False,False,False,False,False,False,0,0,0,0,0,False,False
785393,10,2.7,1.0,0.0,0.0,27.0,4.0,1.0,30354,,15911,County Championship Division Two 2023,3,34,Gloucestershire,40,Durham,2023-07-12T14:02:18Z,1,False,,,,2673,Matthew Potts,36,James Bracey,35,Miles Hammond,327,66,Short Extra Cover,0,0,0,0,,LengthBall,Null,NotOut,Played,0,Drive,Null,Round,Medium,Right,Null,NotReferred,Null,False,False,False,False,False,False,10,False,False,False,False,False,False,0,0,0,0,0,False,False
785393,10,2.7,1.0,0.0,0.0,27.0,4.0,1.0,30354,,15911,County Championship Division Two 2023,3,34,Gloucestershire,40,Durham,2023-07-12T14:02:49Z,2,False,,,,2673,Matthew Potts,36,James Bracey,35,Miles Hammond,291,92,Mid Off,0,0,0,0,,LengthBall,Null,NotOut,Played,0,ForwardDefensive,Null,Round,Medium,Right,Null,NotReferred,Null,False,False,False,False,False,False,10,False,False,False,False,False,False,0,0,0,0,0,False,False
785393,10,2.7,1.0,0.0,0.0,27.0,4.0,1.0,30354,,15911,County Championship Division Two 2023,3,34,Gloucestershire,40,Durham,2023-07-12T14:03:20Z,3,False,,,,2673,Matthew Potts,36,James Bracey,35,Miles Hammond,337,64,Short Extra Cover,0,0,0,0,,LengthBall,Null,NotOut,Played,0,Drive,Null,Round,Medium,Right,Null,NotReferred,Null,False,False,False,False,False,False,10,False,False,False,False,False,False,0,0,0,0,0,False,False
785393,10,2.7,1.0,0.0,0.0,27.0,4.0,1.0,30354,,15911,County Championship Division Two 2023,3,34,Gloucestershire,40,Durham,2023-07-12T14:03:53Z,4,False,,,,2673,Matthew Potts,36,James Bracey,35,Miles Hammond,270,40,Bowler,0,0,0,0,,LengthBall,Null,NotOut,Played,0,ForwardDefensive,Null,Round,Medium,Right,Null,NotReferred,Null,False,False,False,False,False,False,10,False,False,False,False,False,False,0,0,0,0,0,False,False
785393,10,2.7,1.0,0.0,0.0,27.0,4.0,1.0,30354,,15911,County Championship Division Two 2023,3,34,Gloucestershire,40,Durham,2023-07-12T14:04:27Z,5,False,,,,2673,Matthew Potts,36,James Bracey,35,Miles Hammond,90,48,Wicketkeeper,0,0,0,0,,Short,Null,NotOut,NoShot,0,Leave,Null,Round,Medium,Right,Null,NotReferred,Null,False,False,False,False,False,False,10,False,False,False,False,False,False,0,0,0,0,0,False,False
785393,10,2.7,1.0,0.0,0.0,27.0,4.0,1.0,30354,,15911,County Championship Division Two 2023,3,34,Gloucestershire,40,Durham,2023-07-12T14:05:01Z,6,False,,,,2673,Matthew Potts,36,James Bracey,35,Miles Hammond,328,64,Short Extra Cover,1,0,1,1,,LengthBall,Null,NotOut,Played,0,Drive,Null,Round,Medium,Right,Null,NotReferred,Null,False,False,False,False,False,False,10,False,False,False,False,False,False,1,0,0,0,0,False,False
785400,11,2.55,1.0,0.0,0.0,28.0,4.0,1.0,30354,,15911,County Championship Division Two 2023,3,34,Gloucestershire,40,Durham,2023-07-12T14:06:06Z,1,False,,,,120,Ben Raine,36,James Bracey,35,Miles Hammond,203,72,Mid Wicket,0,0,0,0,,LengthBall,Null,NotOut,Played,0,Worked,Null,Round,Fast,Right,Null,NotReferred,Null,False,False,False,False,False,False,25,False,False,False,False,False,False,0,0,0,0,0,False,False
785400,11,2.55,1.0,0.0,0.0,28.0,4.0,1.0,30354,,15911,County Championship Division Two 2023,3,34,Gloucestershire,40,Durham,2023-07-12T14:06:42Z,2,False,,,,120,Ben Raine,36,James Bracey,35,Miles Hammond,242,88,Mid On,0,0,0,0,,LengthBall,Null,NotOut,Played,0,ForwardDefensive,Null,Round,Fast,Right,Null,NotReferred,Null,False,False,False,False,False,False,25,False,False,False,False,False,False,0,0,0,0,0,False,False
785400,11,2.55,1.0,0.0,0.0,28.0,4.0,1.0,30354,,15911,County Championship Division Two 2023,3,34,Gloucestershire,40,Durham,2023-07-12T14:07:20Z,3,False,,,,120,Ben Raine,36,James Bracey,35,Miles Hammond,213,47,Short Mid Wicket,0,0,0,0,,LengthBall,Null,NotOut,Played,0,ForwardDefensive,Null,Round,Fast,Right,Null,NotReferred,Null,False,False,False,False,False,False,25,False,False,False,False,False,False,0,0,0,0,0,False,False
785400,11,2.55,1.0,0.0,0.0,28.0,4.0,1.0,30354,,15911,County Championship Division Two 2023,3,34,Gloucestershire,40,Durham,2023-07-12T14:08:30Z,4,False,,,,120,Ben Raine,36,James Bracey,35,Miles Hammond,318,61,Short Extra Cover,1,0,1,1,,LengthBall,Null,NotOut,Played,0,ForwardDefensive,Null,Round,Fast,Right,Null,NotReferred,Null,False,False,False,False,False,False,25,False,False,False,False,False,False,1,0,0,0,0,False,False
785400,11,2.55,1.0,0.0,0.0,28.0,4.0,1.0,30354,,15911,County Championship Division Two 2023,3,34,Gloucestershire,40,Durham,2023-07-12T14:09:32Z,5,False,,,,120,Ben Raine,35,Miles Hammond,36,James Bracey,90,48,Wicketkeeper,0,0,0,0,,LengthBall,Null,NotOut,NoShot,0,Leave,Null,Round,Fast,Right,Null,NotReferred,Null,False,False,False,False,False,False,25,False,False,False,False,False,False,0,0,0,0,0,False,False
785400,11,2.55,1.0,0.0,0.0,28.0,4.0,1.0,30354,,15911,County Championship Division Two 2023,3,34,Gloucestershire,40,Durham,2023-07-12T14:10:01Z,6,False,,,,120,Ben Raine,35,Miles Hammond,36,James Bracey,90,48,Wicketkeeper,0,0,0,0,,LengthBall,Null,NotOut,NoShot,0,Leave,Null,Round,Fast,Right,Null,NotReferred,Null,False,False,False,False,False,False,25,False,False,False,False,False,False,0,0,0,0,0,False,False
785412,12,2.83,6.0,0.0,0.0,34.0,4.0,6.0,30354,,15911,County Championship Division Two 2023,3,34,Gloucestershire,40,Durham,2023-07-12T14:10:56Z,1,False,,,,2673,Matthew Potts,36,James Bracey,35,Miles Hammond,222,166,Long On,2,0,2,2,,LengthBall,Null,NotOut,Played,0,Worked,Null,Round,Medium,Right,Null,NotReferred,Null,False,False,False,False,False,False,10,False,False,False,False,False,False,2,0,0,0,0,False,False
785412,12,2.83,6.0,0.0,0.0,34.0,4.0,6.0,30354,,15911,County Championship Division Two 2023,3,34,Gloucestershire,40,Durham,2023-07-12T14:11:46Z,2,False,,,,2673,Matthew Potts,36,James Bracey,35,Miles Hammond,206,166,Deep Mid Wicket,2,0,2,2,,LengthBall,Null,NotOut,Played,0,Worked,Null,Round,Medium,Right,Null,NotReferred,Null,False,False,False,False,False,False,10,False,False,False,False,False,False,2,0,0,0,0,False,False
785412,12,2.83,6.0,0.0,0.0,34.0,4.0,6.0,30354,,15911,County Championship Division Two 2023,3,34,Gloucestershire,40,Durham,2023-07-12T14:12:26Z,3,False,,,,2673,Matthew Potts,36,James Bracey,35,Miles Hammond,172,159,Deep Square Leg,1,0,1,1,,LengthBall,Null,NotOut,Played,0,Worked,Null,Round,Medium,Right,Null,NotReferred,Null,False,False,False,False,False,False,10,False,False,False,False,False,False,1,0,0,0,0,False,False
785412,12,2.83,6.0,0.0,0.0,34.0,4.0,6.0,30354,,15911,County Championship Division Two 2023,3,34,Gloucestershire,40,Durham,2023-07-12T14:13:05Z,4,False,,,,2673,Matthew Potts,35,Miles Hammond,36,James Bracey,304,105,Mid Off,1,0,1,1,,LengthBall,Null,NotOut,Played,0,Drive,Null,Round,Medium,Right,Null,NotReferred,Null,False,False,False,False,False,False,10,False,False,False,False,False,False,1,0,0,0,0,False,False
785412,12,2.83,6.0,0.0,0.0,34.0,4.0,6.0,30354,,15911,County Championship Division Two 2023,3,34,Gloucestershire,40,Durham,2023-07-12T14:13:46Z,5,False,,,,2673,Matthew Potts,36,James Bracey,35,Miles Hammond,90,48,Wicketkeeper,0,0,0,0,,LengthBall,Null,NotOut,Missed,0,ForwardDefensive,Null,Round,Medium,Right,Null,NotReferred,Null,False,False,False,False,False,False,10,False,False,False,False,False,False,0,0,0,0,0,False,False
785412,12,2.83,6.0,0.0,0.0,34.0,4.0,6.0,30354,,15911,County Championship Division Two 2023,3,34,Gloucestershire,40,Durham,2023-07-12T14:14:23Z,6,False,,,,2673,Matthew Potts,36,James Bracey,35,Miles Hammond,90,48,Wicketkeeper,0,0,0,0,,LengthBall,Null,NotOut,NoShot,0,Leave,Null,Round,Medium,Right,Null,NotReferred,Null,False,False,False,False,False,False,10,False,False,False,False,False,False,0,0,0,0,0,False,False
785421,13,2.62,0.0,0.0,0.0,34.0,4.0,0.0,30354,,15911,County Championship Division Two 2023,3,34,Gloucestershire,40,Durham,2023-07-12T14:15:39Z,1,False,,,,2675,Migael Pretorius,35,Miles Hammond,36,James Bracey,297,34,Silly Mid Off,0,0,0,0,,Yorker,Null,NotOut,Played,0,ForwardDefensive,Null,Over,Medium,Right,Null,NotReferred,Null,False,False,False,False,False,False,25,False,False,False,False,False,False,0,0,0,0,0,False,False
785421,13,2.62,0.0,0.0,0.0,34.0,4.0,0.0,30354,,15911,County Championship Division Two 2023,3,34,Gloucestershire,40,Durham,2023-07-12T14:16:06Z,2,False,,,,2675,Migael Pretorius,35,Miles Hammond,36,James Bracey,264,89,Mid On,0,0,0,0,,LengthBall,Null,NotOut,Played,0,Drive,Null,Over,Medium,Right,Null,NotReferred,Null,False,False,False,False,False,False,25,False,False,False,False,False,False,0,0,0,0,0,False,False
785421,13,2.62,0.0,0.0,0.0,34.0,4.0,0.0,30354,,15911,County Championship Division Two 2023,3,34,Gloucestershire,40,Durham,2023-07-12T14:16:35Z,3,False,,,,2675,Migael Pretorius,35,Miles Hammond,36,James Bracey,296,94,Mid Off,0,0,0,0,,LengthBall,Null,NotOut,Played,0,Drive,Null,Over,Medium,Right,Null,NotReferred,Null,False,False,False,False,False,False,25,False,False,False,False,False,False,0,0,0,0,0,False,False
785421,13,2.62,0.0,0.0,0.0,34.0,4.0,0.0,30354,,15911,County Championship Division Two 2023,3,34,Gloucestershire,40,Durham,2023-07-12T14:17:05Z,4,False,,,,2675,Migael Pretorius,35,Miles Hammond,36,James Bracey,300,88,Mid Off,0,0,0,0,,LengthBall,Null,NotOut,Played,0,ForwardDefensive,Null,Over,Medium,Right,Null,NotReferred,Null,False,False,False,False,False,False,25,False,False,False,False,False,False,0,0,0,0,0,False,False
785421,13,2.62,0.0,0.0,0.0,34.0,4.0,0.0,30354,,15911,County Championship Division Two 2023,3,34,Gloucestershire,40,Durham,2023-07-12T14:17:37Z,5,False,,,,2675,Migael Pretorius,35,Miles Hammond,36,James Bracey,209,46,Short Mid Wicket,0,0,0,0,,LengthBall,Null,NotOut,Played,0,Worked,Null,Over,Medium,Right,Null,NotReferred,Null,False,False,False,False,False,False,25,False,False,False,False,False,False,0,0,0,0,0,False,False
785421,13,2.62,0.0,0.0,0.0,34.0,4.0,0.0,30354,,15911,County Championship Division Two 2023,3,34,Gloucestershire,40,Durham,2023-07-12T14:18:06Z,6,False,,,,2675,Migael Pretorius,35,Miles Hammond,36,James Bracey,206,48,Short Mid Wicket,0,0,0,0,,LengthBall,Null,NotOut,Played,0,Worked,Null,Over,Medium,Right,Null,NotReferred,Null,False,False,False,False,False,False,25,False,False,False,False,False,False,0,0,0,0,0,False,False
785429,14,2.71,4.0,0.0,0.0,38.0,4.0,4.0,30354,,15911,County Championship Division Two 2023,3,34,Gloucestershire,40,Durham,2023-07-12T14:19:10Z,1,False,,,,2672,Brydon Carse,36,James Bracey,35,Miles Hammond,310,48,Short Extra Cover,0,0,0,0,,LengthBall,Null,NotOut,Played,0,ForwardDefensive,Null,Over,Fast,Right,Null,NotReferred,Null,False,False,False,False,False,False,10,False,False,False,False,False,False,0,0,0,0,0,False,False
785429,14,2.71,4.0,0.0,0.0,38.0,4.0,4.0,30354,,15911,County Championship Division Two 2023,3,34,Gloucestershire,40,Durham,2023-07-12T14:19:45Z,2,False,,,,2672,Brydon Carse,36,James Bracey,35,Miles Hammond,251,89,Mid On,0,0,0,0,,LengthBall,Null,NotOut,Played,0,Drive,Null,Over,Fast,Right,Null,NotReferred,Null,False,False,False,False,False,False,10,False,False,False,False,False,False,0,0,0,0,0,False,False
785429,14,2.71,4.0,0.0,0.0,38.0,4.0,4.0,30354,,15911,County Championship Division Two 2023,3,34,Gloucestershire,40,Durham,2023-07-12T14:20:20Z,3,False,,,,2672,Brydon Carse,36,James Bracey,35,Miles Hammond,196,45,Short Mid Wicket,0,0,0,0,,LengthBall,Null,NotOut,Played,0,Worked,Null,Over,Fast,Right,Null,NotReferred,Null,False,False,False,False,False,False,10,False,False,False,False,False,False,0,0,0,0,0,False,False
785429,14,2.71,4.0,0.0,0.0,38.0,4.0,4.0,30354,,15911,County Championship Division Two 2023,3,34,Gloucestershire,40,Durham,2023-07-12T14:20:57Z,4,False,,,,2672,Brydon Carse,36,James Bracey,35,Miles Hammond,304,98,Mid Off,0,0,0,0,,LengthBall,Null,NotOut,Played,0,Drive,Null,Over,Fast,Right,Null,NotReferred,Null,False,False,False,False,False,False,10,False,False,False,False,False,False,0,0,0,0,0,False,False
785429,14,2.71,4.0,0.0,0.0,38.0,4.0,4.0,30354,,15911,County Championship Division Two 2023,3,34,Gloucestershire,40,Durham,2023-07-12T14:21:34Z,5,False,,,,2672,Brydon Carse,36,James Bracey,35,Miles Hammond,270,40,Bowler,0,0,0,0,,LengthBall,Null,NotOut,Played,0,ForwardDefensive,Null,Over,Fast,Right,Null,NotReferred,Null,False,False,False,False,False,False,10,False,False,False,False,False,False,0,0,0,0,0,False,False
785429,14,2.71,4.0,0.0,0.0,38.0,4.0,4.0,30354,,15911,County Championship Division Two 2023,3,34,Gloucestershire,40,Durham,2023-07-12T14:22:04Z,6,False,,,,2672,Brydon Carse,36,James Bracey,35,Miles Hammond,28,190,Third Man,4,0,4,4,,LengthBall,Null,NotOut,Edged,0,Drive,Null,Over,Fast,Right,Null,NotReferred,Null,False,False,False,False,False,False,10,False,False,False,False,False,False,4,0,0,0,0,False,True
785438,15,2.8,4.0,0.0,0.0,42.0,4.0,4.0,30354,,15911,County Championship Division Two 2023,3,34,Gloucestershire,40,Durham,2023-07-12T14:23:04Z,1,False,,,,2675,Migael Pretorius,35,Miles Hammond,36,James Bracey,331,49,Short Extra Cover,0,0,0,0,,LengthBall,Null,NotOut,Played,0,ForwardDefensive,Null,Over,Medium,Right,Null,NotReferred,Null,False,False,False,False,False,False,25,False,False,False,False,False,False,0,0,0,0,0,False,False
785438,15,2.8,4.0,0.0,0.0,42.0,4.0,4.0,30354,,15911,County Championship Division Two 2023,3,34,Gloucestershire,40,Durham,2023-07-12T14:23:34Z,2,False,,,,2675,Migael Pretorius,35,Miles Hammond,36,James Bracey,275,89,Mid Off,0,0,0,0,,LengthBall,Null,NotOut,Played,0,Drive,Null,Over,Medium,Right,Null,NotReferred,Null,False,False,False,False,False,False,25,False,False,False,False,False,False,0,0,0,0,0,False,False
785438,15,2.8,4.0,0.0,0.0,42.0,4.0,4.0,30354,,15911,County Championship Division Two 2023,3,34,Gloucestershire,40,Durham,2023-07-12T14:24:07Z,3,False,,,,2675,Migael Pretorius,35,Miles Hammond,36,James Bracey,312,38,Short Extra Cover,0,0,0,0,,LengthBall,Null,NotOut,Played,0,ForwardDefensive,Null,Over,Medium,Right,Null,NotReferred,Null,False,False,False,False,False,False,25,False,False,False,False,False,False,0,0,0,0,0,False,False
785438,15,2.8,4.0,0.0,0.0,42.0,4.0,4.0,30354,,15911,County Championship Division Two 2023,3,34,Gloucestershire,40,Durham,2023-07-12T14:24:54Z,4,False,,,,2675,Migael Pretorius,35,Miles Hammond,36,James Bracey,281,88,Mid Off,0,0,0,0,,LengthBall,Null,NotOut,Played,0,ForwardDefensive,Null,Over,Medium,Right,Null,NotReferred,Null,False,False,False,False,False,False,25,False,False,False,False,False,False,0,0,0,0,0,False,False
785438,15,2.8,4.0,0.0,0.0,42.0,4.0,4.0,30354,,15911,County Championship Division Two 2023,3,34,Gloucestershire,40,Durham,2023-07-12T14:25:25Z,5,False,,,,2675,Migael Pretorius,35,Miles Hammond,36,James Bracey,18,176,Deep Backward Point,4,0,4,4,,LengthBall,Null,NotOut,HitHard,0,Drive,Null,Over,Medium,Right,Null,NotReferred,Null,False,False,False,False,False,False,25,False,False,False,False,False,False,4,0,0,0,0,False,True
785438,15,2.8,4.0,0.0,0.0,42.0,4.0,4.0,30354,,15911,County Championship Division Two 2023,3,34,Gloucestershire,40,Durham,2023-07-12T14:26:00Z,6,False,,,,2675,Migael Pretorius,35,Miles Hammond,36,James Bracey,314,30,Silly Point,0,0,0,0,,LengthBall,Null,NotOut,Played,0,ForwardDefensive,Null,Over,Medium,Right,Null,NotReferred,Null,False,False,False,False,False,False,25,False,False,False,False,False,False,0,0,0,0,0,False,False
785443,16,2.69,1.0,0.0,0.0,43.0,4.0,1.0,30354,,15911,County Championship Division Two 2023,3,34,Gloucestershire,40,Durham,2023-07-12T14:26:44Z,1,False,,,,2672,Brydon Carse,36,James Bracey,35,Miles Hammond,207,38,Short Mid Wicket,0,0,0,0,,LengthBall,Null,NotOut,Played,0,ForwardDefensive,Null,Over,Fast,Right,Null,NotReferred,Null,False,False,False,False,False,False,10,False,False,False,False,False,False,0,0,0,0,0,False,False
785443,16,2.69,1.0,0.0,0.0,43.0,4.0,1.0,30354,,15911,County Championship Division Two 2023,3,34,Gloucestershire,40,Durham,2023-07-12T14:27:22Z,2,False,,,,2672,Brydon Carse,36,James Bracey,35,Miles Hammond,90,48,Wicketkeeper,0,0,0,0,,LengthBall,Null,NotOut,NoShot,0,Leave,Null,Over,Fast,Right,Null,NotReferred,Null,False,False,False,False,False,False,10,False,False,False,False,False,False,0,0,0,0,0,False,False
785443,16,2.69,1.0,0.0,0.0,43.0,4.0,1.0,30354,,15911,County Championship Division Two 2023,3,34,Gloucestershire,40,Durham,2023-07-12T14:27:57Z,3,False,,,,2672,Brydon Carse,36,James Bracey,35,Miles Hammond,90,48,Wicketkeeper,0,0,0,0,,Short,Null,NotOut,NoShot,0,Leave,Null,Over,Fast,Right,Null,NotReferred,Null,False,False,False,False,False,False,10,False,False,False,False,False,False,0,0,0,0,0,False,False
785443,16,2.69,1.0,0.0,0.0,43.0,4.0,1.0,30354,,15911,County Championship Division Two 2023,3,34,Gloucestershire,40,Durham,2023-07-12T14:28:37Z,4,False,,,,2672,Brydon Carse,36,James Bracey,35,Miles Hammond,330,36,Short Extra Cover,0,0,0,0,,LengthBall,Null,NotOut,Played,0,ForwardDefensive,Null,Round,Fast,Right,Null,NotReferred,Null,False,False,False,False,False,False,10,False,False,False,False,False,False,0,0,0,0,0,False,False
785443,16,2.69,1.0,0.0,0.0,43.0,4.0,1.0,30354,,15911,County Championship Division Two 2023,3,34,Gloucestershire,40,Durham,2023-07-12T14:29:15Z,5,False,,,,2672,Brydon Carse,36,James Bracey,35,Miles Hammond,169,152,Deep Backward Square Leg,1,0,1,1,,LengthBall,Null,NotOut,Played,0,Worked,Null,Round,Fast,Right,Null,NotReferred,Null,False,False,False,False,False,False,10,False,False,False,False,False,False,1,0,0,0,0,False,False
785443,16,2.69,1.0,0.0,0.0,43.0,4.0,1.0,30354,,15911,County Championship Division Two 2023,3,34,Gloucestershire,40,Durham,2023-07-12T14:29:54Z,6,False,,,,2672,Brydon Carse,35,Miles Hammond,36,James Bracey,90,48,Wicketkeeper,0,0,0,0,,LengthBall,Null,NotOut,NoShot,0,Leave,Null,Round,Fast,Right,Null,NotReferred,Null,False,False,False,False,False,False,10,False,False,False,False,False,False,0,0,0,0,0,False,False
785451,17,2.53,0.0,0.0,0.0,43.0,4.0,0.0,30354,,15911,County Championship Division Two 2023,3,34,Gloucestershire,40,Durham,2023-07-12T14:31:04Z,1,False,,,,2675,Migael Pretorius,36,James Bracey,35,Miles Hammond,324,81,Extra Cover,0,0,0,0,,LengthBall,Null,NotOut,Played,0,Drive,Null,Round,Medium,Right,Null,NotReferred,Null,False,False,False,False,False,False,25,False,False,False,False,False,False,0,0,0,0,0,False,False
785451,17,2.53,0.0,0.0,0.0,43.0,4.0,0.0,30354,,15911,County Championship Division Two 2023,3,34,Gloucestershire,40,Durham,2023-07-12T14:31:38Z,2,False,,,,2675,Migael Pretorius,36,James Bracey,35,Miles Hammond,270,40,Bowler,0,0,0,0,,LengthBall,Null,NotOut,Played,0,Drive,Null,Round,Medium,Right,Null,NotReferred,Null,False,False,False,False,False,False,25,False,False,False,False,False,False,0,0,0,0,0,False,False
785451,17,2.53,0.0,0.0,0.0,43.0,4.0,0.0,30354,,15911,County Championship Division Two 2023,3,34,Gloucestershire,40,Durham,2023-07-12T14:32:08Z,3,False,,,,2675,Migael Pretorius,36,James Bracey,35,Miles Hammond,270,40,Bowler,0,0,0,0,,LengthBall,Null,NotOut,Played,0,Drive,Null,Round,Medium,Right,Null,NotReferred,Null,False,False,False,False,False,False,25,False,False,False,False,False,False,0,0,0,0,0,False,False
785451,17,2.53,0.0,0.0,0.0,43.0,4.0,0.0,30354,,15911,County Championship Division Two 2023,3,34,Gloucestershire,40,Durham,2023-07-12T14:32:40Z,4,False,,,,2675,Migael Pretorius,36,James Bracey,35,Miles Hammond,322,52,Short Extra Cover,0,0,0,0,,LengthBall,Null,NotOut,Played,0,ForwardDefensive,Null,Round,Medium,Right,Null,NotReferred,Null,False,False,False,False,False,False,25,False,False,False,False,False,False,0,0,0,0,0,False,False
785451,17,2.53,0.0,0.0,0.0,43.0,4.0,0.0,30354,,15911,County Championship Division Two 2023,3,34,Gloucestershire,40,Durham,2023-07-12T14:33:11Z,5,False,,,,2675,Migael Pretorius,36,James Bracey,35,Miles Hammond,90,48,Wicketkeeper,0,0,0,0,,LengthBall,Null,NotOut,NoShot,0,Leave,Null,Round,Medium,Right,Null,NotReferred,Null,False,False,False,False,False,False,25,False,False,False,False,False,False,0,0,0,0,0,False,False
785451,17,2.53,0.0,0.0,0.0,43.0,4.0,0.0,30354,,15911,County Championship Division Two 2023,3,34,Gloucestershire,40,Durham,2023-07-12T14:33:47Z,6,False,,,,2675,Migael Pretorius,36,James Bracey,35,Miles Hammond,337,79,Cover,0,0,0,0,,LengthBall,Null,NotOut,Played,0,ForwardDefensive,Null,Round,Medium,Right,Null,NotReferred,Null,False,False,False,False,False,False,25,False,False,False,False,False,False,0,0,0,0,0,False,False
785457,18,2.83,4.0,0.0,4.0,51.0,4.0,8.0,30354,,15911,County Championship Division Two 2023,3,34,Gloucestershire,40,Durham,2023-07-12T14:34:43Z,1,False,,,,2672,Brydon Carse,35,Miles Hammond,36,James Bracey,43,175,Third Man,4,2,6,4,,LengthBall,Null,NotOut,Edged,0,Drive,Null,Over,Fast,Right,Null,NotReferred,Null,False,True,False,False,False,False,10,False,False,False,False,False,False,4,0,0,0,2,False,True
785457,18,2.83,4.0,0.0,4.0,51.0,4.0,8.0,30354,,15911,County Championship Division Two 2023,3,34,Gloucestershire,40,Durham,2023-07-12T14:35:30Z,1,False,,,,2672,Brydon Carse,35,Miles Hammond,36,James Bracey,90,48,Wicketkeeper,0,0,0,0,,LengthBall,Null,NotOut,Missed,0,ForwardDefensive,Null,Over,Fast,Right,Null,NotReferred,Null,False,False,False,False,False,False,10,False,False,False,False,False,False,0,0,0,0,0,False,False
785457,18,2.83,4.0,0.0,4.0,51.0,4.0,8.0,30354,,15911,County Championship Division Two 2023,3,34,Gloucestershire,40,Durham,2023-07-12T14:36:07Z,2,False,,,,2672,Brydon Carse,35,Miles Hammond,36,James Bracey,308,43,Silly Mid Off,0,0,0,0,,LengthBall,Null,NotOut,Played,0,ForwardDefensive,Null,Over,Fast,Right,Null,NotReferred,Null,False,False,False,False,False,False,10,False,False,False,False,False,False,0,0,0,0,0,False,False
785457,18,2.83,4.0,0.0,4.0,51.0,4.0,8.0,30354,,15911,County Championship Division Two 2023,3,34,Gloucestershire,40,Durham,2023-07-12T14:36:41Z,3,False,,,,2672,Brydon Carse,35,Miles Hammond,36,James Bracey,328,68,Extra Cover,0,0,0,0,,LengthBall,Null,NotOut,Played,0,ForwardDefensive,Null,Over,Fast,Right,Null,NotReferred,Null,False,False,False,False,False,False,10,False,False,False,False,False,False,0,0,0,0,0,False,False
785457,18,2.83,4.0,0.0,4.0,51.0,4.0,8.0,30354,,15911,County Championship Division Two 2023,3,34,Gloucestershire,40,Durham,2023-07-12T14:37:21Z,4,False,,,,2672,Brydon Carse,35,Miles Hammond,36,James Bracey,90,48,Wicketkeeper,0,0,0,0,,Short,Null,NotOut,NoShot,0,Leave,Null,Over,Fast,Right,Null,NotReferred,Null,False,False,False,False,False,False,10,False,False,False,False,False,False,0,0,0,0,0,False,False
785457,18,2.83,4.0,0.0,4.0,51.0,4.0,8.0,30354,,15911,County Championship Division Two 2023,3,34,Gloucestershire,40,Durham,2023-07-12T14:37:57Z,5,False,,,,2672,Brydon Carse,35,Miles Hammond,36,James Bracey,90,48,Wicketkeeper,0,2,2,0,,LengthBall,Null,NotOut,NoShot,0,Leave,Null,Over,Fast,Right,Null,NotReferred,Null,False,True,False,False,False,False,10,False,False,False,False,False,False,0,0,0,0,2,False,False
785457,18,2.83,4.0,0.0,4.0,51.0,4.0,8.0,30354,,15911,County Championship Division Two 2023,3,34,Gloucestershire,40,Durham,2023-07-12T14:38:51Z,5,False,,,,2672,Brydon Carse,35,Miles Hammond,36,James Bracey,331,63,Short Extra Cover,0,0,0,0,,LengthBall,Null,NotOut,Played,0,Drive,Null,Over,Fast,Right,Null,NotReferred,Null,False,False,False,False,False,False,10,False,False,False,False,False,False,0,0,0,0,0,False,False
785457,18,2.83,4.0,0.0,4.0,51.0,4.0,8.0,30354,,15911,County Championship Division Two 2023,3,34,Gloucestershire,40,Durham,2023-07-12T14:39:26Z,6,False,,,,2672,Brydon Carse,35,Miles Hammond,36,James Bracey,90,48,Wicketkeeper,0,0,0,0,,LengthBall,Null,NotOut,NoShot,0,Leave,Null,Over,Fast,Right,Null,NotReferred,Null,False,False,False,False,False,False,10,False,False,False,False,False,False,0,0,0,0,0,False,False
785470,19,2.95,5.0,0.0,0.0,56.0,4.0,5.0,30354,,15911,County Championship Division Two 2023,3,34,Gloucestershire,40,Durham,2023-07-12T14:40:16Z,1,False,,,,2675,Migael Pretorius,36,James Bracey,35,Miles Hammond,308,35,Silly Mid Off,0,0,0,0,,LengthBall,Null,NotOut,Played,0,ForwardDefensive,Null,Round,Medium,Right,Null,NotReferred,Null,False,False,False,False,False,False,25,False,False,False,False,False,False,0,0,0,0,0,False,False
785470,19,2.95,5.0,0.0,0.0,56.0,4.0,5.0,30354,,15911,County Championship Division Two 2023,3,34,Gloucestershire,40,Durham,2023-07-12T14:40:57Z,2,False,,,,2675,Migael Pretorius,36,James Bracey,35,Miles Hammond,278,74,Silly Mid Off,0,0,0,0,,LengthBall,Null,NotOut,Played,0,Drive,Null,Round,Medium,Right,Null,NotReferred,Null,False,False,False,False,False,False,25,False,False,False,False,False,False,0,0,0,0,0,False,False
785470,19,2.95,5.0,0.0,0.0,56.0,4.0,5.0,30354,,15911,County Championship Division Two 2023,3,34,Gloucestershire,40,Durham,2023-07-12T14:41:29Z,3,False,,,,2675,Migael Pretorius,36,James Bracey,35,Miles Hammond,246,90,Mid On,1,0,1,1,,LengthBall,Null,NotOut,Played,0,Drive,Null,Round,Medium,Right,Null,NotReferred,Null,False,False,False,False,False,False,25,False,False,False,False,False,False,1,0,0,0,0,False,False
785470,19,2.95,5.0,0.0,0.0,56.0,4.0,5.0,30354,,15911,County Championship Division Two 2023,3,34,Gloucestershire,40,Durham,2023-07-12T14:42:16Z,4,False,,,,2675,Migael Pretorius,35,Miles Hammond,36,James Bracey,245,92,Mid On,0,0,0,0,,LengthBall,Null,NotOut,Played,0,ForwardDefensive,Null,Round,Medium,Right,Null,NotReferred,Null,False,False,False,False,False,False,25,False,False,False,False,False,False,0,0,0,0,0,False,False
785470,19,2.95,5.0,0.0,0.0,56.0,4.0,5.0,30354,,15911,County Championship Division Two 2023,3,34,Gloucestershire,40,Durham,2023-07-12T14:42:46Z,5,False,,,,2675,Migael Pretorius,35,Miles Hammond,36,James Bracey,314,49,Short Extra Cover,0,0,0,0,,LengthBall,Null,NotOut,Played,0,ForwardDefensive,Null,Round,Medium,Right,Null,NotReferred,Null,False,False,False,False,False,False,25,False,False,False,False,False,False,0,0,0,0,0,False,False
785470,19,2.95,5.0,0.0,0.0,56.0,4.0,5.0,30354,,15911,County Championship Division Two 2023,3,34,Gloucestershire,40,Durham,2023-07-12T14:43:15Z,6,False,,,,2675,Migael Pretorius,35,Miles Hammond,36,James Bracey,118,198,Fine Leg,4,0,4,4,,LengthBall,Null,NotOut,HitHard,0,Flick,Null,Round,Medium,Right,Null,NotReferred,Null,False,False,False,False,False,False,25,False,False,False,False,False,False,4,0,0,0,0,False,True
785479,20,2.9,2.0,0.0,0.0,58.0,4.0,2.0,30354,,15911,County Championship Division Two 2023,3,34,Gloucestershire,40,Durham,2023-07-12T14:44:15Z,1,False,,,,2672,Brydon Carse,36,James Bracey,35,Miles Hammond,355,44,Point,0,0,0,0,,BackOfALength,Null,NotOut,Played,0,Dropped,Null,Round,Fast,Right,Null,NotReferred,Null,False,False,False,False,False,False,10,False,False,False,False,False,False,0,0,0,0,0,False,False
785479,20,2.9,2.0,0.0,0.0,58.0,4.0,2.0,30354,,15911,County Championship Division Two 2023,3,34,Gloucestershire,40,Durham,2023-07-12T14:44:48Z,2,False,,,,2672,Brydon Carse,36,James Bracey,35,Miles Hammond,321,159,Deep Extra Cover,2,0,2,2,,LengthBall,Null,NotOut,Played,0,Drive,Null,Round,Fast,Right,Null,NotReferred,Null,False,False,False,False,False,False,10,False,False,False,False,False,False,2,0,0,0,0,False,False
785479,20,2.9,2.0,0.0,0.0,58.0,4.0,2.0,30354,,15911,County Championship Division Two 2023,3,34,Gloucestershire,40,Durham,2023-07-12T14:45:36Z,3,False,,,,2672,Brydon Carse,36,James Bracey,35,Miles Hammond,90,48,Wicketkeeper,0,0,0,0,,LengthBall,Null,NotOut,Missed,0,ForwardDefensive,Null,Round,Fast,Right,Null,NotReferred,Null,False,False,False,False,False,False,10,False,False,False,False,False,False,0,0,0,0,0,False,False
785479,20,2.9,2.0,0.0,0.0,58.0,4.0,2.0,30354,,15911,County Championship Division Two 2023,3,34,Gloucestershire,40,Durham,2023-07-12T14:46:15Z,4,False,,,,2672,Brydon Carse,36,James Bracey,35,Miles Hammond,18,51,Gully,0,0,0,0,,LengthBall,Null,NotOut,Edged,0,ForwardDefensive,Null,Round,Fast,Right,Null,NotReferred,Null,False,False,False,False,False,False,10,False,False,False,False,False,False,0,0,0,0,0,False,False
785479,20,2.9,2.0,0.0,0.0,58.0,4.0,2.0,30354,,15911,County Championship Division Two 2023,3,34,Gloucestershire,40,Durham,2023-07-12T14:46:53Z,5,False,,,,2672,Brydon Carse,36,James Bracey,35,Miles Hammond,90,48,Wicketkeeper,0,0,0,0,,LengthBall,Null,NotOut,NoShot,0,Leave,Null,Round,Fast,Right,Null,NotReferred,Null,False,False,False,False,False,False,10,False,False,False,False,False,False,0,0,0,0,0,False,False
785479,20,2.9,2.0,0.0,0.0,58.0,4.0,2.0,30354,,15911,County Championship Division Two 2023,3,34,Gloucestershire,40,Durham,2023-07-12T14:47:31Z,6,False,,,,2672,Brydon Carse,36,James Bracey,35,Miles Hammond,318,28,Silly Point,0,0,0,0,,LengthBall,Null,NotOut,Played,0,ForwardDefensive,Null,Round,Fast,Right,Null,NotReferred,Null,False,False,False,False,False,False,10,False,False,False,False,False,False,0,0,0,0,0,False,False
785490,21,3.0,5.0,1.0,0.0,63.0,5.0,5.0,30354,,15911,County Championship Division Two 2023,3,34,Gloucestershire,40,Durham,2023-07-12T14:48:43Z,1,False,,,,2675,Migael Pretorius,35,Miles Hammond,36,James Bracey,317,52,Short Extra Cover,0,0,0,0,,LengthBall,Null,NotOut,Played,0,ForwardDefensive,Null,Round,Medium,Right,Null,NotReferred,Null,False,False,False,False,False,False,25,False,False,False,False,False,False,0,0,0,0,0,False,False
785490,21,3.0,5.0,1.0,0.0,63.0,5.0,5.0,30354,,15911,County Championship Division Two 2023,3,34,Gloucestershire,40,Durham,2023-07-12T14:49:17Z,2,False,,,,2675,Migael Pretorius,35,Miles Hammond,36,James Bracey,270,40,Bowler,0,0,0,0,,LengthBall,Null,NotOut,Played,0,ForwardDefensive,Null,Round,Medium,Right,Null,NotReferred,Null,False,False,False,False,False,False,25,False,False,False,False,False,False,0,0,0,0,0,False,False
785490,21,3.0,5.0,1.0,0.0,63.0,5.0,5.0,30354,,15911,County Championship Division Two 2023,3,34,Gloucestershire,40,Durham,2023-07-12T14:49:47Z,3,False,,,,2675,Migael Pretorius,35,Miles Hammond,36,James Bracey,39,187,Third Man,4,0,4,4,,LengthBall,Null,NotOut,Edged,0,Drive,Null,Round,Medium,Right,Null,NotReferred,Null,False,False,False,False,False,False,25,False,False,False,False,False,False,4,0,0,0,0,False,True
785490,21,3.0,5.0,1.0,0.0,63.0,5.0,5.0,30354,,15911,County Championship Division Two 2023,3,34,Gloucestershire,40,Durham,2023-07-12T14:50:32Z,4,False,,,,2675,Migael Pretorius,35,Miles Hammond,36,James Bracey,145,127,Fine Leg,1,0,1,1,,Short,Null,NotOut,MisTimed,0,Pull,Null,Round,Medium,Right,Null,NotReferred,Null,False,False,False,False,False,False,25,False,False,False,False,False,False,1,0,0,0,0,False,False
785490,21,3.0,5.0,1.0,0.0,63.0,5.0,5.0,30354,,15911,County Championship Division Two 2023,3,34,Gloucestershire,40,Durham,2023-07-12T14:51:13Z,5,True,Caught,36.0,James Bracey,2675,Migael Pretorius,36,James Bracey,35,Miles Hammond,90,48,Wicketkeeper,0,0,0,0,Caught,LengthBall,Null,NotOut,Edged,0,Drive,Null,Round,Medium,Right,Out1stUmpire,NotReferred,Null,False,False,False,False,False,False,25,False,False,False,False,False,False,0,0,0,0,0,False,False
785490,21,3.0,5.0,1.0,0.0,63.0,5.0,5.0,30354,,15911,County Championship Division Two 2023,3,34,Gloucestershire,40,Durham,2023-07-12T14:53:28Z,6,False,,,,2675,Migael Pretorius,4202,Zafar Gohar,35,Miles Hammond,270,40,Bowler,0,0,0,0,,LengthBall,Null,NotOut,Played,0,ForwardDefensive,Null,Round,Medium,Right,Null,NotReferred,Null,False,False,False,False,False,False,25,False,False,False,False,False,False,0,0,0,0,0,False,False
785504,22,3.18,7.0,0.0,0.0,70.0,5.0,7.0,30354,,15911,County Championship Division Two 2023,3,34,Gloucestershire,40,Durham,2023-07-12T14:54:48Z,1,False,,,,2673,Matthew Potts,35,Miles Hammond,4202,Zafar Gohar,147,76,Short Fine Leg,1,0,1,1,,LengthBall,Null,NotOut,Edged,0,ForwardDefensive,Null,Round,Medium,Right,Null,NotReferred,Null,False,False,False,False,False,False,10,False,False,False,False,False,False,1,0,0,0,0,False,False
785504,22,3.18,7.0,0.0,0.0,70.0,5.0,7.0,30354,,15911,County Championship Division Two 2023,3,34,Gloucestershire,40,Durham,2023-07-12T14:55:30Z,2,False,,,,2673,Matthew Potts,4202,Zafar Gohar,35,Miles Hammond,180,152,Deep Square Leg,1,0,1,1,,LengthBall,Null,NotOut,Played,0,Worked,Null,Round,Medium,Right,Null,NotReferred,Null,False,False,False,False,False,False,10,False,False,False,False,False,False,1,0,0,0,0,False,False
785504,22,3.18,7.0,0.0,0.0,70.0,5.0,7.0,30354,,15911,County Championship Division Two 2023,3,34,Gloucestershire,40,Durham,2023-07-12T14:56:36Z,3,False,,,,2673,Matthew Potts,35,Miles Hammond,4202,Zafar Gohar,90,48,Wicketkeeper,0,0,0,0,,LengthBall,Null,NotOut,NoShot,0,Leave,Null,Round,Medium,Right,Null,NotReferred,Null,False,False,False,False,False,False,10,False,False,False,False,False,False,0,0,0,0,0,False,False
785504,22,3.18,7.0,0.0,0.0,70.0,5.0,7.0,30354,,15911,County Championship Division Two 2023,3,34,Gloucestershire,40,Durham,2023-07-12T14:57:07Z,4,False,,,,2673,Matthew Potts,35,Miles Hammond,4202,Zafar Gohar,332,188,Deep Extra Cover,4,0,4,4,,LengthBall,Null,NotOut,HitHard,0,Drive,Null,Round,Medium,Right,Null,NotReferred,Null,False,False,False,False,False,False,10,False,False,False,False,False,False,4,0,0,0,0,False,True
785504,22,3.18,7.0,0.0,0.0,70.0,5.0,7.0,30354,,15911,County Championship Division Two 2023,3,34,Gloucestershire,40,Durham,2023-07-12T14:57:47Z,5,False,,,,2673,Matthew Potts,35,Miles Hammond,4202,Zafar Gohar,173,154,Deep Square Leg,1,0,1,1,,LengthBall,Null,NotOut,Played,0,Worked,Null,Round,Medium,Right,Null,NotReferred,Null,False,False,False,False,False,False,10,False,False,False,False,False,False,1,0,0,0,0,False,False
785504,22,3.18,7.0,0.0,0.0,70.0,5.0,7.0,30354,,15911,County Championship Division Two 2023,3,34,Gloucestershire,40,Durham,2023-07-12T14:58:23Z,6,False,,,,2673,Matthew Potts,4202,Zafar Gohar,35,Miles Hammond,0,1,Short Leg,0,0,0,0,,LengthBall,Null,NotOut,MisTimed,0,Drive,Null,Round,Medium,Right,Null,NotReferred,Null,False,False,False,False,False,False,10,False,False,False,False,False,False,0,0,0,0,0,False,False
785513,23,3.39,8.0,0.0,0.0,78.0,5.0,8.0,30354,,15911,County Championship Division Two 2023,3,34,Gloucestershire,40,Durham,2023-07-12T14:59:15Z,1,False,,,,2675,Migael Pretorius,35,Miles Hammond,4202,Zafar Gohar,348,138,Deep Point,1,0,1,1,,BackOfALength,Null,NotOut,Played,0,Pushed,Null,Round,Medium,Right,Null,NotReferred,Null,False,False,False,False,False,False,25,False,False,False,False,False,False,1,0,0,0,0,False,False
785513,23,3.39,8.0,0.0,0.0,78.0,5.0,8.0,30354,,15911,County Championship Division Two 2023,3,34,Gloucestershire,40,Durham,2023-07-12T14:59:57Z,2,False,,,,2675,Migael Pretorius,4202,Zafar Gohar,35,Miles Hammond,106,185,Fine Leg,4,0,4,4,,LengthBall,Null,NotOut,Edged,0,Drive,Null,Round,Medium,Right,Null,NotReferred,Null,False,False,False,False,False,False,25,False,False,False,False,False,False,4,0,0,0,0,False,True
785513,23,3.39,8.0,0.0,0.0,78.0,5.0,8.0,30354,,15911,County Championship Division Two 2023,3,34,Gloucestershire,40,Durham,2023-07-12T15:00:49Z,3,False,,,,2675,Migael Pretorius,4202,Zafar Gohar,35,Miles Hammond,322,56,Short Extra Cover,0,0,0,0,,LengthBall,Null,NotOut,Played,0,ForwardDefensive,Null,Round,Medium,Right,Null,NotReferred,Null,False,False,False,False,False,False,25,False,False,False,False,False,False,0,0,0,0,0,False,False
785513,23,3.39,8.0,0.0,0.0,78.0,5.0,8.0,30354,,15911,County Championship Division Two 2023,3,34,Gloucestershire,40,Durham,2023-07-12T15:01:21Z,4,False,,,,2675,Migael Pretorius,4202,Zafar Gohar,35,Miles Hammond,270,40,Bowler,0,0,0,0,,LengthBall,Null,NotOut,Played,0,Drive,Null,Round,Medium,Right,Null,NotReferred,Null,False,False,False,False,False,False,25,False,False,False,False,False,False,0,0,0,0,0,False,False
785513,23,3.39,8.0,0.0,0.0,78.0,5.0,8.0,30354,,15911,County Championship Division Two 2023,3,34,Gloucestershire,40,Durham,2023-07-12T15:02:23Z,5,False,,,,2675,Migael Pretorius,4202,Zafar Gohar,35,Miles Hammond,11,148,Deep Backward Point,3,0,3,3,,LengthBall,Null,NotOut,Played,0,Drive,Null,Round,Medium,Right,Null,NotReferred,Null,False,False,False,False,False,False,25,False,False,False,False,False,False,3,0,0,0,0,False,False
785513,23,3.39,8.0,0.0,0.0,78.0,5.0,8.0,30354,,15911,County Championship Division Two 2023,3,34,Gloucestershire,40,Durham,2023-07-12T15:03:02Z,6,False,,,,2675,Migael Pretorius,35,Miles Hammond,4202,Zafar Gohar,90,48,Wicketkeeper,0,0,0,0,,LengthBall,Null,NotOut,NoShot,0,Leave,Null,Round,Medium,Right,Null,NotReferred,Null,False,False,False,False,False,False,25,False,False,False,False,False,False,0,0,0,0,0,False,False
785522,24,3.29,1.0,0.0,0.0,79.0,5.0,1.0,30354,,15911,County Championship Division Two 2023,3,34,Gloucestershire,40,Durham,2023-07-12T15:03:48Z,1,False,,,,2673,Matthew Potts,4202,Zafar Gohar,35,Miles Hammond,150,134,Fine Leg,1,0,1,1,,LengthBall,Null,NotOut,Edged,0,Drive,Null,Round,Medium,Right,Null,NotReferred,Null,False,False,False,False,False,False,10,False,False,False,False,False,False,1,0,0,0,0,False,False
785522,24,3.29,1.0,0.0,0.0,79.0,5.0,1.0,30354,,15911,County Championship Division Two 2023,3,34,Gloucestershire,40,Durham,2023-07-12T15:04:27Z,2,False,,,,2673,Matthew Potts,35,Miles Hammond,4202,Zafar Gohar,246,96,Mid On,0,0,0,0,,LengthBall,Null,NotOut,Played,0,ForwardDefensive,Null,Round,Medium,Right,Null,NotReferred,Null,False,False,False,False,False,False,10,False,False,False,False,False,False,0,0,0,0,0,False,False
785522,24,3.29,1.0,0.0,0.0,79.0,5.0,1.0,30354,,15911,County Championship Division Two 2023,3,34,Gloucestershire,40,Durham,2023-07-12T15:05:00Z,3,False,,,,2673,Matthew Potts,35,Miles Hammond,4202,Zafar Gohar,198,91,Mid Wicket,0,0,0,0,,LengthBall,Null,NotOut,Played,0,Worked,Null,Round,Medium,Right,Null,NotReferred,Null,False,False,False,False,False,False,10,False,False,False,False,False,False,0,0,0,0,0,False,False
785522,24,3.29,1.0,0.0,0.0,79.0,5.0,1.0,30354,,15911,County Championship Division Two 2023,3,34,Gloucestershire,40,Durham,2023-07-12T15:05:34Z,4,False,,,,2673,Matthew Potts,35,Miles Hammond,4202,Zafar Gohar,253,87,Mid On,0,0,0,0,,LengthBall,Null,NotOut,Played,0,ForwardDefensive,Null,Round,Medium,Right,Null,NotReferred,Null,False,False,False,False,False,False,10,False,False,False,False,False,False,0,0,0,0,0,False,False
785522,24,3.29,1.0,0.0,0.0,79.0,5.0,1.0,30354,,15911,County Championship Division Two 2023,3,34,Gloucestershire,40,Durham,2023-07-12T15:06:10Z,5,False,,,,2673,Matthew Potts,35,Miles Hammond,4202,Zafar Gohar,336,95,Cover,0,0,0,0,,LengthBall,Null,NotOut,Played,0,Pushed,Null,Round,Medium,Right,Null,NotReferred,Null,False,False,False,False,False,False,10,False,False,False,False,False,False,0,0,0,0,0,False,False
785522,24,3.29,1.0,0.0,0.0,79.0,5.0,1.0,30354,,15911,County Championship Division Two 2023,3,34,Gloucestershire,40,Durham,2023-07-12T15:06:44Z,6,False,,,,2673,Matthew Potts,35,Miles Hammond,4202,Zafar Gohar,270,40,Bowler,0,0,0,0,,LengthBall,Null,NotOut,Played,0,ForwardDefensive,Null,Round,Medium,Right,Null,NotReferred,Null,False,False,False,False,False,False,10,False,False,False,False,False,False,0,0,0,0,0,False,False
785529,25,3.28,3.0,0.0,0.0,82.0,5.0,3.0,30354,,15911,County Championship Division Two 2023,3,34,Gloucestershire,40,Durham,2023-07-12T15:08:00Z,1,False,,,,248,Matt Parkinson,4202,Zafar Gohar,35,Miles Hammond,318,27,Silly Point,0,0,0,0,,LengthBall,Null,NotOut,Played,0,ForwardDefensive,Null,Over,LegSpin,Right,Null,NotReferred,Null,False,False,False,False,False,False,25,False,False,False,False,False,False,0,0,0,0,0,False,False
785529,25,3.28,3.0,0.0,0.0,82.0,5.0,3.0,30354,,15911,County Championship Division Two 2023,3,34,Gloucestershire,40,Durham,2023-07-12T15:08:19Z,2,False,,,,248,Matt Parkinson,4202,Zafar Gohar,35,Miles Hammond,270,40,Bowler,0,0,0,0,,LengthBall,Null,NotOut,Played,0,ForwardDefensive,Null,Over,LegSpin,Right,Null,NotReferred,Null,False,False,False,False,False,False,25,False,False,False,False,False,False,0,0,0,0,0,False,False
785529,25,3.28,3.0,0.0,0.0,82.0,5.0,3.0,30354,,15911,County Championship Division Two 2023,3,34,Gloucestershire,40,Durham,2023-07-12T15:08:37Z,3,False,,,,248,Matt Parkinson,4202,Zafar Gohar,35,Miles Hammond,2,158,Deep Point,2,0,2,2,,BackOfALength,Null,NotOut,Played,0,LateCut,Null,Over,LegSpin,Right,Null,NotReferred,Null,False,False,False,False,False,False,25,False,False,False,False,False,False,2,0,0,0,0,False,False
785529,25,3.28,3.0,0.0,0.0,82.0,5.0,3.0,30354,,15911,County Championship Division Two 2023,3,34,Gloucestershire,40,Durham,2023-07-12T15:09:07Z,4,False,,,,248,Matt Parkinson,4202,Zafar Gohar,35,Miles Hammond,270,40,Bowler,0,0,0,0,,LengthBall,Null,NotOut,Played,0,ForwardDefensive,Null,Round,LegSpin,Right,Null,NotReferred,Null,False,False,False,False,False,False,25,False,False,False,False,False,False,0,0,0,0,0,False,False
785529,25,3.28,3.0,0.0,0.0,82.0,5.0,3.0,30354,,15911,County Championship Division Two 2023,3,34,Gloucestershire,40,Durham,2023-07-12T15:09:27Z,5,False,,,,248,Matt Parkinson,4202,Zafar Gohar,35,Miles Hammond,220,50,Short Mid Wicket,0,0,0,0,,LengthBall,Null,NotOut,Played,0,ForwardDefensive,Null,Round,LegSpin,Right,Null,NotReferred,Null,False,False,False,False,False,False,25,False,False,False,False,False,False,0,0,0,0,0,False,False
785529,25,3.28,3.0,0.0,0.0,82.0,5.0,3.0,30354,,15911,County Championship Division Two 2023,3,34,Gloucestershire,40,Durham,2023-07-12T15:09:47Z,6,False,,,,248,Matt Parkinson,4202,Zafar Gohar,35,Miles Hammond,243,93,Mid On,1,0,1,1,,LengthBall,Null,NotOut,Played,0,Drive,Null,Round,LegSpin,Right,Null,NotReferred,Null,False,False,False,False,False,False,25,False,False,False,False,False,False,1,0,0,0,0,False,False
785537,26,3.19,1.0,0.0,0.0,83.0,5.0,1.0,30354,,15911,County Championship Division Two 2023,3,34,Gloucestershire,40,Durham,2023-07-12T15:10:37Z,1,False,,,,2673,Matthew Potts,4202,Zafar Gohar,35,Miles Hammond,208,101,Mid Wicket,1,0,1,1,,LengthBall,Null,NotOut,Played,0,ForwardDefensive,Null,Round,Medium,Right,Null,NotReferred,Null,False,False,False,False,False,False,10,False,False,False,False,False,False,1,0,0,0,0,False,False
785537,26,3.19,1.0,0.0,0.0,83.0,5.0,1.0,30354,,15911,County Championship Division Two 2023,3,34,Gloucestershire,40,Durham,2023-07-12T15:11:13Z,2,False,,,,2673,Matthew Potts,35,Miles Hammond,4202,Zafar Gohar,212,52,Short Mid Wicket,0,0,0,0,,LengthBall,Null,NotOut,Played,0,Worked,Null,Round,Medium,Right,Null,NotReferred,Null,False,False,False,False,False,False,10,False,False,False,False,False,False,0,0,0,0,0,False,False
785537,26,3.19,1.0,0.0,0.0,83.0,5.0,1.0,30354,,15911,County Championship Division Two 2023,3,34,Gloucestershire,40,Durham,2023-07-12T15:11:40Z,3,False,,,,2673,Matthew Potts,35,Miles Hammond,4202,Zafar Gohar,324,67,Extra Cover,0,0,0,0,,LengthBall,Null,NotOut,Played,0,ForwardDefensive,Null,Round,Medium,Right,Null,NotReferred,Null,False,False,False,False,False,False,10,False,False,False,False,False,False,0,0,0,0,0,False,False
785537,26,3.19,1.0,0.0,0.0,83.0,5.0,1.0,30354,,15911,County Championship Division Two 2023,3,34,Gloucestershire,40,Durham,2023-07-12T15:12:14Z,4,False,,,,2673,Matthew Potts,35,Miles Hammond,4202,Zafar Gohar,90,48,Wicketkeeper,0,0,0,0,,LengthBall,Null,NotOut,Missed,0,ForwardDefensive,Null,Round,Medium,Right,Null,NotReferred,Null,False,False,False,False,False,False,10,False,False,False,False,False,False,0,0,0,0,0,False,False
785537,26,3.19,1.0,0.0,0.0,83.0,5.0,1.0,30354,,15911,County Championship Division Two 2023,3,34,Gloucestershire,40,Durham,2023-07-12T15:12:50Z,5,False,,,,2673,Matthew Potts,35,Miles Hammond,4202,Zafar Gohar,214,56,Short Mid Wicket,0,0,0,0,,LengthBall,Null,NotOut,Played,0,ForwardDefensive,Null,Round,Medium,Right,Null,NotReferred,Null,False,False,False,False,False,False,10,False,False,False,False,False,False,0,0,0,0,0,False,False
785537,26,3.19,1.0,0.0,0.0,83.0,5.0,1.0,30354,,15911,County Championship Division Two 2023,3,34,Gloucestershire,40,Durham,2023-07-12T15:13:25Z,6,False,,,,2673,Matthew Potts,35,Miles Hammond,4202,Zafar Gohar,303,42,Silly Mid Off,0,0,0,0,,LengthBall,Null,NotOut,Played,0,ForwardDefensive,Null,Round,Medium,Right,Null,NotReferred,Null,False,False,False,False,False,False,10,False,False,False,False,False,False,0,0,0,0,0,False,False
785548,27,3.15,2.0,0.0,0.0,85.0,5.0,2.0,30354,,15911,County Championship Division Two 2023,3,34,Gloucestershire,40,Durham,2023-07-12T15:14:22Z,1,False,,,,248,Matt Parkinson,4202,Zafar Gohar,35,Miles Hammond,204,87,Mid Wicket,0,0,0,0,,LengthBall,Null,NotOut,Played,0,Worked,Null,Over,LegSpin,Right,Null,NotReferred,Null,False,False,False,False,False,False,25,False,False,False,False,False,False,0,0,0,0,0,False,False
785548,27,3.15,2.0,0.0,0.0,85.0,5.0,2.0,30354,,15911,County Championship Division Two 2023,3,34,Gloucestershire,40,Durham,2023-07-12T15:14:38Z,2,False,,,,248,Matt Parkinson,4202,Zafar Gohar,35,Miles Hammond,201,28,Short Leg,0,0,0,0,,LengthBall,Null,NotOut,Played,0,ForwardDefensive,Null,Over,LegSpin,Right,Null,NotReferred,Null,False,False,False,False,False,False,25,False,False,False,False,False,False,0,0,0,0,0,False,False
785548,27,3.15,2.0,0.0,0.0,85.0,5.0,2.0,30354,,15911,County Championship Division Two 2023,3,34,Gloucestershire,40,Durham,2023-07-12T15:14:55Z,3,False,,,,248,Matt Parkinson,4202,Zafar Gohar,35,Miles Hammond,324,51,Short Extra Cover,1,0,1,1,,LengthBall,Null,NotOut,Played,0,Dropped,Null,Over,LegSpin,Right,Null,NotReferred,Null,False,False,False,False,False,False,25,False,False,False,False,False,False,1,0,0,0,0,False,False
785548,27,3.15,2.0,0.0,0.0,85.0,5.0,2.0,30354,,15911,County Championship Division Two 2023,3,34,Gloucestershire,40,Durham,2023-07-12T15:15:28Z,4,False,,,,248,Matt Parkinson,35,Miles Hammond,4202,Zafar Gohar,154,129,Fine Leg,1,0,1,1,,LengthBall,Null,NotOut,Played,0,Worked,Null,Over,LegSpin,Right,Null,NotReferred,Null,False,False,False,False,False,False,25,False,False,False,False,False,False,1,0,0,0,0,False,False
785548,27,3.15,2.0,0.0,0.0,85.0,5.0,2.0,30354,,15911,County Championship Division Two 2023,3,34,Gloucestershire,40,Durham,2023-07-12T15:16:00Z,5,False,,,,248,Matt Parkinson,4202,Zafar Gohar,35,Miles Hammond,318,8,Silly Point,0,0,0,0,,LengthBall,Null,Lbw,HitPad,0,ForwardDefensive,Null,Over,LegSpin,Right,NotOut1stUmpire,NotReferred,Null,False,False,False,False,False,True,25,False,False,False,False,False,False,0,0,0,0,0,False,False
785548,27,3.15,2.0,0.0,0.0,85.0,5.0,2.0,30354,,15911,County Championship Division Two 2023,3,34,Gloucestershire,40,Durham,2023-07-12T15:16:41Z,6,False,,,,248,Matt Parkinson,4202,Zafar Gohar,35,Miles Hammond,196,23,Short Leg,0,0,0,0,,LengthBall,Null,NotOut,Played,0,ForwardDefensive,Null,Over,LegSpin,Right,Null,NotReferred,Null,False,False,False,False,False,False,25,False,False,False,False,False,False,0,0,0,0,0,False,False
785556,28,3.11,2.0,0.0,0.0,87.0,5.0,2.0,30354,,15911,County Championship Division Two 2023,3,34,Gloucestershire,40,Durham,2023-07-12T15:18:02Z,1,False,,,,120,Ben Raine,35,Miles Hammond,4202,Zafar Gohar,350,159,Deep Point,2,0,2,2,,LengthBall,Null,NotOut,Played,0,Drive,Null,Over,Fast,Right,Null,NotReferred,Null,False,False,False,False,False,False,10,False,False,False,False,False,False,2,0,0,0,0,False,False
785556,28,3.11,2.0,0.0,0.0,87.0,5.0,2.0,30354,,15911,County Championship Division Two 2023,3,34,Gloucestershire,40,Durham,2023-07-12T15:18:42Z,2,False,,,,120,Ben Raine,35,Miles Hammond,4202,Zafar Gohar,321,45,Short Extra Cover,0,0,0,0,,LengthBall,Null,NotOut,Played,0,ForwardDefensive,Null,Round,Fast,Right,Null,NotReferred,Null,False,False,False,False,False,False,10,False,False,False,False,False,False,0,0,0,0,0,False,False
785556,28,3.11,2.0,0.0,0.0,87.0,5.0,2.0,30354,,15911,County Championship Division Two 2023,3,34,Gloucestershire,40,Durham,2023-07-12T15:19:34Z,3,False,,,,120,Ben Raine,35,Miles Hammond,4202,Zafar Gohar,213,64,Short Mid Wicket,0,0,0,0,,LengthBall,Null,NotOut,Played,0,Worked,Null,Round,Fast,Right,Null,NotReferred,Null,False,False,False,False,False,False,25,False,False,False,False,False,False,0,0,0,0,0,False,False
785556,28,3.11,2.0,0.0,0.0,87.0,5.0,2.0,30354,,15911,County Championship Division Two 2023,3,34,Gloucestershire,40,Durham,2023-07-12T15:20:11Z,4,False,,,,120,Ben Raine,35,Miles Hammond,4202,Zafar Gohar,180,45,Leg Gully,0,0,0,0,,LengthBall,Null,Lbw,HitPad,0,ForwardDefensive,Null,Round,Fast,Right,NotOut1stUmpire,NotReferred,Null,False,False,False,False,False,True,25,False,False,False,False,False,False,0,0,0,0,0,False,False
785556,28,3.11,2.0,0.0,0.0,87.0,5.0,2.0,30354,,15911,County Championship Division Two 2023,3,34,Gloucestershire,40,Durham,2023-07-12T15:21:13Z,5,False,,,,120,Ben Raine,35,Miles Hammond,4202,Zafar Gohar,298,89,Mid Off,0,0,0,0,,LengthBall,Null,NotOut,Played,0,ForwardDefensive,Null,Round,Fast,Right,Null,NotReferred,Null,False,False,False,False,False,False,25,False,False,False,False,False,False,0,0,0,0,0,False,False
785556,28,3.11,2.0,0.0,0.0,87.0,5.0,2.0,30354,,15911,County Championship Division Two 2023,3,34,Gloucestershire,40,Durham,2023-07-12T15:21:47Z,6,False,,,,120,Ben Raine,35,Miles Hammond,4202,Zafar Gohar,90,48,Wicketkeeper,0,0,0,0,,LengthBall,Null,NotOut,MissedLegSide,0,Flick,Null,Round,Fast,Right,Null,NotReferred,Null,False,False,False,False,False,False,25,False,False,False,False,False,False,0,0,0,0,0,False,False
785569,29,3.07,0.0,0.0,0.0,89.0,5.0,0.0,30354,,15911,County Championship Division Two 2023,3,34,Gloucestershire,40,Durham,2023-07-12T15:22:45Z,1,False,,,,248,Matt Parkinson,4202,Zafar Gohar,35,Miles Hammond,291,93,Mid Off,0,0,0,0,,LengthBall,Null,NotOut,Played,0,Drive,Null,Over,LegSpin,Right,Null,NotReferred,Null,False,False,False,False,False,False,10,False,False,False,False,False,False,0,0,0,0,0,False,False
785569,29,3.07,0.0,0.0,0.0,89.0,5.0,0.0,30354,,15911,County Championship Division Two 2023,3,34,Gloucestershire,40,Durham,2023-07-12T15:23:10Z,2,False,,,,248,Matt Parkinson,4202,Zafar Gohar,35,Miles Hammond,270,40,Bowler,0,0,0,0,,LengthBall,Null,NotOut,Played,0,ForwardDefensive,Null,Over,LegSpin,Right,Null,NotReferred,Null,False,False,False,False,False,False,10,False,False,False,False,False,False,0,0,0,0,0,False,False
785569,29,3.07,0.0,0.0,0.0,89.0,5.0,0.0,30354,,15911,County Championship Division Two 2023,3,34,Gloucestershire,40,Durham,2023-07-12T15:23:29Z,3,False,,,,248,Matt Parkinson,4202,Zafar Gohar,35,Miles Hammond,213,84,Mid Wicket,0,0,0,0,,LengthBall,Null,NotOut,Played,0,Drive,Null,Over,LegSpin,Right,Null,NotReferred,Null,False,False,False,False,False,False,10,False,False,False,False,False,False,0,0,0,0,0,False,False
785569,29,3.07,0.0,0.0,0.0,89.0,5.0,0.0,30354,,15911,County Championship Division Two 2023,3,34,Gloucestershire,40,Durham,2023-07-12T15:23:48Z,4,False,,,,248,Matt Parkinson,4202,Zafar Gohar,35,Miles Hammond,270,40,Bowler,0,0,0,0,,LengthBall,Null,NotOut,Played,0,ForwardDefensive,Null,Over,LegSpin,Right,Null,NotReferred,Null,False,False,False,False,False,False,10,False,False,False,False,False,False,0,0,0,0,0,False,False
785569,29,3.07,0.0,0.0,0.0,89.0,5.0,0.0,30354,,15911,County Championship Division Two 2023,3,34,Gloucestershire,40,Durham,2023-07-12T15:24:05Z,5,False,,,,248,Matt Parkinson,4202,Zafar Gohar,35,Miles Hammond,197,10,Short Leg,0,0,0,0,,LengthBall,Null,Lbw,HitPad,0,Cut,Null,Over,LegSpin,Right,NotOut2ndUmpire,NotReferred,Null,False,False,False,False,False,True,10,False,False,False,False,False,False,0,0,0,0,0,False,False
785569,29,3.07,0.0,0.0,0.0,89.0,5.0,0.0,30354,,15911,County Championship Division Two 2023,3,34,Gloucestershire,40,Durham,2023-07-12T15:24:35Z,6,False,,,,248,Matt Parkinson,4202,Zafar Gohar,35,Miles Hammond,323,33,Silly Point,0,0,0,0,,LengthBall,Null,NotOut,Played,0,ForwardDefensive,Null,Over,LegSpin,Right,Null,NotReferred,Null,False,False,False,False,False,False,10,False,False,False,False,False,False,0,0,0,0,0,False,False
785576,30,3.0,3.0,0.0,2.0,90.0,5.0,3.0,30354,,15911,County Championship Division Two 2023,3,34,Gloucestershire,40,Durham,2023-07-12T15:25:25Z,1,False,,,,120,Ben Raine,35,Miles Hammond,4202,Zafar Gohar,90,48,Wicketkeeper,2,2,2,0,,Short,Null,NotOut,NoShot,0,Leave,Null,Round,Fast,Right,Null,NotReferred,Overhead,False,True,False,False,False,False,25,False,False,False,False,False,False,0,0,0,0,2,False,False
785576,30,3.0,3.0,0.0,2.0,90.0,5.0,3.0,30354,,15911,County Championship Division Two 2023,3,34,Gloucestershire,40,Durham,2023-07-12T15:25:59Z,1,False,,,,120,Ben Raine,35,Miles Hammond,4202,Zafar Gohar,152,141,Fine Leg,1,0,1,1,,LengthBall,Null,NotOut,Played,0,Flick,Null,Round,Fast,Right,Null,NotReferred,Null,False,False,False,False,False,False,25,False,False,False,False,False,False,1,0,0,0,0,False,False
785576,30,3.0,3.0,0.0,2.0,90.0,5.0,3.0,30354,,15911,County Championship Division Two 2023,3,34,Gloucestershire,40,Durham,2023-07-12T15:26:40Z,2,False,,,,120,Ben Raine,4202,Zafar Gohar,35,Miles Hammond,2,36,Point,0,0,0,0,,LengthBall,Null,NotOut,Played,0,ForwardDefensive,Null,Round,Fast,Right,Null,NotReferred,Null,False,False,False,False,False,False,25,False,False,False,False,False,False,0,0,0,0,0,False,False
785576,30,3.0,3.0,0.0,2.0,90.0,5.0,3.0,30354,,15911,County Championship Division Two 2023,3,34,Gloucestershire,40,Durham,2023-07-12T15:27:16Z,3,False,,,,120,Ben Raine,4202,Zafar Gohar,35,Miles Hammond,195,85,Mid Wicket,0,0,0,0,,LengthBall,Null,NotOut,Played,0,Worked,Null,Round,Fast,Right,Null,NotReferred,Null,False,False,False,False,False,False,25,False,False,False,False,False,False,0,0,0,0,0,False,False
785576,30,3.0,3.0,0.0,2.0,90.0,5.0,3.0,30354,,15911,County Championship Division Two 2023,3,34,Gloucestershire,40,Durham,2023-07-12T15:27:50Z,4,False,,,,120,Ben Raine,4202,Zafar Gohar,35,Miles Hammond,270,40,Bowler,0,0,0,0,,LengthBall,Null,NotOut,Played,0,ForwardDefensive,Null,Round,Fast,Right,Null,NotReferred,Null,False,False,False,False,False,False,25,False,False,False,False,False,False,0,0,0,0,0,False,False
785576,30,3.0,3.0,0.0,2.0,90.0,5.0,3.0,30354,,15911,County Championship Division Two 2023,3,34,Gloucestershire,40,Durham,2023-07-12T15:28:30Z,5,False,,,,120,Ben Raine,4202,Zafar Gohar,35,Miles Hammond,90,48,Wicketkeeper,0,0,0,0,,LengthBall,Null,NotOut,NoShot,0,Leave,Null,Round,Fast,Right,Null,NotReferred,Null,False,False,False,False,False,False,25,False,False,False,False,False,False,0,0,0,0,0,False,False
785576,30,3.0,3.0,0.0,2.0,90.0,5.0,3.0,30354,,15911,County Championship Division Two 2023,3,34,Gloucestershire,40,Durham,2023-07-12T15:29:02Z,6,False,,,,120,Ben Raine,4202,Zafar Gohar,35,Miles Hammond,90,48,Wicketkeeper,0,0,0,0,,LengthBall,Null,NotOut,NoShot,0,Leave,Null,Round,Fast,Right,Null,NotReferred,Null,False,False,False,False,False,False,25,False,False,False,False,False,False,0,0,0,0,0,False,False
785588,31,2.97,2.0,0.0,0.0,92.0,5.0,2.0,30354,,15911,County Championship Division Two 2023,3,34,Gloucestershire,40,Durham,2023-07-12T15:30:03Z,1,False,,,,248,Matt Parkinson,35,Miles Hammond,4202,Zafar Gohar,186,155,Deep Square Leg,1,0,1,1,,FullToss,Null,NotOut,Played,0,Worked,Null,Over,LegSpin,Right,Null,NotReferred,Null,False,False,False,False,False,False,10,False,False,False,False,False,False,1,0,0,0,0,False,False
785588,31,2.97,2.0,0.0,0.0,92.0,5.0,2.0,30354,,15911,County Championship Division Two 2023,3,34,Gloucestershire,40,Durham,2023-07-12T15:30:26Z,2,False,,,,248,Matt Parkinson,4202,Zafar Gohar,35,Miles Hammond,241,94,Mid On,0,0,0,0,,LengthBall,Null,NotOut,Played,0,Drive,Null,Over,LegSpin,Right,Null,NotReferred,Null,False,False,False,False,False,False,10,False,False,False,False,False,False,0,0,0,0,0,False,False
785588,31,2.97,2.0,0.0,0.0,92.0,5.0,2.0,30354,,15911,County Championship Division Two 2023,3,34,Gloucestershire,40,Durham,2023-07-12T15:30:42Z,3,False,,,,248,Matt Parkinson,4202,Zafar Gohar,35,Miles Hammond,242,94,Mid On,0,0,0,0,,LengthBall,Null,NotOut,Played,0,Drive,Null,Over,LegSpin,Right,Null,NotReferred,Null,False,False,False,False,False,False,10,False,False,False,False,False,False,0,0,0,0,0,False,False
785588,31,2.97,2.0,0.0,0.0,92.0,5.0,2.0,30354,,15911,County Championship Division Two 2023,3,34,Gloucestershire,40,Durham,2023-07-12T15:31:02Z,4,False,,,,248,Matt Parkinson,4202,Zafar Gohar,35,Miles Hammond,298,96,Mid Off,0,0,0,0,,HalfVolley,Null,NotOut,Played,0,Drive,Null,Over,LegSpin,Right,Null,NotReferred,Null,False,False,False,False,False,False,10,False,False,False,False,False,False,0,0,0,0,0,False,False
785588,31,2.97,2.0,0.0,0.0,92.0,5.0,2.0,30354,,15911,County Championship Division Two 2023,3,34,Gloucestershire,40,Durham,2023-07-12T15:31:21Z,5,False,,,,248,Matt Parkinson,4202,Zafar Gohar,35,Miles Hammond,187,16,Short Leg,0,0,0,0,,LengthBall,Null,NotOut,Played,0,Worked,Null,Over,LegSpin,Right,Null,NotReferred,Null,False,False,False,False,False,False,10,False,False,False,False,False,False,0,0,0,0,0,False,False
785588,31,2.97,2.0,0.0,0.0,92.0,5.0,2.0,30354,,15911,County Championship Division Two 2023,3,34,Gloucestershire,40,Durham,2023-07-12T15:31:38Z,6,False,,,,248,Matt Parkinson,4202,Zafar Gohar,35,Miles Hammond,193,154,Deep Mid Wicket,1,0,1,1,,LengthBall,Null,NotOut,Played,0,Worked,Null,Over,LegSpin,Right,Null,NotReferred,Null,False,False,False,False,False,False,10,False,False,False,False,False,False,1,0,0,0,0,False,False
785595,32,2.88,0.0,0.0,0.0,92.0,5.0,0.0,30354,,15911,County Championship Division Two 2023,3,34,Gloucestershire,40,Durham,2023-07-12T15:32:34Z,1,False,,,,120,Ben Raine,4202,Zafar Gohar,35,Miles Hammond,90,48,Wicketkeeper,0,0,0,0,,Short,Null,NotOut,NoShot,0,Leave,Null,Round,Fast,Right,Null,NotReferred,Null,False,False,False,False,False,False,25,False,False,False,False,False,False,0,0,0,0,0,False,False
785595,32,2.88,0.0,0.0,0.0,92.0,5.0,0.0,30354,,15911,County Championship Division Two 2023,3,34,Gloucestershire,40,Durham,2023-07-12T15:33:12Z,2,False,,,,120,Ben Raine,4202,Zafar Gohar,35,Miles Hammond,327,17,Silly Point,0,0,0,0,,LengthBall,Null,Lbw,HitPad,0,ForwardDefensive,Null,Round,Fast,Right,NotOut1stUmpire,NotReferred,Null,False,False,False,False,False,True,25,False,False,False,False,False,False,0,0,0,0,0,False,False
785595,32,2.88,0.0,0.0,0.0,92.0,5.0,0.0,30354,,15911,County Championship Division Two 2023,3,34,Gloucestershire,40,Durham,2023-07-12T15:33:56Z,3,False,,,,120,Ben Raine,4202,Zafar Gohar,35,Miles Hammond,208,37,Short Mid Wicket,0,0,0,0,,LengthBall,Null,NotOut,Played,0,ForwardDefensive,Null,Round,Fast,Right,Null,NotReferred,Null,False,False,False,False,False,False,25,False,False,False,False,False,False,0,0,0,0,0,False,False
785595,32,2.88,0.0,0.0,0.0,92.0,5.0,0.0,30354,,15911,County Championship Division Two 2023,3,34,Gloucestershire,40,Durham,2023-07-12T15:34:35Z,4,False,,,,120,Ben Raine,4202,Zafar Gohar,35,Miles Hammond,90,48,Wicketkeeper,0,0,0,0,,Short,Null,NotOut,NoShot,0,Leave,Null,Round,Fast,Right,Null,NotReferred,Null,False,False,False,False,False,False,25,False,False,False,False,False,False,0,0,0,0,0,False,False
785595,32,2.88,0.0,0.0,0.0,92.0,5.0,0.0,30354,,15911,County Championship Division Two 2023,3,34,Gloucestershire,40,Durham,2023-07-12T15:35:12Z,5,False,,,,120,Ben Raine,4202,Zafar Gohar,35,Miles Hammond,209,42,Short Mid Wicket,0,0,0,0,,LengthBall,Null,NotOut,Played,0,ForwardDefensive,Null,Round,Fast,Right,Null,NotReferred,Null,False,False,False,False,False,False,25,False,False,False,False,False,False,0,0,0,0,0,False,False
785595,32,2.88,0.0,0.0,0.0,92.0,5.0,0.0,30354,,15911,County Championship Division Two 2023,3,34,Gloucestershire,40,Durham,2023-07-12T15:35:47Z,6,False,,,,120,Ben Raine,4202,Zafar Gohar,35,Miles Hammond,90,48,Wicketkeeper,0,0,0,0,,LengthBall,Null,NotOut,MissedLegSide,0,Flick,Null,Round,Fast,Right,Null,NotReferred,Null,False,False,False,False,False,False,25,False,False,False,False,False,False,0,0,0,0,0,False,False
785606,33,2.85,2.0,1.0,0.0,94.0,6.0,2.0,30354,,15911,County Championship Division Two 2023,3,34,Gloucestershire,40,Durham,2023-07-12T15:36:49Z,1,False,,,,248,Matt Parkinson,35,Miles Hammond,4202,Zafar Gohar,249,161,Long On,1,0,1,1,,FullToss,Null,NotOut,Played,0,Drive,Null,Over,LegSpin,Right,Null,NotReferred,Null,False,False,False,False,False,False,10,False,False,False,False,False,False,1,0,0,0,0,False,False
785606,33,2.85,2.0,1.0,0.0,94.0,6.0,2.0,30354,,15911,County Championship Division Two 2023,3,34,Gloucestershire,40,Durham,2023-07-12T15:37:18Z,2,True,Caught,4202.0,Zafar Gohar,248,Matt Parkinson,4202,Zafar Gohar,35,Miles Hammond,297,93,Mid Off,0,0,0,0,Caught,FullToss,Null,NotOut,MisTimed,0,Slog,Null,Over,LegSpin,Right,Out1stUmpire,NotReferred,Null,False,False,False,False,False,False,25,False,False,False,False,False,False,0,0,0,0,0,False,False
785606,33,2.85,2.0,1.0,0.0,94.0,6.0,2.0,30354,,15911,County Championship Division Two 2023,3,34,Gloucestershire,40,Durham,2023-07-12T15:58:43Z,3,False,,,,248,Matt Parkinson,455,Josh Shaw,35,Miles Hammond,270,40,Bowler,0,0,0,0,,LengthBall,Null,NotOut,Played,0,ForwardDefensive,Null,Over,LegSpin,Right,Null,NotReferred,Null,False,False,False,False,False,False,10,False,False,False,False,False,False,0,0,0,0,0,False,False
785606,33,2.85,2.0,1.0,0.0,94.0,6.0,2.0,30354,,15911,County Championship Division Two 2023,3,34,Gloucestershire,40,Durham,2023-07-12T15:58:50Z,4,False,,,,248,Matt Parkinson,455,Josh Shaw,35,Miles Hammond,212,42,Short Extra Cover,0,0,0,0,,LengthBall,Null,NotOut,Played,0,ForwardDefensive,Null,Over,LegSpin,Right,Null,NotReferred,Null,False,False,False,False,False,False,10,False,False,False,False,False,False,0,0,0,0,0,False,False
785606,33,2.85,2.0,1.0,0.0,94.0,6.0,2.0,30354,,15911,County Championship Division Two 2023,3,34,Gloucestershire,40,Durham,2023-07-12T15:59:00Z,5,False,,,,248,Matt Parkinson,455,Josh Shaw,35,Miles Hammond,270,40,Bowler,0,0,0,0,,LengthBall,Null,NotOut,Played,0,ForwardDefensive,Null,Over,LegSpin,Right,Null,NotReferred,Null,False,False,False,False,False,False,10,False,False,False,False,False,False,0,0,0,0,0,False,False
785606,33,2.85,2.0,1.0,0.0,94.0,6.0,2.0,30354,,15911,County Championship Division Two 2023,3,34,Gloucestershire,40,Durham,2023-07-12T15:59:17Z,6,False,,,,248,Matt Parkinson,455,Josh Shaw,35,Miles Hammond,250,154,Long Off,1,0,1,1,,LengthBall,Null,NotOut,Played,0,Drive,Null,Over,LegSpin,Right,Null,NotReferred,Null,False,False,False,False,False,False,10,False,False,False,False,False,False,1,0,0,0,0,False,False
785670,34,2.76,0.0,0.0,0.0,94.0,6.0,0.0,30354,,15911,County Championship Division Two 2023,3,34,Gloucestershire,40,Durham,2023-07-12T16:00:19Z,1,False,,,,2672,Brydon Carse,455,Josh Shaw,35,Miles Hammond,321,36,Short Leg,0,0,0,0,,BackOfALength,Null,NotOut,Played,0,ForwardDefensive,Null,Over,Fast,Right,Null,NotReferred,Null,False,False,False,False,False,False,25,False,False,False,False,False,False,0,0,0,0,0,False,False
785670,34,2.76,0.0,0.0,0.0,94.0,6.0,0.0,30354,,15911,County Championship Division Two 2023,3,34,Gloucestershire,40,Durham,2023-07-12T16:00:51Z,2,False,,,,2672,Brydon Carse,455,Josh Shaw,35,Miles Hammond,311,46,Short Mid Wicket,0,0,0,0,,Yorker,Null,NotOut,Played,0,ForwardDefensive,Null,Over,Fast,Right,Null,NotReferred,Null,False,False,False,False,False,False,25,False,False,False,False,False,False,0,0,0,0,0,False,False
785670,34,2.76,0.0,0.0,0.0,94.0,6.0,0.0,30354,,15911,County Championship Division Two 2023,3,34,Gloucestershire,40,Durham,2023-07-12T16:01:26Z,3,False,,,,2672,Brydon Carse,455,Josh Shaw,35,Miles Hammond,351,22,Short Leg,0,0,0,0,,LengthBall,Null,NotOut,Played,0,ForwardDefensive,Null,Over,Fast,Right,Null,NotReferred,Null,False,False,False,False,False,False,25,False,False,False,False,False,False,0,0,0,0,0,False,False
785670,34,2.76,0.0,0.0,0.0,94.0,6.0,0.0,30354,,15911,County Championship Division Two 2023,3,34,Gloucestershire,40,Durham,2023-07-12T16:02:02Z,4,False,,,,2672,Brydon Carse,455,Josh Shaw,35,Miles Hammond,270,40,Bowler,0,0,0,0,,LengthBall,Null,NotOut,Played,0,ForwardDefensive,Null,Over,Fast,Right,Null,NotReferred,Null,False,False,False,False,False,False,25,False,False,False,False,False,False,0,0,0,0,0,False,False
785670,34,2.76,0.0,0.0,0.0,94.0,6.0,0.0,30354,,15911,County Championship Division Two 2023,3,34,Gloucestershire,40,Durham,2023-07-12T16:02:33Z,5,False,,,,2672,Brydon Carse,455,Josh Shaw,35,Miles Hammond,90,48,Wicketkeeper,0,0,0,0,,Short,Null,NotOut,NoShot,0,Leave,Null,Over,Fast,Right,Null,NotReferred,Null,False,False,False,False,False,False,25,False,False,False,False,False,False,0,0,0,0,0,False,False
785670,34,2.76,0.0,0.0,0.0,94.0,6.0,0.0,30354,,15911,County Championship Division Two 2023,3,34,Gloucestershire,40,Durham,2023-07-12T16:03:10Z,6,False,,,,2672,Brydon Carse,455,Josh Shaw,35,Miles Hammond,307,35,Silly Mid On,0,0,0,0,,Short,Null,NotOut,Played,0,Fended,Null,Over,Fast,Right,Null,NotReferred,Null,False,False,False,False,False,False,25,False,False,False,False,False,False,0,0,0,0,0,False,False
785679,35,2.77,3.0,0.0,0.0,97.0,6.0,3.0,30354,,15911,County Championship Division Two 2023,3,34,Gloucestershire,40,Durham,2023-07-12T16:04:03Z,1,False,,,,248,Matt Parkinson,35,Miles Hammond,455,Josh Shaw,290,146,Long Off,1,0,1,1,,LengthBall,Null,NotOut,Played,0,Drive,Null,Over,LegSpin,Right,Null,NotReferred,Null,False,False,False,False,False,False,10,False,False,False,False,False,False,1,0,0,0,0,False,False
785679,35,2.77,3.0,0.0,0.0,97.0,6.0,3.0,30354,,15911,County Championship Division Two 2023,3,34,Gloucestershire,40,Durham,2023-07-12T16:04:26Z,2,False,,,,248,Matt Parkinson,455,Josh Shaw,35,Miles Hammond,166,61,Gully,1,0,1,1,,LengthBall,Null,NotOut,Edged,0,Drive,Null,Over,LegSpin,Right,Null,NotReferred,Null,False,False,False,False,False,False,10,False,False,False,False,False,False,1,0,0,0,0,False,False
785679,35,2.77,3.0,0.0,0.0,97.0,6.0,3.0,30354,,15911,County Championship Division Two 2023,3,34,Gloucestershire,40,Durham,2023-07-12T16:04:54Z,3,False,,,,248,Matt Parkinson,35,Miles Hammond,455,Josh Shaw,287,144,Long Off,1,0,1,1,,LengthBall,Null,NotOut,Played,0,Drive,Null,Over,LegSpin,Right,Null,NotReferred,Null,False,False,False,False,False,False,10,False,False,False,False,False,False,1,0,0,0,0,False,False
785679,35,2.77,3.0,0.0,0.0,97.0,6.0,3.0,30354,,15911,County Championship Division Two 2023,3,34,Gloucestershire,40,Durham,2023-07-12T16:05:20Z,4,False,,,,248,Matt Parkinson,455,Josh Shaw,35,Miles Hammond,240,98,Mid Off,0,0,0,0,,LengthBall,Null,NotOut,Played,0,Drive,Null,Over,LegSpin,Right,Null,NotReferred,Null,False,False,False,False,False,False,10,False,False,False,False,False,False,0,0,0,0,0,False,False
785679,35,2.77,3.0,0.0,0.0,97.0,6.0,3.0,30354,,15911,County Championship Division Two 2023,3,34,Gloucestershire,40,Durham,2023-07-12T16:05:31Z,5,False,,,,248,Matt Parkinson,455,Josh Shaw,35,Miles Hammond,220,32,Silly Point,0,0,0,0,,Yorker,Null,NotOut,Played,0,ForwardDefensive,Null,Over,LegSpin,Right,Null,NotReferred,Null,False,False,False,False,False,False,10,False,False,False,False,False,False,0,0,0,0,0,False,False
785679,35,2.77,3.0,0.0,0.0,97.0,6.0,3.0,30354,,15911,County Championship Division Two 2023,3,34,Gloucestershire,40,Durham,2023-07-12T16:05:51Z,6,False,,,,248,Matt Parkinson,455,Josh Shaw,35,Miles Hammond,215,76,Extra Cover,0,0,0,0,,LengthBall,Null,NotOut,Played,0,Pushed,Null,Over,LegSpin,Right,Null,NotReferred,Null,False,False,False,False,False,False,10,False,False,False,False,False,False,0,0,0,0,0,False,False
785685,36,2.72,1.0,1.0,0.0,98.0,7.0,1.0,30354,,15911,County Championship Division Two 2023,3,34,Gloucestershire,40,Durham,2023-07-12T16:06:56Z,1,False,,,,2672,Brydon Carse,35,Miles Hammond,455,Josh Shaw,317,34,Silly Point,0,0,0,0,,LengthBall,Null,NotOut,Played,0,ForwardDefensive,Null,Round,Fast,Right,Null,NotReferred,Null,False,False,False,False,False,False,25,False,False,False,False,False,False,0,0,0,0,0,False,False
785685,36,2.72,1.0,1.0,0.0,98.0,7.0,1.0,30354,,15911,County Championship Division Two 2023,3,34,Gloucestershire,40,Durham,2023-07-12T16:07:32Z,2,False,,,,2672,Brydon Carse,35,Miles Hammond,455,Josh Shaw,90,48,Wicketkeeper,0,0,0,0,,LengthBall,Null,NotOut,MissedLegSide,0,Flick,Null,Round,Fast,Right,Null,NotReferred,Null,False,False,False,False,False,False,25,False,False,False,False,False,False,0,0,0,0,0,False,False
785685,36,2.72,1.0,1.0,0.0,98.0,7.0,1.0,30354,,15911,County Championship Division Two 2023,3,34,Gloucestershire,40,Durham,2023-07-12T16:08:09Z,3,False,,,,2672,Brydon Carse,35,Miles Hammond,455,Josh Shaw,186,150,Deep Square Leg,1,0,1,1,,LengthBall,Null,NotOut,Played,0,Worked,Null,Round,Fast,Right,Null,NotReferred,Null,False,False,False,False,False,False,25,False,False,False,False,False,False,1,0,0,0,0,False,False
785685,36,2.72,1.0,1.0,0.0,98.0,7.0,1.0,30354,,15911,County Championship Division Two 2023,3,34,Gloucestershire,40,Durham,2023-07-12T16:08:54Z,4,False,,,,2672,Brydon Carse,455,Josh Shaw,35,Miles Hammond,90,48,Wicketkeeper,0,0,0,0,,LengthBall,Null,NotOut,HitPad,0,Flick,Null,Over,Fast,Right,Null,NotReferred,Null,False,False,False,False,False,False,25,False,False,False,False,False,False,0,0,0,0,0,False,False
785685,36,2.72,1.0,1.0,0.0,98.0,7.0,1.0,30354,,15911,County Championship Division Two 2023,3,34,Gloucestershire,40,Durham,2023-07-12T16:09:28Z,5,True,Caught,455.0,Josh Shaw,2672,Brydon Carse,455,Josh Shaw,35,Miles Hammond,345,19,Short Leg,0,0,0,0,Caught,Short,Null,NotOut,MisTimed,0,Fended,Null,Over,Fast,Right,Out1stUmpire,NotReferred,Null,False,False,False,False,False,False,25,False,False,False,False,False,False,0,0,0,0,0,False,False
785685,36,2.72,1.0,1.0,0.0,98.0,7.0,1.0,30354,,15911,County Championship Division Two 2023,3,34,Gloucestershire,40,Durham,2023-07-12T16:11:26Z,6,False,,,,2672,Brydon Carse,44,Matt Taylor,35,Miles Hammond,90,48,Wicketkeeper,0,0,0,0,,LengthBall,Null,NotOut,NoShot,0,Leave,Null,Over,Fast,Right,Null,NotReferred,Null,False,False,False,False,False,False,25,False,False,False,False,False,False,0,0,0,0,0,False,False
785695,37,2.86,8.0,0.0,0.0,106.0,7.0,8.0,30354,,15911,County Championship Division Two 2023,3,34,Gloucestershire,40,Durham,2023-07-12T16:12:21Z,1,False,,,,248,Matt Parkinson,35,Miles Hammond,44,Matt Taylor,280,169,Long Off,2,0,2,2,,LengthBall,Null,NotOut,Played,0,Drive,Null,Over,LegSpin,Right,Null,NotReferred,Null,False,False,False,False,False,False,10,False,False,False,False,False,False,2,0,0,0,0,False,False
785695,37,2.86,8.0,0.0,0.0,106.0,7.0,8.0,30354,,15911,County Championship Division Two 2023,3,34,Gloucestershire,40,Durham,2023-07-12T16:12:54Z,2,False,,,,248,Matt Parkinson,35,Miles Hammond,44,Matt Taylor,270,40,Bowler,0,0,0,0,,LengthBall,Null,NotOut,Played,0,ForwardDefensive,Null,Over,LegSpin,Right,Null,NotReferred,Null,False,False,False,False,False,False,10,False,False,False,False,False,False,0,0,0,0,0,False,False
785695,37,2.86,8.0,0.0,0.0,106.0,7.0,8.0,30354,,15911,County Championship Division Two 2023,3,34,Gloucestershire,40,Durham,2023-07-12T16:13:15Z,3,False,,,,248,Matt Parkinson,35,Miles Hammond,44,Matt Taylor,304,48,Silly Mid Off,0,0,0,0,,LengthBall,Null,NotOut,Played,0,ForwardDefensive,Null,Over,LegSpin,Right,Null,NotReferred,Null,False,False,False,False,False,False,10,False,False,False,False,False,False,0,0,0,0,0,False,False
785695,37,2.86,8.0,0.0,0.0,106.0,7.0,8.0,30354,,15911,County Championship Division Two 2023,3,34,Gloucestershire,40,Durham,2023-07-12T16:13:41Z,4,False,,,,248,Matt Parkinson,35,Miles Hammond,44,Matt Taylor,196,161,Deep Mid Wicket,1,0,1,1,,LengthBall,Null,NotOut,Played,0,Sweep,Null,Round,LegSpin,Right,Null,NotReferred,Null,False,False,False,False,False,False,10,False,False,False,False,False,False,1,0,0,0,0,False,False
785695,37,2.86,8.0,0.0,0.0,106.0,7.0,8.0,30354,,15911,County Championship Division Two 2023,3,34,Gloucestershire,40,Durham,2023-07-12T16:14:18Z,5,False,,,,248,Matt Parkinson,44,Matt Taylor,35,Miles Hammond,249,159,Long Off,1,0,1,1,,LengthBall,Null,NotOut,Played,0,Drive,Null,Over,LegSpin,Right,Null,NotReferred,Null,False,False,False,False,False,False,10,False,False,False,False,False,False,1,0,0,0,0,False,False
785695,37,2.86,8.0,0.0,0.0,106.0,7.0,8.0,30354,,15911,County Championship Division Two 2023,3,34,Gloucestershire,40,Durham,2023-07-12T16:14:45Z,6,False,,,,248,Matt Parkinson,35,Miles Hammond,44,Matt Taylor,264,192,Long On,4,0,4,4,,LengthBall,Null,NotOut,HitHard,0,Slog,Null,Round,LegSpin,Right,Null,NotReferred,Null,False,False,False,False,False,False,10,False,False,False,False,False,False,4,0,0,0,0,False,True
785700,38,2.84,2.0,0.0,0.0,108.0,7.0,2.0,30354,,15911,County Championship Division Two 2023,3,34,Gloucestershire,40,Durham,2023-07-12T16:15:41Z,1,False,,,,2672,Brydon Carse,44,Matt Taylor,35,Miles Hammond,209,37,Short Extra Cover,1,0,1,1,,LengthBall,Null,NotOut,Played,0,Dropped,Null,Over,Fast,Right,Null,NotReferred,Null,False,False,False,False,False,False,25,False,False,False,False,False,False,1,0,0,0,0,False,False
785700,38,2.84,2.0,0.0,0.0,108.0,7.0,2.0,30354,,15911,County Championship Division Two 2023,3,34,Gloucestershire,40,Durham,2023-07-12T16:16:36Z,2,False,,,,2672,Brydon Carse,35,Miles Hammond,44,Matt Taylor,184,154,Deep Square Leg,1,0,1,1,,LengthBall,Null,NotOut,Played,0,Worked,Null,Round,Fast,Right,Null,NotReferred,Null,False,False,False,False,False,False,25,False,False,False,False,False,False,1,0,0,0,0,False,False
785700,38,2.84,2.0,0.0,0.0,108.0,7.0,2.0,30354,,15911,County Championship Division Two 2023,3,34,Gloucestershire,40,Durham,2023-07-12T16:17:20Z,3,False,,,,2672,Brydon Carse,44,Matt Taylor,35,Miles Hammond,313,53,Short Mid Wicket,0,0,0,0,,LengthBall,Null,NotOut,Played,0,Worked,Null,Over,Fast,Right,Null,NotReferred,Null,False,False,False,False,False,False,25,False,False,False,False,False,False,0,0,0,0,0,False,False
785700,38,2.84,2.0,0.0,0.0,108.0,7.0,2.0,30354,,15911,County Championship Division Two 2023,3,34,Gloucestershire,40,Durham,2023-07-12T16:18:28Z,4,False,,,,2672,Brydon Carse,44,Matt Taylor,35,Miles Hammond,90,48,Wicketkeeper,0,0,0,0,,LengthBall,Null,NotOut,MissedLegSide,0,Flick,Null,Over,Fast,Right,Null,NotReferred,Null,False,False,False,False,False,False,25,False,False,False,False,False,False,0,0,0,0,0,False,False
785700,38,2.84,2.0,0.0,0.0,108.0,7.0,2.0,30354,,15911,County Championship Division Two 2023,3,34,Gloucestershire,40,Durham,2023-07-12T16:19:06Z,5,False,,,,2672,Brydon Carse,44,Matt Taylor,35,Miles Hammond,207,49,Short Extra Cover,0,0,0,0,,LengthBall,Null,NotOut,MisTimed,0,Drive,Null,Over,Fast,Right,Null,NotReferred,Null,False,False,False,False,False,False,25,False,False,False,False,False,False,0,0,0,0,0,False,False
785700,38,2.84,2.0,0.0,0.0,108.0,7.0,2.0,30354,,15911,County Championship Division Two 2023,3,34,Gloucestershire,40,Durham,2023-07-12T16:19:44Z,6,False,,,,2672,Brydon Carse,44,Matt Taylor,35,Miles Hammond,270,40,Bowler,0,0,0,0,,LengthBall,Null,NotOut,Played,0,Drive,Null,Over,Fast,Right,Null,NotReferred,Null,False,False,False,False,False,False,25,False,False,False,False,False,False,0,0,0,0,0,False,False
785704,39,2.85,3.0,0.0,0.0,111.0,7.0,3.0,30354,,15911,County Championship Division Two 2023,3,34,Gloucestershire,40,Durham,2023-07-12T16:20:53Z,1,False,,,,248,Matt Parkinson,35,Miles Hammond,44,Matt Taylor,26,140,Third Man,0,0,0,0,,LengthBall,Null,NotOut,Played,0,Cut,Null,Over,LegSpin,Right,Null,NotReferred,Null,False,False,False,False,False,False,10,False,False,False,False,False,False,0,0,0,0,0,False,False
785704,39,2.85,3.0,0.0,0.0,111.0,7.0,3.0,30354,,15911,County Championship Division Two 2023,3,34,Gloucestershire,40,Durham,2023-07-12T16:21:18Z,2,False,,,,248,Matt Parkinson,35,Miles Hammond,44,Matt Taylor,306,154,Long Off,1,0,1,1,,Yorker,Null,NotOut,Played,0,Drive,Null,Over,LegSpin,Right,Null,NotReferred,Null,False,False,False,False,False,False,10,False,False,False,False,False,False,1,0,0,0,0,False,False
785704,39,2.85,3.0,0.0,0.0,111.0,7.0,3.0,30354,,15911,County Championship Division Two 2023,3,34,Gloucestershire,40,Durham,2023-07-12T16:21:42Z,3,False,,,,248,Matt Parkinson,44,Matt Taylor,35,Miles Hammond,230,24,Silly Point,0,0,0,0,,LengthBall,Null,NotOut,MissedLegSide,0,ForwardDefensive,Null,Over,LegSpin,Right,Null,NotReferred,Null,False,False,False,False,False,False,10,False,False,False,False,False,False,0,0,0,0,0,False,False
785704,39,2.85,3.0,0.0,0.0,111.0,7.0,3.0,30354,,15911,County Championship Division Two 2023,3,34,Gloucestershire,40,Durham,2023-07-12T16:22:30Z,4,False,,,,248,Matt Parkinson,44,Matt Taylor,35,Miles Hammond,152,116,Third Man,1,0,1,1,,LengthBall,Null,NotOut,Edged,0,ForwardDefensive,Null,Over,LegSpin,Right,Null,NotReferred,Null,False,False,False,False,False,False,10,False,False,False,False,False,False,1,0,0,0,0,False,False
785704,39,2.85,3.0,0.0,0.0,111.0,7.0,3.0,30354,,15911,County Championship Division Two 2023,3,34,Gloucestershire,40,Durham,2023-07-12T16:23:01Z,5,False,,,,248,Matt Parkinson,35,Miles Hammond,44,Matt Taylor,284,139,Long Off,1,0,1,1,,LengthBall,Null,NotOut,Played,0,Drive,Null,Over,LegSpin,Right,Null,NotReferred,Null,False,False,False,False,False,False,10,False,False,False,False,False,False,1,0,0,0,0,False,False
785704,39,2.85,3.0,0.0,0.0,111.0,7.0,3.0,30354,,15911,County Championship Division Two 2023,3,34,Gloucestershire,40,Durham,2023-07-12T16:23:31Z,6,False,,,,248,Matt Parkinson,44,Matt Taylor,35,Miles Hammond,339,24,Short Leg,0,0,0,0,,LengthBall,Null,NotOut,Played,0,Worked,Null,Over,LegSpin,Right,Null,NotReferred,Null,False,False,False,False,False,False,10,False,False,False,False,False,False,0,0,0,0,0,False,False
785712,40,2.85,1.0,0.0,2.0,114.0,7.0,3.0,30354,,15911,County Championship Division Two 2023,3,34,Gloucestershire,40,Durham,2023-07-12T16:24:26Z,1,False,,,,2672,Brydon Carse,35,Miles Hammond,44,Matt Taylor,320,149,Deep Extra Cover,0,0,0,0,,LengthBall,Null,NotOut,Played,0,Drive,Null,Round,Fast,Right,Null,NotReferred,Null,False,False,False,False,False,False,25,False,False,False,False,False,False,0,0,0,0,0,False,False
785712,40,2.85,1.0,0.0,2.0,114.0,7.0,3.0,30354,,15911,County Championship Division Two 2023,3,34,Gloucestershire,40,Durham,2023-07-12T16:25:01Z,2,False,,,,2672,Brydon Carse,35,Miles Hammond,44,Matt Taylor,154,148,Fine Leg,1,0,1,1,,LengthBall,Null,NotOut,Played,0,Worked,Null,Round,Fast,Right,Null,NotReferred,Null,False,False,False,False,False,False,25,False,False,False,False,False,False,1,0,0,0,0,False,False
785712,40,2.85,1.0,0.0,2.0,114.0,7.0,3.0,30354,,15911,County Championship Division Two 2023,3,34,Gloucestershire,40,Durham,2023-07-12T16:25:43Z,3,False,,,,2672,Brydon Carse,44,Matt Taylor,35,Miles Hammond,240,61,Silly Mid Off,0,0,0,0,,BackOfALength,Null,NotOut,HitPad,0,Fended,Null,Over,Fast,Right,Null,NotReferred,Null,False,False,False,False,False,False,25,False,False,False,False,False,False,0,0,0,0,0,False,False
785712,40,2.85,1.0,0.0,2.0,114.0,7.0,3.0,30354,,15911,County Championship Division Two 2023,3,34,Gloucestershire,40,Durham,2023-07-12T16:26:21Z,4,False,,,,2672,Brydon Carse,44,Matt Taylor,35,Miles Hammond,270,40,Bowler,0,0,0,0,,LengthBall,Null,NotOut,Played,0,ForwardDefensive,Null,Over,Fast,Right,Null,NotReferred,Null,False,False,False,False,False,False,25,False,False,False,False,False,False,0,0,0,0,0,False,False
785712,40,2.85,1.0,0.0,2.0,114.0,7.0,3.0,30354,,15911,County Championship Division Two 2023,3,34,Gloucestershire,40,Durham,2023-07-12T16:27:15Z,5,False,,,,2672,Brydon Carse,44,Matt Taylor,35,Miles Hammond,90,48,Wicketkeeper,0,2,2,0,,Short,Null,NotOut,NoShot,0,Leave,Null,Round,Fast,Right,Null,NotReferred,Null,False,True,False,False,False,False,25,False,False,False,False,False,False,0,0,0,0,2,False,False
785712,40,2.85,1.0,0.0,2.0,114.0,7.0,3.0,30354,,15911,County Championship Division Two 2023,3,34,Gloucestershire,40,Durham,2023-07-12T16:27:59Z,5,False,,,,2672,Brydon Carse,44,Matt Taylor,35,Miles Hammond,330,59,Short Mid Wicket,0,0,0,0,,LengthBall,Null,NotOut,Played,0,Worked,Null,Round,Fast,Right,Null,NotReferred,Null,False,False,False,False,False,False,25,False,False,False,False,False,False,0,0,0,0,0,False,False
785712,40,2.85,1.0,0.0,2.0,114.0,7.0,3.0,30354,,15911,County Championship Division Two 2023,3,34,Gloucestershire,40,Durham,2023-07-12T16:28:42Z,6,False,,,,2672,Brydon Carse,44,Matt Taylor,35,Miles Hammond,246,92,Mid Off,0,0,0,0,,LengthBall,Null,NotOut,Played,0,ForwardDefensive,Null,Over,Fast,Right,Null,NotReferred,Null,False,False,False,False,False,False,25,False,False,False,False,False,False,0,0,0,0,0,False,False
785720,41,2.8,1.0,0.0,0.0,115.0,7.0,1.0,30354,,15911,County Championship Division Two 2023,3,34,Gloucestershire,40,Durham,2023-07-12T16:29:30Z,1,False,,,,248,Matt Parkinson,35,Miles Hammond,44,Matt Taylor,241,131,Mid On,1,0,1,1,,LengthBall,Null,NotOut,Played,0,Drive,Null,Over,LegSpin,Right,Null,NotReferred,Null,False,False,False,False,False,False,10,False,False,False,False,False,False,1,0,0,0,0,False,False
785720,41,2.8,1.0,0.0,0.0,115.0,7.0,1.0,30354,,15911,County Championship Division Two 2023,3,34,Gloucestershire,40,Durham,2023-07-12T16:29:59Z,2,False,,,,248,Matt Parkinson,44,Matt Taylor,35,Miles Hammond,222,21,Silly Point,0,0,0,0,,LengthBall,Null,NotOut,HitPad,0,Drive,Null,Over,LegSpin,Right,Null,NotReferred,Null,False,False,False,False,False,False,10,False,False,False,False,False,False,0,0,0,0,0,False,False
785720,41,2.8,1.0,0.0,0.0,115.0,7.0,1.0,30354,,15911,County Championship Division Two 2023,3,34,Gloucestershire,40,Durham,2023-07-12T16:30:19Z,3,False,,,,248,Matt Parkinson,44,Matt Taylor,35,Miles Hammond,308,45,Short Mid Wicket,0,0,0,0,,LengthBall,Null,NotOut,Played,0,Worked,Null,Over,LegSpin,Right,Null,NotReferred,Null,False,False,False,False,False,False,10,False,False,False,False,False,False,0,0,0,0,0,False,False
785720,41,2.8,1.0,0.0,0.0,115.0,7.0,1.0,30354,,15911,County Championship Division Two 2023,3,34,Gloucestershire,40,Durham,2023-07-12T16:30:38Z,4,False,,,,248,Matt Parkinson,44,Matt Taylor,35,Miles Hammond,217,71,Extra Cover,0,0,0,0,,LengthBall,Null,NotOut,Played,0,Drive,Null,Over,LegSpin,Right,Null,NotReferred,Null,False,False,False,False,False,False,10,False,False,False,False,False,False,0,0,0,0,0,False,False
785720,41,2.8,1.0,0.0,0.0,115.0,7.0,1.0,30354,,15911,County Championship Division Two 2023,3,34,Gloucestershire,40,Durham,2023-07-12T16:31:02Z,5,False,,,,248,Matt Parkinson,44,Matt Taylor,35,Miles Hammond,35,72,Short Fine Leg,0,0,0,0,,LengthBall,Null,NotOut,Played,0,Worked,Null,Round,LegSpin,Right,Null,NotReferred,Null,False,False,False,False,False,False,10,False,False,False,False,False,False,0,0,0,0,0,False,False
785720,41,2.8,1.0,0.0,0.0,115.0,7.0,1.0,30354,,15911,County Championship Division Two 2023,3,34,Gloucestershire,40,Durham,2023-07-12T16:31:29Z,6,False,,,,248,Matt Parkinson,44,Matt Taylor,35,Miles Hammond,217,30,Silly Point,0,0,0,0,,LengthBall,Null,NotOut,Played,0,ForwardDefensive,Null,Round,LegSpin,Right,Null,NotReferred,Null,False,False,False,False,False,False,10,False,False,False,False,False,False,0,0,0,0,0,False,False
785729,42,2.98,10.0,0.0,0.0,125.0,7.0,10.0,30354,,15911,County Championship Division Two 2023,3,34,Gloucestershire,40,Durham,2023-07-12T16:32:26Z,1,False,,,,2673,Matthew Potts,35,Miles Hammond,44,Matt Taylor,270,40,Bowler,0,0,0,0,,LengthBall,Null,NotOut,Played,0,ForwardDefensive,Null,Round,Medium,Right,Null,NotReferred,Null,False,False,False,False,False,False,25,False,False,False,False,False,False,0,0,0,0,0,False,False
785729,42,2.98,10.0,0.0,0.0,125.0,7.0,10.0,30354,,15911,County Championship Division Two 2023,3,34,Gloucestershire,40,Durham,2023-07-12T16:32:50Z,2,False,,,,2673,Matthew Potts,35,Miles Hammond,44,Matt Taylor,90,48,Wicketkeeper,0,0,0,0,,LengthBall,Null,NotOut,NoShot,0,Leave,SlowerBall,Round,Medium,Right,Null,NotReferred,Null,False,False,False,False,False,False,25,False,False,False,False,False,False,0,0,0,0,0,False,False
785729,42,2.98,10.0,0.0,0.0,125.0,7.0,10.0,30354,,15911,County Championship Division Two 2023,3,34,Gloucestershire,40,Durham,2023-07-12T16:33:23Z,3,False,,,,2673,Matthew Potts,35,Miles Hammond,44,Matt Taylor,180,187,Deep Square Leg,6,0,6,6,,Short,Null,NotOut,HitHard,0,Pull,Null,Round,Medium,Right,Null,NotReferred,Null,False,False,False,False,True,False,25,False,False,False,False,False,False,6,0,0,0,0,False,True
785729,42,2.98,10.0,0.0,0.0,125.0,7.0,10.0,30354,,15911,County Championship Division Two 2023,3,34,Gloucestershire,40,Durham,2023-07-12T16:34:00Z,4,False,,,,2673,Matthew Potts,35,Miles Hammond,44,Matt Taylor,270,40,Bowler,0,0,0,0,,Yorker,Null,NotOut,Played,0,ForwardDefensive,Null,Round,Medium,Right,Null,NotReferred,Null,False,False,False,False,False,False,25,False,False,False,False,False,False,0,0,0,0,0,False,False
785729,42,2.98,10.0,0.0,0.0,125.0,7.0,10.0,30354,,15911,County Championship Division Two 2023,3,34,Gloucestershire,40,Durham,2023-07-12T16:34:34Z,5,False,,,,2673,Matthew Potts,35,Miles Hammond,44,Matt Taylor,22,83,Backward Point,0,0,0,0,,LengthBall,Null,NotOut,MisTimed,0,Drive,Null,Round,Medium,Right,Null,NotReferred,Null,False,False,False,False,False,False,25,False,False,False,False,False,False,0,0,0,0,0,False,False
785729,42,2.98,10.0,0.0,0.0,125.0,7.0,10.0,30354,,15911,County Championship Division Two 2023,3,34,Gloucestershire,40,Durham,2023-07-12T16:35:10Z,6,False,,,,2673,Matthew Potts,35,Miles Hammond,44,Matt Taylor,350,181,Deep Point,4,0,4,4,,LengthBall,Null,NotOut,HitHard,0,Drive,Null,Round,Medium,Right,Null,NotReferred,Null,False,False,False,False,False,False,25,False,False,False,False,False,False,4,0,0,0,0,False,True
785741,43,2.91,0.0,0.0,0.0,125.0,7.0,0.0,30354,,15911,County Championship Division Two 2023,3,34,Gloucestershire,40,Durham,2023-07-12T16:36:00Z,1,False,,,,248,Matt Parkinson,44,Matt Taylor,35,Miles Hammond,209,36,Short Extra Cover,0,0,0,0,,LengthBall,Null,NotOut,Played,0,ForwardDefensive,Null,Over,LegSpin,Right,Null,NotReferred,Null,False,False,False,False,False,False,10,False,False,False,False,False,False,0,0,0,0,0,False,False
785741,43,2.91,0.0,0.0,0.0,125.0,7.0,0.0,30354,,15911,County Championship Division Two 2023,3,34,Gloucestershire,40,Durham,2023-07-12T16:36:16Z,2,False,,,,248,Matt Parkinson,44,Matt Taylor,35,Miles Hammond,270,40,Bowler,0,0,0,0,,LengthBall,Null,NotOut,Played,0,BackwardDefensive,Null,Over,LegSpin,Right,Null,NotReferred,Null,False,False,False,False,False,False,10,False,False,False,False,False,False,0,0,0,0,0,False,False
785741,43,2.91,0.0,0.0,0.0,125.0,7.0,0.0,30354,,15911,County Championship Division Two 2023,3,34,Gloucestershire,40,Durham,2023-07-12T16:36:35Z,3,False,,,,248,Matt Parkinson,44,Matt Taylor,35,Miles Hammond,204,41,Short Extra Cover,0,0,0,0,,LengthBall,Null,NotOut,Played,0,ForwardDefensive,Null,Over,LegSpin,Right,Null,NotReferred,Null,False,False,False,False,False,False,10,False,False,False,False,False,False,0,0,0,0,0,False,False
785741,43,2.91,0.0,0.0,0.0,125.0,7.0,0.0,30354,,15911,County Championship Division Two 2023,3,34,Gloucestershire,40,Durham,2023-07-12T16:36:50Z,4,False,,,,248,Matt Parkinson,44,Matt Taylor,35,Miles Hammond,211,43,Short Extra Cover,0,0,0,0,,LengthBall,Null,NotOut,Played,0,ForwardDefensive,Null,Over,LegSpin,Right,Null,NotReferred,Null,False,False,False,False,False,False,10,False,False,False,False,False,False,0,0,0,0,0,False,False
785741,43,2.91,0.0,0.0,0.0,125.0,7.0,0.0,30354,,15911,County Championship Division Two 2023,3,34,Gloucestershire,40,Durham,2023-07-12T16:37:10Z,5,False,,,,248,Matt Parkinson,44,Matt Taylor,35,Miles Hammond,163,76,Backward Point,0,0,0,0,,LengthBall,Null,NotOut,Played,0,Steer,Null,Over,LegSpin,Right,Null,NotReferred,Null,False,False,False,False,False,False,10,False,False,False,False,False,False,0,0,0,0,0,False,False
785741,43,2.91,0.0,0.0,0.0,125.0,7.0,0.0,30354,,15911,County Championship Division Two 2023,3,34,Gloucestershire,40,Durham,2023-07-12T16:37:33Z,6,False,,,,248,Matt Parkinson,44,Matt Taylor,35,Miles Hammond,193,27,Silly Point,0,0,0,0,,LengthBall,Null,NotOut,Played,0,ForwardDefensive,Null,Over,LegSpin,Right,Null,NotReferred,Null,False,False,False,False,False,False,10,False,False,False,False,False,False,0,0,0,0,0,False,False
785751,44,3.05,3.0,0.0,6.0,134.0,7.0,9.0,30354,,15911,County Championship Division Two 2023,3,34,Gloucestershire,40,Durham,2023-07-12T16:38:36Z,1,False,,,,2673,Matthew Potts,35,Miles Hammond,44,Matt Taylor,159,145,Deep Backward Square Leg,0,1,1,0,,LengthBall,Null,NotOut,Played,0,Worked,Null,Round,Medium,Right,Null,NotReferred,Null,False,False,False,True,False,False,25,False,False,False,False,False,False,0,0,0,1,0,False,False
785751,44,3.05,3.0,0.0,6.0,134.0,7.0,9.0,30354,,15911,County Championship Division Two 2023,3,34,Gloucestershire,40,Durham,2023-07-12T16:39:16Z,2,False,,,,2673,Matthew Potts,44,Matt Taylor,35,Miles Hammond,38,129,Fine Leg,1,0,1,1,,LengthBall,Null,NotOut,Played,0,Worked,Null,Over,Medium,Right,Null,NotReferred,Null,False,False,False,False,False,False,25,False,False,False,False,False,False,1,0,0,0,0,False,False
785751,44,3.05,3.0,0.0,6.0,134.0,7.0,9.0,30354,,15911,County Championship Division Two 2023,3,34,Gloucestershire,40,Durham,2023-07-12T16:39:59Z,3,False,,,,2673,Matthew Potts,35,Miles Hammond,44,Matt Taylor,201,166,Deep Mid Wicket,2,0,2,2,,LengthBall,Null,NotOut,Played,0,Worked,Null,Round,Medium,Right,Null,NotReferred,Null,False,False,False,False,False,False,25,False,False,False,False,False,False,2,0,0,0,0,False,False
785751,44,3.05,3.0,0.0,6.0,134.0,7.0,9.0,30354,,15911,County Championship Division Two 2023,3,34,Gloucestershire,40,Durham,2023-07-12T16:40:33Z,4,False,,,,2673,Matthew Potts,35,Miles Hammond,44,Matt Taylor,114,170,Fine Leg,0,4,4,0,,LengthBall,Null,NotOut,Missed,0,Flick,Null,Round,Medium,Right,Null,NotReferred,Null,False,False,True,False,False,False,25,False,False,False,False,False,False,0,4,0,0,0,False,False
785751,44,3.05,3.0,0.0,6.0,134.0,7.0,9.0,30354,,15911,County Championship Division Two 2023,3,34,Gloucestershire,40,Durham,2023-07-12T16:41:14Z,5,False,,,,2673,Matthew Potts,35,Miles Hammond,44,Matt Taylor,322,71,Extra Cover,0,0,0,0,,LengthBall,Null,NotOut,Played,0,Drive,Null,Round,Medium,Right,Null,NotReferred,Null,False,False,False,False,False,False,25,False,False,False,False,False,False,0,0,0,0,0,False,False
785751,44,3.05,3.0,0.0,6.0,134.0,7.0,9.0,30354,,15911,County Championship Division Two 2023,3,34,Gloucestershire,40,Durham,2023-07-12T16:41:47Z,6,False,,,,2673,Matthew Potts,35,Miles Hammond,44,Matt Taylor,195,29,Short Leg,0,1,1,0,,LengthBall,Null,NotOut,HitPad,0,Worked,SlowerBall,Round,Medium,Right,Null,NotReferred,Null,False,False,False,True,False,False,25,False,False,False,False,False,False,0,0,0,1,0,False,False
785762,45,3.04,3.0,0.0,0.0,137.0,7.0,3.0,30354,,15911,County Championship Division Two 2023,3,34,Gloucestershire,40,Durham,2023-07-12T16:42:54Z,1,False,,,,248,Matt Parkinson,35,Miles Hammond,44,Matt Taylor,222,31,Short Leg,1,0,1,1,,LengthBall,Null,NotOut,Played,0,ForwardDefensive,Null,Round,LegSpin,Right,Null,NotReferred,Null,False,False,False,False,False,False,10,False,False,False,False,False,False,1,0,0,0,0,False,False
785762,45,3.04,3.0,0.0,0.0,137.0,7.0,3.0,30354,,15911,County Championship Division Two 2023,3,34,Gloucestershire,40,Durham,2023-07-12T16:43:20Z,2,False,,,,248,Matt Parkinson,44,Matt Taylor,35,Miles Hammond,268,163,Long Off,2,0,2,2,,LengthBall,Null,NotOut,MisTimed,0,Slog,Null,Over,LegSpin,Right,Null,NotReferred,Null,False,False,False,False,False,False,10,False,False,False,False,False,False,2,0,0,0,0,False,False
785762,45,3.04,3.0,0.0,0.0,137.0,7.0,3.0,30354,,15911,County Championship Division Two 2023,3,34,Gloucestershire,40,Durham,2023-07-12T16:43:47Z,3,False,,,,248,Matt Parkinson,44,Matt Taylor,35,Miles Hammond,207,31,Silly Point,0,0,0,0,,LengthBall,Null,NotOut,Played,0,ForwardDefensive,Null,Over,LegSpin,Right,Null,NotReferred,Null,False,False,False,False,False,False,10,False,False,False,False,False,False,0,0,0,0,0,False,False
785762,45,3.04,3.0,0.0,0.0,137.0,7.0,3.0,30354,,15911,County Championship Division Two 2023,3,34,Gloucestershire,40,Durham,2023-07-12T16:44:04Z,4,False,,,,248,Matt Parkinson,44,Matt Taylor,35,Miles Hammond,241,94,Mid Off,0,0,0,0,,FullToss,Null,NotOut,MisTimed,0,Drive,Null,Over,LegSpin,Right,Null,NotReferred,Null,False,False,False,False,False,False,10,False,False,False,False,False,False,0,0,0,0,0,False,False
785762,45,3.04,3.0,0.0,0.0,137.0,7.0,3.0,30354,,15911,County Championship Division Two 2023,3,34,Gloucestershire,40,Durham,2023-07-12T16:44:22Z,5,False,,,,248,Matt Parkinson,44,Matt Taylor,35,Miles Hammond,207,36,Short Extra Cover,0,0,0,0,,LengthBall,Null,NotOut,Played,0,ForwardDefensive,Null,Over,LegSpin,Right,Null,NotReferred,Null,False,False,False,False,False,False,10,False,False,False,False,False,False,0,0,0,0,0,False,False
785762,45,3.04,3.0,0.0,0.0,137.0,7.0,3.0,30354,,15911,County Championship Division Two 2023,3,34,Gloucestershire,40,Durham,2023-07-12T16:44:37Z,6,False,,,,248,Matt Parkinson,44,Matt Taylor,35,Miles Hammond,233,49,Silly Mid Off,0,0,0,0,,LengthBall,Null,NotOut,Played,0,Drive,Null,Over,LegSpin,Right,Null,NotReferred,Null,False,False,False,False,False,False,10,False,False,False,False,False,False,0,0,0,0,0,False,False
785772,46,3.04,3.0,0.0,0.0,140.0,7.0,3.0,30354,,15911,County Championship Division Two 2023,3,34,Gloucestershire,40,Durham,2023-07-12T16:45:33Z,1,False,,,,2673,Matthew Potts,35,Miles Hammond,44,Matt Taylor,243,3,Short Leg,0,0,0,0,,Yorker,Null,NotOut,HitPad,0,Flick,Null,Round,Medium,Right,Null,NotReferred,Null,False,False,False,False,False,False,25,False,False,False,False,False,False,0,0,0,0,0,False,False
785772,46,3.04,3.0,0.0,0.0,140.0,7.0,3.0,30354,,15911,County Championship Division Two 2023,3,34,Gloucestershire,40,Durham,2023-07-12T16:46:14Z,2,False,,,,2673,Matthew Potts,35,Miles Hammond,44,Matt Taylor,140,139,Fine Leg,2,0,2,2,,LengthBall,Null,NotOut,Played,0,Worked,Null,Round,Medium,Right,Null,NotReferred,Null,False,False,False,False,False,False,25,False,False,False,False,False,False,2,0,0,0,0,False,False
785772,46,3.04,3.0,0.0,0.0,140.0,7.0,3.0,30354,,15911,County Championship Division Two 2023,3,34,Gloucestershire,40,Durham,2023-07-12T16:46:48Z,3,False,,,,2673,Matthew Potts,35,Miles Hammond,44,Matt Taylor,270,40,Bowler,0,0,0,0,,LengthBall,Null,NotOut,Played,0,Drive,Null,Round,Medium,Right,Null,NotReferred,Null,False,False,False,False,False,False,25,False,False,False,False,False,False,0,0,0,0,0,False,False
785772,46,3.04,3.0,0.0,0.0,140.0,7.0,3.0,30354,,15911,County Championship Division Two 2023,3,34,Gloucestershire,40,Durham,2023-07-12T16:47:19Z,4,False,,,,2673,Matthew Potts,35,Miles Hammond,44,Matt Taylor,38,124,Third Man,1,0,1,1,,LengthBall,Null,NotOut,Played,0,Steer,Null,Round,Medium,Right,Null,NotReferred,Null,False,False,False,False,False,False,25,False,False,False,False,False,False,1,0,0,0,0,False,False
785772,46,3.04,3.0,0.0,0.0,140.0,7.0,3.0,30354,,15911,County Championship Division Two 2023,3,34,Gloucestershire,40,Durham,2023-07-12T16:48:05Z,5,False,,,,2673,Matthew Potts,44,Matt Taylor,35,Miles Hammond,270,40,Bowler,0,0,0,0,,LengthBall,Null,NotOut,Played,0,ForwardDefensive,Null,Over,Medium,Right,Null,NotReferred,Null,False,False,False,False,False,False,25,False,False,False,False,False,False,0,0,0,0,0,False,False
785772,46,3.04,3.0,0.0,0.0,140.0,7.0,3.0,30354,,15911,County Championship Division Two 2023,3,34,Gloucestershire,40,Durham,2023-07-12T16:48:33Z,6,False,,,,2673,Matthew Potts,44,Matt Taylor,35,Miles Hammond,0,45,Leg Gully,0,0,0,0,,Short,Null,NotOut,Played,0,Fended,Null,Over,Medium,Right,Null,NotReferred,Null,False,False,False,False,False,False,25,False,False,False,False,False,False,0,0,0,0,0,False,False
785782,47,3.06,4.0,0.0,0.0,144.0,7.0,4.0,30354,,15911,County Championship Division Two 2023,3,34,Gloucestershire,40,Durham,2023-07-12T16:49:59Z,1,False,,,,2675,Migael Pretorius,35,Miles Hammond,44,Matt Taylor,215,56,Short Mid Wicket,0,0,0,0,,LengthBall,Null,NotOut,Played,0,ForwardDefensive,Null,Over,Medium,Right,Null,NotReferred,Null,False,False,False,False,False,False,10,False,False,False,False,False,False,0,0,0,0,0,False,False
785782,47,3.06,4.0,0.0,0.0,144.0,7.0,4.0,30354,,15911,County Championship Division Two 2023,3,34,Gloucestershire,40,Durham,2023-07-12T16:50:29Z,2,False,,,,2675,Migael Pretorius,35,Miles Hammond,44,Matt Taylor,270,40,Bowler,0,0,0,0,,LengthBall,Null,NotOut,Played,0,Drive,Null,Over,Medium,Right,Null,NotReferred,Null,False,False,False,False,False,False,10,False,False,False,False,False,False,0,0,0,0,0,False,False
785782,47,3.06,4.0,0.0,0.0,144.0,7.0,4.0,30354,,15911,County Championship Division Two 2023,3,34,Gloucestershire,40,Durham,2023-07-12T16:51:00Z,3,False,,,,2675,Migael Pretorius,35,Miles Hammond,44,Matt Taylor,167,62,Leg Gully,0,0,0,0,,LengthBall,Null,NotOut,HitPad,0,Flick,Null,Over,Medium,Right,Null,NotReferred,Null,False,False,False,False,False,False,10,False,False,False,False,False,False,0,0,0,0,0,False,False
785782,47,3.06,4.0,0.0,0.0,144.0,7.0,4.0,30354,,15911,County Championship Division Two 2023,3,34,Gloucestershire,40,Durham,2023-07-12T16:51:38Z,4,False,,,,2675,Migael Pretorius,35,Miles Hammond,44,Matt Taylor,164,141,Deep Backward Square Leg,1,0,1,1,,LengthBall,Null,NotOut,Played,0,Worked,Null,Round,Medium,Right,Null,NotReferred,Null,False,False,False,False,False,False,10,False,False,False,False,False,False,1,0,0,0,0,False,False
785782,47,3.06,4.0,0.0,0.0,144.0,7.0,4.0,30354,,15911,County Championship Division Two 2023,3,34,Gloucestershire,40,Durham,2023-07-12T16:52:25Z,5,False,,,,2675,Migael Pretorius,44,Matt Taylor,35,Miles Hammond,186,63,Point,1,0,1,1,,LengthBall,Null,NotOut,Played,0,Pushed,Null,Over,Medium,Right,Null,NotReferred,Null,False,False,False,False,False,False,10,False,False,False,False,False,False,1,0,0,0,0,False,False
785782,47,3.06,4.0,0.0,0.0,144.0,7.0,4.0,30354,,15911,County Championship Division Two 2023,3,34,Gloucestershire,40,Durham,2023-07-12T16:53:08Z,6,False,,,,2675,Migael Pretorius,35,Miles Hammond,44,Matt Taylor,318,166,Deep Extra Cover,2,0,2,2,,LengthBall,Null,NotOut,Played,0,Drive,Null,Round,Medium,Right,Null,NotReferred,Null,False,False,False,False,False,False,10,False,False,False,False,False,False,2,0,0,0,0,False,False
785796,48,3.12,6.0,0.0,0.0,150.0,7.0,6.0,30354,,15911,County Championship Division Two 2023,3,34,Gloucestershire,40,Durham,2023-07-12T16:54:10Z,1,False,,,,2673,Matthew Potts,44,Matt Taylor,35,Miles Hammond,223,67,Short Extra Cover,0,0,0,0,,Yorker,Null,NotOut,Played,0,Drive,Null,Over,Medium,Right,Null,NotReferred,Null,False,False,False,False,False,False,25,False,False,False,False,False,False,0,0,0,0,0,False,False
785796,48,3.12,6.0,0.0,0.0,150.0,7.0,6.0,30354,,15911,County Championship Division Two 2023,3,34,Gloucestershire,40,Durham,2023-07-12T16:54:42Z,2,False,,,,2673,Matthew Potts,44,Matt Taylor,35,Miles Hammond,163,180,Deep Backward Point,4,0,4,4,,LengthBall,Null,NotOut,HitHard,0,Drive,Null,Over,Medium,Right,Null,NotReferred,Null,False,False,False,False,False,False,25,False,False,False,False,False,False,4,0,0,0,0,False,True
785796,48,3.12,6.0,0.0,0.0,150.0,7.0,6.0,30354,,15911,County Championship Division Two 2023,3,34,Gloucestershire,40,Durham,2023-07-12T16:55:18Z,3,False,,,,2673,Matthew Potts,44,Matt Taylor,35,Miles Hammond,194,153,Deep Cover,2,0,2,2,,LengthBall,Null,NotOut,Played,0,Drive,Null,Over,Medium,Right,Null,NotReferred,Null,False,False,False,False,False,False,25,False,False,False,False,False,False,2,0,0,0,0,False,False
785796,48,3.12,6.0,0.0,0.0,150.0,7.0,6.0,30354,,15911,County Championship Division Two 2023,3,34,Gloucestershire,40,Durham,2023-07-12T16:55:53Z,4,False,,,,2673,Matthew Potts,44,Matt Taylor,35,Miles Hammond,314,57,Short Mid Wicket,0,0,0,0,,LengthBall,Null,NotOut,Played,0,Worked,Null,Over,Medium,Right,Null,NotReferred,Null,False,False,False,False,False,False,25,False,False,False,False,False,False,0,0,0,0,0,False,False
785796,48,3.12,6.0,0.0,0.0,150.0,7.0,6.0,30354,,15911,County Championship Division Two 2023,3,34,Gloucestershire,40,Durham,2023-07-12T16:56:24Z,5,False,,,,2673,Matthew Potts,44,Matt Taylor,35,Miles Hammond,225,44,Short Extra Cover,0,0,0,0,,LengthBall,Null,NotOut,Played,0,ForwardDefensive,Null,Over,Medium,Right,Null,NotReferred,Null,False,False,False,False,False,False,25,False,False,False,False,False,False,0,0,0,0,0,False,False
785796,48,3.12,6.0,0.0,0.0,150.0,7.0,6.0,30354,,15911,County Championship Division Two 2023,3,34,Gloucestershire,40,Durham,2023-07-12T16:56:52Z,6,False,,,,2673,Matthew Potts,44,Matt Taylor,35,Miles Hammond,200,16,Silly Point,0,0,0,0,,LengthBall,Null,Lbw,HitPad,0,ForwardDefensive,Null,Over,Medium,Right,NotOut1stUmpire,NotReferred,Null,False,False,False,False,False,True,25,False,False,False,False,False,False,0,0,0,0,0,False,False
785805,49,3.27,10.0,0.0,0.0,160.0,7.0,10.0,30354,,15911,County Championship Division Two 2023,3,34,Gloucestershire,40,Durham,2023-07-12T16:58:15Z,1,False,,,,2675,Migael Pretorius,35,Miles Hammond,44,Matt Taylor,316,109,Extra Cover,1,0,1,1,,LengthBall,Null,NotOut,Played,0,Drive,Null,Round,Medium,Right,Null,NotReferred,Null,False,False,False,False,False,False,10,False,False,False,False,False,False,1,0,0,0,0,False,False
785805,49,3.27,10.0,0.0,0.0,160.0,7.0,10.0,30354,,15911,County Championship Division Two 2023,3,34,Gloucestershire,40,Durham,2023-07-12T16:58:54Z,2,False,,,,2675,Migael Pretorius,44,Matt Taylor,35,Miles Hammond,229,195,Deep Extra Cover,4,0,4,4,,LengthBall,Null,NotOut,HitHard,0,Drive,Null,Over,Medium,Right,Null,NotReferred,Null,False,False,False,False,False,False,10,False,False,False,False,False,False,4,0,0,0,0,False,True
785805,49,3.27,10.0,0.0,0.0,160.0,7.0,10.0,30354,,15911,County Championship Division Two 2023,3,34,Gloucestershire,40,Durham,2023-07-12T17:00:06Z,3,False,,,,2675,Migael Pretorius,44,Matt Taylor,35,Miles Hammond,136,164,Third Man,4,0,4,4,,LengthBall,Null,NotOut,HitHard,0,Steer,Null,Over,Medium,Right,Null,NotReferred,Null,False,False,False,False,False,False,10,False,False,False,False,False,False,4,0,0,0,0,False,True
785805,49,3.27,10.0,0.0,0.0,160.0,7.0,10.0,30354,,15911,County Championship Division Two 2023,3,34,Gloucestershire,40,Durham,2023-07-12T17:01:00Z,4,False,,,,2675,Migael Pretorius,44,Matt Taylor,35,Miles Hammond,165,98,Backward Point,1,0,1,1,,BackOfALength,Null,NotOut,Played,0,Cut,Null,Over,Medium,Right,Null,NotReferred,Null,False,False,False,False,False,False,10,False,False,False,False,False,False,1,0,0,0,0,False,False
785805,49,3.27,10.0,0.0,0.0,160.0,7.0,10.0,30354,,15911,County Championship Division Two 2023,3,34,Gloucestershire,40,Durham,2023-07-12T17:01:37Z,5,False,,,,2675,Migael Pretorius,35,Miles Hammond,44,Matt Taylor,270,40,Bowler,0,0,0,0,,LengthBall,Null,NotOut,Played,0,ForwardDefensive,Null,Round,Medium,Right,Null,NotReferred,Null,False,False,False,False,False,False,10,False,False,False,False,False,False,0,0,0,0,0,False,False
785805,49,3.27,10.0,0.0,0.0,160.0,7.0,10.0,30354,,15911,County Championship Division Two 2023,3,34,Gloucestershire,40,Durham,2023-07-12T17:02:12Z,6,False,,,,2675,Migael Pretorius,35,Miles Hammond,44,Matt Taylor,198,80,Mid Wicket,0,0,0,0,,LengthBall,Null,NotOut,Played,0,Worked,Null,Round,Medium,Right,Null,NotReferred,Null,False,False,False,False,False,False,10,False,False,False,False,False,False,0,0,0,0,0,False,False
785818,50,3.24,1.0,1.0,1.0,162.0,8.0,2.0,30354,,15911,County Championship Division Two 2023,3,34,Gloucestershire,40,Durham,2023-07-12T17:03:18Z,1,False,,,,120,Ben Raine,44,Matt Taylor,35,Miles Hammond,307,13,Short Leg,0,0,0,0,,LengthBall,Null,NotOut,Played,0,ForwardDefensive,Null,Over,Fast,Right,Null,NotReferred,Null,False,False,False,False,False,False,25,False,False,False,False,False,False,0,0,0,0,0,False,False
785818,50,3.24,1.0,1.0,1.0,162.0,8.0,2.0,30354,,15911,County Championship Division Two 2023,3,34,Gloucestershire,40,Durham,2023-07-12T17:03:47Z,2,False,,,,120,Ben Raine,44,Matt Taylor,35,Miles Hammond,318,18,Short Leg,0,0,0,0,,LengthBall,Null,NotOut,Played,0,ForwardDefensive,Null,Over,Fast,Right,Null,NotReferred,Null,False,False,False,False,False,False,25,False,False,False,False,False,False,0,0,0,0,0,False,False
785818,50,3.24,1.0,1.0,1.0,162.0,8.0,2.0,30354,,15911,County Championship Division Two 2023,3,34,Gloucestershire,40,Durham,2023-07-12T17:04:21Z,3,True,Caught,44.0,Matt Taylor,120,Ben Raine,44,Matt Taylor,35,Miles Hammond,29,127,Fine Leg,0,0,0,0,Caught,Short,Null,NotOut,MisTimed,0,Pull,Null,Over,Fast,Right,Out1stUmpire,NotReferred,Null,False,False,False,False,False,False,25,False,False,False,False,False,False,0,0,0,0,0,False,False
785818,50,3.24,1.0,1.0,1.0,162.0,8.0,2.0,30354,,15911,County Championship Division Two 2023,3,34,Gloucestershire,40,Durham,2023-07-12T17:06:08Z,4,False,,,,120,Ben Raine,2503,Zaman Akhter,35,Miles Hammond,90,48,Wicketkeeper,0,0,0,0,,LengthBall,Null,NotOut,Missed,0,Drive,Null,Over,Fast,Right,Null,NotReferred,Null,False,False,False,False,False,False,25,False,False,False,False,False,False,0,0,0,0,0,False,False
785818,50,3.24,1.0,1.0,1.0,162.0,8.0,2.0,30354,,15911,County Championship Division Two 2023,3,34,Gloucestershire,40,Durham,2023-07-12T17:06:43Z,5,False,,,,120,Ben Raine,2503,Zaman Akhter,35,Miles Hammond,90,48,Wicketkeeper,0,1,1,0,,Short,Null,NotOut,NoShot,0,Leave,Null,Over,Fast,Right,Null,NotReferred,Null,False,False,True,False,False,False,25,False,False,False,False,False,False,0,1,0,0,0,False,False
785818,50,3.24,1.0,1.0,1.0,162.0,8.0,2.0,30354,,15911,County Championship Division Two 2023,3,34,Gloucestershire,40,Durham,2023-07-12T17:07:41Z,6,False,,,,120,Ben Raine,35,Miles Hammond,2503,Zaman Akhter,152,130,Fine Leg,1,0,1,1,,LengthBall,Null,NotOut,Played,0,Worked,Null,Over,Fast,Right,Null,NotReferred,Null,False,False,False,False,False,False,25,False,False,False,False,False,False,1,0,0,0,0,False,False
785828,51,3.2,1.0,0.0,0.0,163.0,8.0,1.0,30354,,15911,County Championship Division Two 2023,3,34,Gloucestershire,40,Durham,2023-07-12T17:08:47Z,1,False,,,,2675,Migael Pretorius,35,Miles Hammond,2503,Zaman Akhter,241,96,Mid On,1,0,1,1,,LengthBall,Null,NotOut,Played,0,Drive,Null,Round,Medium,Right,Null,NotReferred,Null,False,False,False,False,False,False,10,False,False,False,False,False,False,1,0,0,0,0,False,False
785828,51,3.2,1.0,0.0,0.0,163.0,8.0,1.0,30354,,15911,County Championship Division Two 2023,3,34,Gloucestershire,40,Durham,2023-07-12T17:09:36Z,2,False,,,,2675,Migael Pretorius,2503,Zaman Akhter,35,Miles Hammond,312,42,Short Mid Wicket,0,0,0,0,,LengthBall,Null,NotOut,Played,0,ForwardDefensive,Null,Over,Medium,Right,Null,NotReferred,Null,False,False,False,False,False,False,10,False,False,False,False,False,False,0,0,0,0,0,False,False
785828,51,3.2,1.0,0.0,0.0,163.0,8.0,1.0,30354,,15911,County Championship Division Two 2023,3,34,Gloucestershire,40,Durham,2023-07-12T17:10:09Z,3,False,,,,2675,Migael Pretorius,2503,Zaman Akhter,35,Miles Hammond,204,47,Short Extra Cover,0,0,0,0,,LengthBall,Null,NotOut,Played,0,ForwardDefensive,Null,Over,Medium,Right,Null,NotReferred,Null,False,False,False,False,False,False,10,False,False,False,False,False,False,0,0,0,0,0,False,False
785828,51,3.2,1.0,0.0,0.0,163.0,8.0,1.0,30354,,15911,County Championship Division Two 2023,3,34,Gloucestershire,40,Durham,2023-07-12T17:10:41Z,4,False,,,,2675,Migael Pretorius,2503,Zaman Akhter,35,Miles Hammond,90,48,Wicketkeeper,0,0,0,0,,Short,Null,NotOut,Missed,0,Pull,Null,Over,Medium,Right,Null,NotReferred,Null,False,False,False,False,False,False,10,False,False,False,False,False,False,0,0,0,0,0,False,False
785828,51,3.2,1.0,0.0,0.0,163.0,8.0,1.0,30354,,15911,County Championship Division Two 2023,3,34,Gloucestershire,40,Durham,2023-07-12T17:11:26Z,5,False,,,,2675,Migael Pretorius,2503,Zaman Akhter,35,Miles Hammond,90,48,Wicketkeeper,0,0,0,0,,BackOfALength,Null,NotOut,NoShot,0,Leave,Null,Over,Medium,Right,Null,NotReferred,Null,False,False,False,False,False,False,10,False,False,False,False,False,False,0,0,0,0,0,False,False
785828,51,3.2,1.0,0.0,0.0,163.0,8.0,1.0,30354,,15911,County Championship Division Two 2023,3,34,Gloucestershire,40,Durham,2023-07-12T17:11:58Z,6,False,,,,2675,Migael Pretorius,2503,Zaman Akhter,35,Miles Hammond,298,100,Mid On,0,0,0,0,,LengthBall,Null,NotOut,Played,0,Drive,Null,Over,Medium,Right,Null,NotReferred,Null,False,False,False,False,False,False,10,False,False,False,False,False,False,0,0,0,0,0,False,False
785838,52,3.21,4.0,0.0,1.0,167.0,8.0,4.0,30354,,15911,County Championship Division Two 2023,3,34,Gloucestershire,40,Durham,2023-07-12T17:13:04Z,1,False,,,,120,Ben Raine,35,Miles Hammond,2503,Zaman Akhter,163,105,Backward Square Leg,0,0,0,0,,LengthBall,Null,NotOut,MissedLegSide,0,Flick,Null,Round,Fast,Right,Null,NotReferred,Null,False,False,False,False,False,False,25,False,False,False,False,False,False,0,0,0,0,0,False,False
785838,52,3.21,4.0,0.0,1.0,167.0,8.0,4.0,30354,,15911,County Championship Division Two 2023,3,34,Gloucestershire,40,Durham,2023-07-12T17:13:35Z,2,False,,,,120,Ben Raine,35,Miles Hammond,2503,Zaman Akhter,177,140,Deep Square Leg,1,0,1,1,,LengthBall,Null,NotOut,Played,0,Worked,Null,Round,Fast,Right,Null,NotReferred,Null,False,False,False,False,False,False,25,False,False,False,False,False,False,1,0,0,0,0,False,False
785838,52,3.21,4.0,0.0,1.0,167.0,8.0,4.0,30354,,15911,County Championship Division Two 2023,3,34,Gloucestershire,40,Durham,2023-07-12T17:14:14Z,3,False,,,,120,Ben Raine,2503,Zaman Akhter,35,Miles Hammond,333,8,Short Leg,0,0,0,0,,LengthBall,Null,NotOut,HitPad,0,ForwardDefensive,Null,Over,Fast,Right,Null,NotReferred,Null,False,False,False,False,False,False,25,False,False,False,False,False,False,0,0,0,0,0,False,False
785838,52,3.21,4.0,0.0,1.0,167.0,8.0,4.0,30354,,15911,County Championship Division Two 2023,3,34,Gloucestershire,40,Durham,2023-07-12T17:14:48Z,4,False,,,,120,Ben Raine,2503,Zaman Akhter,35,Miles Hammond,334,97,Mid Wicket,1,0,1,1,,LengthBall,Null,NotOut,Played,0,Worked,Null,Over,Fast,Right,Null,NotReferred,Null,False,False,False,False,False,False,25,False,False,False,False,False,False,1,0,0,0,0,False,False
785838,52,3.21,4.0,0.0,1.0,167.0,8.0,4.0,30354,,15911,County Championship Division Two 2023,3,34,Gloucestershire,40,Durham,2023-07-12T17:15:41Z,5,False,,,,120,Ben Raine,35,Miles Hammond,2503,Zaman Akhter,298,93,Mid Off,0,0,0,0,,LengthBall,Null,NotOut,MisTimed,0,Slog,Null,Round,Fast,Right,Null,NotReferred,Null,False,False,False,False,False,False,25,False,False,False,False,False,False,0,0,0,0,0,False,False
785838,52,3.21,4.0,0.0,1.0,167.0,8.0,4.0,30354,,15911,County Championship Division Two 2023,3,34,Gloucestershire,40,Durham,2023-07-12T17:16:16Z,6,False,,,,120,Ben Raine,35,Miles Hammond,2503,Zaman Akhter,90,48,Wicketkeeper,1,1,1,0,,LengthBall,Null,NotOut,NoShot,0,Leave,Null,Round,Fast,Right,Null,NotReferred,Null,True,False,False,False,False,False,25,False,False,False,False,False,False,0,0,1,0,0,False,False
785838,52,3.21,4.0,0.0,1.0,167.0,8.0,4.0,30354,,15911,County Championship Division Two 2023,3,34,Gloucestershire,40,Durham,2023-07-12T17:16:58Z,6,False,,,,120,Ben Raine,35,Miles Hammond,2503,Zaman Akhter,160,145,Deep Backward Square Leg,1,0,1,1,,Yorker,Null,NotOut,Played,0,Flick,Null,Round,Fast,Right,Null,NotReferred,Null,False,False,False,False,False,False,25,False,False,False,False,False,False,1,0,0,0,0,False,False
785852,53,3.19,2.0,0.0,0.0,169.0,8.0,2.0,30354,,15911,County Championship Division Two 2023,3,34,Gloucestershire,40,Durham,2023-07-12T17:18:05Z,1,False,,,,2672,Brydon Carse,35,Miles Hammond,2503,Zaman Akhter,90,48,Wicketkeeper,0,0,0,0,,Short,Null,NotOut,Missed,0,Pull,Null,Round,Fast,Right,Null,NotReferred,Null,False,False,False,False,False,False,10,False,False,False,False,False,False,0,0,0,0,0,False,False
785852,53,3.19,2.0,0.0,0.0,169.0,8.0,2.0,30354,,15911,County Championship Division Two 2023,3,34,Gloucestershire,40,Durham,2023-07-12T17:18:34Z,2,False,,,,2672,Brydon Carse,35,Miles Hammond,2503,Zaman Akhter,192,156,Deep Mid Wicket,1,0,1,1,,LengthBall,Null,NotOut,MisTimed,0,Flick,Null,Round,Fast,Right,Null,NotReferred,Null,False,False,False,False,False,False,10,False,False,False,False,False,False,1,0,0,0,0,False,False
785852,53,3.19,2.0,0.0,0.0,169.0,8.0,2.0,30354,,15911,County Championship Division Two 2023,3,34,Gloucestershire,40,Durham,2023-07-12T17:19:21Z,3,False,,,,2672,Brydon Carse,2503,Zaman Akhter,35,Miles Hammond,331,31,Short Leg,0,0,0,0,,LengthBall,Null,NotOut,Played,0,Fended,Null,Over,Fast,Right,Null,NotReferred,Null,False,False,False,False,False,False,10,False,False,False,False,False,False,0,0,0,0,0,False,False
785852,53,3.19,2.0,0.0,0.0,169.0,8.0,2.0,30354,,15911,County Championship Division Two 2023,3,34,Gloucestershire,40,Durham,2023-07-12T17:19:50Z,4,False,,,,2672,Brydon Carse,2503,Zaman Akhter,35,Miles Hammond,286,84,Mid On,0,0,0,0,,LengthBall,Null,NotOut,Played,0,ForwardDefensive,Null,Over,Fast,Right,Null,NotReferred,Null,False,False,False,False,False,False,10,False,False,False,False,False,False,0,0,0,0,0,False,False
785852,53,3.19,2.0,0.0,0.0,169.0,8.0,2.0,30354,,15911,County Championship Division Two 2023,3,34,Gloucestershire,40,Durham,2023-07-12T17:20:39Z,5,False,,,,2672,Brydon Carse,2503,Zaman Akhter,35,Miles Hammond,90,48,Wicketkeeper,0,0,0,0,,Short,Null,NotOut,NoShot,0,Leave,Null,Round,Fast,Right,Null,NotReferred,Null,False,False,False,False,False,False,10,False,False,False,False,False,False,0,0,0,0,0,False,False
785852,53,3.19,2.0,0.0,0.0,169.0,8.0,2.0,30354,,15911,County Championship Division Two 2023,3,34,Gloucestershire,40,Durham,2023-07-12T17:21:11Z,6,False,,,,2672,Brydon Carse,2503,Zaman Akhter,35,Miles Hammond,5,79,Square Leg,1,0,1,1,,LengthBall,Null,NotOut,MisTimed,0,Worked,Null,Round,Fast,Right,Null,NotReferred,Null,False,False,False,False,False,False,10,False,False,False,False,False,False,1,0,0,0,0,False,False
785863,54,3.31,10.0,0.0,0.0,179.0,8.0,10.0,30354,,15911,County Championship Division Two 2023,3,34,Gloucestershire,40,Durham,2023-07-12T17:22:27Z,1,False,,,,120,Ben Raine,2503,Zaman Akhter,35,Miles Hammond,247,5,Short Leg,0,0,0,0,,BackOfALength,Null,NotOut,HitBody,0,Pull,Null,Over,Fast,Right,Null,NotReferred,Null,False,False,False,False,False,False,25,False,False,False,False,False,False,0,0,0,0,0,False,False
785863,54,3.31,10.0,0.0,0.0,179.0,8.0,10.0,30354,,15911,County Championship Division Two 2023,3,34,Gloucestershire,40,Durham,2023-07-12T17:23:04Z,2,False,,,,120,Ben Raine,2503,Zaman Akhter,35,Miles Hammond,90,48,Wicketkeeper,0,0,0,0,,Short,Null,NotOut,MissedLegSide,0,Flick,Null,Over,Fast,Right,Null,NotReferred,Null,False,False,False,False,False,False,25,False,False,False,False,False,False,0,0,0,0,0,False,False
785863,54,3.31,10.0,0.0,0.0,179.0,8.0,10.0,30354,,15911,County Championship Division Two 2023,3,34,Gloucestershire,40,Durham,2023-07-12T17:23:50Z,3,False,,,,120,Ben Raine,2503,Zaman Akhter,35,Miles Hammond,294,123,Mid On,2,0,2,2,,LengthBall,Null,NotOut,Played,0,Drive,Null,Over,Fast,Right,Null,NotReferred,Null,False,False,False,False,False,False,25,False,False,False,False,False,False,2,0,0,0,0,False,False
785863,54,3.31,10.0,0.0,0.0,179.0,8.0,10.0,30354,,15911,County Championship Division Two 2023,3,34,Gloucestershire,40,Durham,2023-07-12T17:24:25Z,4,False,,,,120,Ben Raine,2503,Zaman Akhter,35,Miles Hammond,207,188,Deep Cover,4,0,4,4,,LengthBall,Null,NotOut,HitHard,0,Drive,Null,Over,Fast,Right,Null,NotReferred,Null,False,False,False,False,False,False,25,False,False,False,False,False,False,4,0,0,0,0,False,True
785863,54,3.31,10.0,0.0,0.0,179.0,8.0,10.0,30354,,15911,County Championship Division Two 2023,3,34,Gloucestershire,40,Durham,2023-07-12T17:25:04Z,5,False,,,,120,Ben Raine,2503,Zaman Akhter,35,Miles Hammond,81,168,Fine Leg,4,0,4,4,,LengthBall,Null,NotOut,MisTimed,0,Pull,Null,Over,Fast,Right,Null,NotReferred,Null,False,False,False,False,False,False,25,False,False,False,False,False,False,4,0,0,0,0,False,True
785863,54,3.31,10.0,0.0,0.0,179.0,8.0,10.0,30354,,15911,County Championship Division Two 2023,3,34,Gloucestershire,40,Durham,2023-07-12T17:25:50Z,6,False,,,,120,Ben Raine,2503,Zaman Akhter,35,Miles Hammond,270,40,Bowler,0,0,0,0,,LengthBall,Null,NotOut,Played,0,ForwardDefensive,Null,Over,Fast,Right,Null,NotReferred,Null,False,False,False,False,False,False,25,False,False,False,False,False,False,0,0,0,0,0,False,False
785872,55,3.38,7.0,1.0,0.0,186.0,9.0,7.0,30354,,15911,County Championship Division Two 2023,3,34,Gloucestershire,40,Durham,2023-07-12T17:27:06Z,1,False,,,,248,Matt Parkinson,35,Miles Hammond,2503,Zaman Akhter,228,129,Mid On,1,0,1,1,,LengthBall,Null,NotOut,Played,0,Worked,Null,Over,LegSpin,Right,Null,NotReferred,Null,False,False,False,False,False,False,10,False,False,False,False,False,False,1,0,0,0,0,False,False
785872,55,3.38,7.0,1.0,0.0,186.0,9.0,7.0,30354,,15911,County Championship Division Two 2023,3,34,Gloucestershire,40,Durham,2023-07-12T17:27:49Z,2,False,,,,248,Matt Parkinson,2503,Zaman Akhter,35,Miles Hammond,207,24,Silly Point,0,0,0,0,,LengthBall,Null,NotOut,Played,0,ForwardDefensive,Null,Over,LegSpin,Right,Null,NotReferred,Null,False,False,False,False,False,False,10,False,False,False,False,False,False,0,0,0,0,0,False,False
785872,55,3.38,7.0,1.0,0.0,186.0,9.0,7.0,30354,,15911,County Championship Division Two 2023,3,34,Gloucestershire,40,Durham,2023-07-12T17:28:08Z,3,True,Caught,2503.0,Zaman Akhter,248,Matt Parkinson,2503,Zaman Akhter,35,Miles Hammond,203,20,Silly Point,0,0,0,0,Caught,LengthBall,Null,NotOut,MisTimed,0,Worked,Null,Over,LegSpin,Right,Out1stUmpire,NotReferred,Null,False,False,False,False,False,False,25,False,False,False,False,False,False,0,0,0,0,0,False,False
785872,55,3.38,7.0,1.0,0.0,186.0,9.0,7.0,30354,,15911,County Championship Division Two 2023,3,34,Gloucestershire,40,Durham,2023-07-12T17:29:47Z,4,False,,,,248,Matt Parkinson,7784,Dominic Goodman,35,Miles Hammond,52,114,Short Fine Leg,1,0,1,1,,LengthBall,Null,NotOut,Played,0,Worked,Null,Over,LegSpin,Right,Null,NotReferred,Null,False,False,False,False,False,False,10,False,False,False,False,False,False,1,0,0,0,0,False,False
785872,55,3.38,7.0,1.0,0.0,186.0,9.0,7.0,30354,,15911,County Championship Division Two 2023,3,34,Gloucestershire,40,Durham,2023-07-12T17:30:31Z,5,False,,,,248,Matt Parkinson,35,Miles Hammond,7784,Dominic Goodman,283,195,Long Off,4,0,4,4,,LengthBall,Null,NotOut,HitHard,0,Slog,Null,Over,LegSpin,Right,Null,NotReferred,Null,False,False,False,False,True,False,10,False,False,False,False,False,False,4,0,0,0,0,False,True
785872,55,3.38,7.0,1.0,0.0,186.0,9.0,7.0,30354,,15911,County Championship Division Two 2023,3,34,Gloucestershire,40,Durham,2023-07-12T17:31:13Z,6,False,,,,248,Matt Parkinson,35,Miles Hammond,7784,Dominic Goodman,341,35,Silly Point,1,0,1,1,,LengthBall,Null,NotOut,MisTimed,0,ForwardDefensive,Null,Over,LegSpin,Right,Null,NotReferred,Null,False,False,False,False,False,False,10,False,False,False,False,False,False,1,0,0,0,0,False,False
785883,56,3.4,1.0,1.0,1.0,188.0,10.0,2.0,30354,,15911,County Championship Division Two 2023,3,34,Gloucestershire,40,Durham,2023-07-12T17:32:07Z,1,False,,,,2672,Brydon Carse,35,Miles Hammond,7784,Dominic Goodman,313,54,Short Extra Cover,1,0,1,1,,LengthBall,Null,NotOut,Played,0,Drive,Null,Over,Fast,Right,Null,NotReferred,Null,False,False,False,False,False,False,25,False,False,False,False,False,False,1,0,0,0,0,False,False
785883,56,3.4,1.0,1.0,1.0,188.0,10.0,2.0,30354,,15911,County Championship Division Two 2023,3,34,Gloucestershire,40,Durham,2023-07-12T17:33:23Z,2,False,,,,2672,Brydon Carse,7784,Dominic Goodman,35,Miles Hammond,90,48,Wicketkeeper,0,1,1,0,,Short,Null,NotOut,NoShot,0,Leave,Null,Over,Fast,Right,Null,NotReferred,Null,False,False,True,False,False,False,25,False,False,False,False,False,False,0,1,0,0,0,False,False
785883,56,3.4,1.0,1.0,1.0,188.0,10.0,2.0,30354,,15911,County Championship Division Two 2023,3,34,Gloucestershire,40,Durham,2023-07-12T17:33:59Z,3,True,Caught,35.0,Miles Hammond,2672,Brydon Carse,35,Miles Hammond,7784,Dominic Goodman,195,158,Deep Mid Wicket,0,0,0,0,Caught,Short,Null,NotOut,MisTimed,0,Pull,Null,Round,Fast,Right,Out1stUmpire,NotReferred,Null,False,False,False,False,False,False,25,False,False,False,False,False,False,0,0,0,0,0,False,False
785911,1,1.0,1.0,0.0,0.0,1.0,0.0,1.0,30362,,15911,County Championship Division Two 2023,4,40,Durham,34,Gloucestershire,2023-07-12T17:44:24Z,1,False,,,,2503,Zaman Akhter,101,Alex Lees,2729,Michael Jones,329,15,Silly Point,0,0,0,0,,LengthBall,Null,NotOut,Played,0,ForwardDefensive,Null,Over,Fast,Right,Null,NotReferred,Null,False,False,False,False,False,False,25,False,True,False,False,False,False,0,0,0,0,0,False,False
785911,1,1.0,1.0,0.0,0.0,1.0,0.0,1.0,30362,,15911,County Championship Division Two 2023,4,40,Durham,34,Gloucestershire,2023-07-12T17:44:57Z,2,False,,,,2503,Zaman Akhter,101,Alex Lees,2729,Michael Jones,324,59,Short Extra Cover,0,0,0,0,,LengthBall,Null,NotOut,Played,0,Pushed,Null,Over,Fast,Right,Null,NotReferred,Null,False,False,False,False,False,False,25,False,False,False,False,False,False,0,0,0,0,0,False,False
785911,1,1.0,1.0,0.0,0.0,1.0,0.0,1.0,30362,,15911,County Championship Division Two 2023,4,40,Durham,34,Gloucestershire,2023-07-12T17:45:29Z,3,False,,,,2503,Zaman Akhter,101,Alex Lees,2729,Michael Jones,4,119,Deep Point,1,0,1,1,,LengthBall,Null,NotOut,Played,0,Cut,Null,Over,Fast,Right,Null,NotReferred,Null,False,False,False,False,False,False,25,False,False,False,False,False,False,1,0,0,0,0,False,False
785911,1,1.0,1.0,0.0,0.0,1.0,0.0,1.0,30362,,15911,County Championship Division Two 2023,4,40,Durham,34,Gloucestershire,2023-07-12T17:46:17Z,4,False,,,,2503,Zaman Akhter,2729,Michael Jones,101,Alex Lees,211,35,Short Extra Cover,0,0,0,0,,LengthBall,Null,NotOut,Played,0,ForwardDefensive,Null,Over,Fast,Right,Null,NotReferred,Null,False,False,False,False,False,False,25,False,False,False,False,False,False,0,0,0,0,0,False,False
785911,1,1.0,1.0,0.0,0.0,1.0,0.0,1.0,30362,,15911,County Championship Division Two 2023,4,40,Durham,34,Gloucestershire,2023-07-12T17:46:47Z,5,False,,,,2503,Zaman Akhter,2729,Michael Jones,101,Alex Lees,90,48,Wicketkeeper,0,0,0,0,,Short,Null,NotOut,NoShot,0,Leave,Null,Over,Fast,Right,Null,NotReferred,Null,False,False,False,False,False,False,25,False,False,False,False,False,False,0,0,0,0,0,False,False
785911,1,1.0,1.0,0.0,0.0,1.0,0.0,1.0,30362,,15911,County Championship Division Two 2023,4,40,Durham,34,Gloucestershire,2023-07-12T17:47:18Z,6,False,,,,2503,Zaman Akhter,2729,Michael Jones,101,Alex Lees,270,40,Bowler,0,0,0,0,,LengthBall,Null,NotOut,Played,0,ForwardDefensive,Null,Over,Fast,Right,Null,NotReferred,Null,False,False,False,False,False,False,25,False,False,False,False,False,False,0,0,0,0,0,False,False
785920,2,3.0,5.0,0.0,0.0,6.0,0.0,5.0,30362,,15911,County Championship Division Two 2023,4,40,Durham,34,Gloucestershire,2023-07-12T17:48:15Z,1,False,,,,44,Matt Taylor,101,Alex Lees,2729,Michael Jones,134,154,Fine Leg,1,0,1,1,,LengthBall,Null,NotOut,Edged,0,Drive,Null,Over,Fast,Left,Null,NotReferred,Null,False,False,False,False,False,False,10,False,False,False,False,False,False,1,0,0,0,0,False,False
785920,2,3.0,5.0,0.0,0.0,6.0,0.0,5.0,30362,,15911,County Championship Division Two 2023,4,40,Durham,34,Gloucestershire,2023-07-12T17:49:06Z,2,False,,,,44,Matt Taylor,2729,Michael Jones,101,Alex Lees,90,48,Wicketkeeper,0,0,0,0,,LengthBall,Null,NotOut,NoShot,0,Leave,Null,Over,Fast,Left,Null,NotReferred,Null,False,False,False,False,False,False,10,False,False,False,False,False,False,0,0,0,0,0,False,False
785920,2,3.0,5.0,0.0,0.0,6.0,0.0,5.0,30362,,15911,County Championship Division Two 2023,4,40,Durham,34,Gloucestershire,2023-07-12T17:49:37Z,3,False,,,,44,Matt Taylor,2729,Michael Jones,101,Alex Lees,90,48,Wicketkeeper,0,0,0,0,,LengthBall,Null,NotOut,NoShot,0,Leave,Null,Over,Fast,Left,Null,NotReferred,Null,False,False,False,False,False,False,10,False,False,False,False,False,False,0,0,0,0,0,False,False
785920,2,3.0,5.0,0.0,0.0,6.0,0.0,5.0,30362,,15911,County Championship Division Two 2023,4,40,Durham,34,Gloucestershire,2023-07-12T17:50:08Z,4,False,,,,44,Matt Taylor,2729,Michael Jones,101,Alex Lees,90,48,Wicketkeeper,0,0,0,0,,LengthBall,Null,NotOut,Missed,0,ForwardDefensive,Null,Over,Fast,Left,Null,NotReferred,Null,False,False,False,False,False,False,10,False,False,False,False,False,False,0,0,0,0,0,False,False
785920,2,3.0,5.0,0.0,0.0,6.0,0.0,5.0,30362,,15911,County Championship Division Two 2023,4,40,Durham,34,Gloucestershire,2023-07-12T17:50:45Z,5,False,,,,44,Matt Taylor,2729,Michael Jones,101,Alex Lees,338,89,Mid Wicket,0,0,0,0,,LengthBall,Null,NotOut,Played,0,Worked,Null,Round,Fast,Left,Null,NotReferred,Null,False,False,False,False,False,False,10,False,False,False,False,False,False,0,0,0,0,0,False,False
785920,2,3.0,5.0,0.0,0.0,6.0,0.0,5.0,30362,,15911,County Championship Division Two 2023,4,40,Durham,34,Gloucestershire,2023-07-12T17:51:18Z,6,False,,,,44,Matt Taylor,2729,Michael Jones,101,Alex Lees,138,163,Third Man,4,0,4,4,,LengthBall,Null,NotOut,HitHard,0,Steer,Null,Round,Fast,Left,Null,NotReferred,Null,False,False,False,False,False,False,10,False,False,False,False,False,False,4,0,0,0,0,False,True
785931,3,4.33,6.0,0.0,1.0,13.0,0.0,7.0,30362,,15911,County Championship Division Two 2023,4,40,Durham,34,Gloucestershire,2023-07-12T17:52:03Z,1,False,,,,2503,Zaman Akhter,101,Alex Lees,2729,Michael Jones,11,110,Backward Point,1,0,1,1,,BackOfALength,Null,NotOut,Played,0,Cut,Null,Over,Fast,Right,Null,NotReferred,Null,False,False,False,False,False,False,25,False,False,False,False,False,False,1,0,0,0,0,False,False
785931,3,4.33,6.0,0.0,1.0,13.0,0.0,7.0,30362,,15911,County Championship Division Two 2023,4,40,Durham,34,Gloucestershire,2023-07-12T17:52:37Z,2,False,,,,2503,Zaman Akhter,2729,Michael Jones,101,Alex Lees,90,48,Wicketkeeper,0,0,0,0,,LengthBall,Null,NotOut,NoShot,0,Leave,Null,Over,Fast,Right,Null,NotReferred,Null,False,False,False,False,False,False,25,False,False,False,False,False,False,0,0,0,0,0,False,False
785931,3,4.33,6.0,0.0,1.0,13.0,0.0,7.0,30362,,15911,County Championship Division Two 2023,4,40,Durham,34,Gloucestershire,2023-07-12T17:53:09Z,3,False,,,,2503,Zaman Akhter,2729,Michael Jones,101,Alex Lees,8,61,Leg Gully,0,1,1,0,,LengthBall,Null,NotOut,Played,0,Worked,Null,Over,Fast,Right,Null,NotReferred,Null,False,False,False,True,False,False,25,False,False,False,False,False,False,0,0,0,1,0,False,False
785931,3,4.33,6.0,0.0,1.0,13.0,0.0,7.0,30362,,15911,County Championship Division Two 2023,4,40,Durham,34,Gloucestershire,2023-07-12T17:53:43Z,4,False,,,,2503,Zaman Akhter,101,Alex Lees,2729,Michael Jones,131,148,Fine Leg,1,0,1,1,,LengthBall,Null,NotOut,Played,0,Worked,Null,Over,Fast,Right,Null,NotReferred,Null,False,False,False,False,False,False,25,False,False,False,False,False,False,1,0,0,0,0,False,False
785931,3,4.33,6.0,0.0,1.0,13.0,0.0,7.0,30362,,15911,County Championship Division Two 2023,4,40,Durham,34,Gloucestershire,2023-07-12T17:54:19Z,5,False,,,,2503,Zaman Akhter,2729,Michael Jones,101,Alex Lees,238,95,Mid Off,0,0,0,0,,LengthBall,Null,NotOut,Played,0,ForwardDefensive,Null,Over,Fast,Right,Null,NotReferred,Null,False,False,False,False,False,False,25,False,False,False,False,False,False,0,0,0,0,0,False,False
785931,3,4.33,6.0,0.0,1.0,13.0,0.0,7.0,30362,,15911,County Championship Division Two 2023,4,40,Durham,34,Gloucestershire,2023-07-12T17:54:51Z,6,False,,,,2503,Zaman Akhter,2729,Michael Jones,101,Alex Lees,19,188,Deep Backward Square Leg,4,0,4,4,,LengthBall,Null,NotOut,HitHard,0,Flick,Null,Over,Fast,Right,Null,NotReferred,Null,False,False,False,False,False,False,25,False,False,False,False,False,False,4,0,0,0,0,False,True
785939,4,4.75,6.0,0.0,0.0,19.0,0.0,6.0,30362,,15911,County Championship Division Two 2023,4,40,Durham,34,Gloucestershire,2023-07-12T17:55:45Z,1,False,,,,44,Matt Taylor,101,Alex Lees,2729,Michael Jones,346,184,Deep Cover,4,0,4,4,,LengthBall,Null,NotOut,HitHard,0,Drive,Null,Over,Fast,Left,Null,NotReferred,Null,False,False,False,False,False,False,10,False,False,False,False,False,False,4,0,0,0,0,False,True
785939,4,4.75,6.0,0.0,0.0,19.0,0.0,6.0,30362,,15911,County Championship Division Two 2023,4,40,Durham,34,Gloucestershire,2023-07-12T17:56:26Z,2,False,,,,44,Matt Taylor,101,Alex Lees,2729,Michael Jones,168,128,Backward Square Leg,1,0,1,1,,LengthBall,Null,NotOut,Played,0,Worked,Null,Over,Fast,Left,Null,NotReferred,Null,False,False,False,False,False,False,10,False,False,False,False,False,False,1,0,0,0,0,False,False
785939,4,4.75,6.0,0.0,0.0,19.0,0.0,6.0,30362,,15911,County Championship Division Two 2023,4,40,Durham,34,Gloucestershire,2023-07-12T17:57:07Z,3,False,,,,44,Matt Taylor,2729,Michael Jones,101,Alex Lees,226,53,Short Extra Cover,0,0,0,0,,LengthBall,Null,NotOut,Played,0,ForwardDefensive,Null,Round,Fast,Left,Null,NotReferred,Null,False,False,False,False,False,False,10,False,False,False,False,False,False,0,0,0,0,0,False,False
785939,4,4.75,6.0,0.0,0.0,19.0,0.0,6.0,30362,,15911,County Championship Division Two 2023,4,40,Durham,34,Gloucestershire,2023-07-12T17:57:39Z,4,False,,,,44,Matt Taylor,2729,Michael Jones,101,Alex Lees,283,88,Mid On,0,0,0,0,,LengthBall,Null,NotOut,Played,0,ForwardDefensive,Null,Round,Fast,Left,Null,NotReferred,Null,False,False,False,False,False,False,10,False,False,False,False,False,False,0,0,0,0,0,False,False
785939,4,4.75,6.0,0.0,0.0,19.0,0.0,6.0,30362,,15911,County Championship Division Two 2023,4,40,Durham,34,Gloucestershire,2023-07-12T17:58:11Z,5,False,,,,44,Matt Taylor,2729,Michael Jones,101,Alex Lees,22,135,Deep Backward Square Leg,1,0,1,1,,LengthBall,Null,NotOut,Played,0,Worked,Null,Round,Fast,Left,Null,NotReferred,Null,False,False,False,False,False,False,10,False,False,False,False,False,False,1,0,0,0,0,False,False
785939,4,4.75,6.0,0.0,0.0,19.0,0.0,6.0,30362,,15911,County Championship Division Two 2023,4,40,Durham,34,Gloucestershire,2023-07-12T17:58:48Z,6,False,,,,44,Matt Taylor,101,Alex Lees,2729,Michael Jones,298,95,Mid Off,0,0,0,0,,LengthBall,Null,NotOut,Played,0,Drive,Null,Over,Fast,Left,Null,NotReferred,Null,False,False,False,False,False,False,10,False,False,False,False,False,False,0,0,0,0,0,False,False
785950,5,5.2,6.0,0.0,1.0,26.0,0.0,7.0,30362,,15911,County Championship Division Two 2023,4,40,Durham,34,Gloucestershire,2023-07-12T17:59:40Z,1,False,,,,2503,Zaman Akhter,2729,Michael Jones,101,Alex Lees,314,96,Mid On,1,0,1,1,,LengthBall,Null,NotOut,Played,0,Worked,Null,Over,Fast,Right,Null,NotReferred,Null,False,False,False,False,False,False,25,False,False,False,False,False,False,1,0,0,0,0,False,False
785950,5,5.2,6.0,0.0,1.0,26.0,0.0,7.0,30362,,15911,County Championship Division Two 2023,4,40,Durham,34,Gloucestershire,2023-07-12T18:00:25Z,2,False,,,,2503,Zaman Akhter,101,Alex Lees,2729,Michael Jones,90,48,Wicketkeeper,0,0,0,0,,Short,Null,NotOut,Missed,0,UpperCut,Null,Over,Fast,Right,Null,NotReferred,Null,False,False,False,False,False,False,25,False,False,False,False,False,False,0,0,0,0,0,False,False
785950,5,5.2,6.0,0.0,1.0,26.0,0.0,7.0,30362,,15911,County Championship Division Two 2023,4,40,Durham,34,Gloucestershire,2023-07-12T18:01:03Z,3,False,,,,2503,Zaman Akhter,101,Alex Lees,2729,Michael Jones,59,175,Third Man,4,0,4,4,,LengthBall,Null,NotOut,HitHard,0,Steer,Null,Over,Fast,Right,Null,NotReferred,Null,False,False,False,False,False,False,25,False,False,False,False,False,False,4,0,0,0,0,False,True
785950,5,5.2,6.0,0.0,1.0,26.0,0.0,7.0,30362,,15911,County Championship Division Two 2023,4,40,Durham,34,Gloucestershire,2023-07-12T18:01:40Z,4,False,,,,2503,Zaman Akhter,101,Alex Lees,2729,Michael Jones,309,83,Mid Off,0,0,0,0,,LengthBall,Null,NotOut,Played,0,Drive,Null,Over,Fast,Right,Null,NotReferred,Null,False,False,False,False,False,False,25,False,False,False,False,False,False,0,0,0,0,0,False,False
785950,5,5.2,6.0,0.0,1.0,26.0,0.0,7.0,30362,,15911,County Championship Division Two 2023,4,40,Durham,34,Gloucestershire,2023-07-12T18:02:19Z,5,False,,,,2503,Zaman Akhter,101,Alex Lees,2729,Michael Jones,190,158,Deep Mid Wicket,1,0,1,1,,LengthBall,Null,NotOut,Played,0,Worked,Null,Over,Fast,Right,Null,NotReferred,Null,False,False,False,False,False,False,25,False,False,False,False,False,False,1,0,0,0,0,False,False
785950,5,5.2,6.0,0.0,1.0,26.0,0.0,7.0,30362,,15911,County Championship Division Two 2023,4,40,Durham,34,Gloucestershire,2023-07-12T18:02:51Z,6,False,,,,2503,Zaman Akhter,2729,Michael Jones,101,Alex Lees,38,114,Fine Leg,0,1,1,0,,LengthBall,Null,NotOut,HitPad,0,ForwardDefensive,Null,Over,Fast,Right,Null,NotReferred,Null,False,False,False,True,False,False,25,False,False,False,False,False,False,0,0,0,1,0,False,False
785962,6,4.5,1.0,0.0,0.0,27.0,0.0,1.0,30362,,15911,County Championship Division Two 2023,4,40,Durham,34,Gloucestershire,2023-07-12T18:03:40Z,1,False,,,,44,Matt Taylor,2729,Michael Jones,101,Alex Lees,270,40,Bowler,0,0,0,0,,LengthBall,Null,NotOut,Played,0,ForwardDefensive,Null,Round,Fast,Left,Null,NotReferred,Null,False,False,False,False,False,False,10,False,False,False,False,False,False,0,0,0,0,0,False,False
785962,6,4.5,1.0,0.0,0.0,27.0,0.0,1.0,30362,,15911,County Championship Division Two 2023,4,40,Durham,34,Gloucestershire,2023-07-12T18:04:18Z,2,False,,,,44,Matt Taylor,2729,Michael Jones,101,Alex Lees,194,58,Point,0,0,0,0,,LengthBall,Null,NotOut,Played,0,ForwardDefensive,Null,Round,Fast,Left,Null,NotReferred,Null,False,False,False,False,False,False,10,False,False,False,False,False,False,0,0,0,0,0,False,False
785962,6,4.5,1.0,0.0,0.0,27.0,0.0,1.0,30362,,15911,County Championship Division Two 2023,4,40,Durham,34,Gloucestershire,2023-07-12T18:04:51Z,3,False,,,,44,Matt Taylor,2729,Michael Jones,101,Alex Lees,255,103,Mid Off,0,0,0,0,,LengthBall,Null,NotOut,Played,0,Drive,Null,Round,Fast,Left,Null,NotReferred,Null,False,False,False,False,False,False,10,False,False,False,False,False,False,0,0,0,0,0,False,False
785962,6,4.5,1.0,0.0,0.0,27.0,0.0,1.0,30362,,15911,County Championship Division Two 2023,4,40,Durham,34,Gloucestershire,2023-07-12T18:05:27Z,4,False,,,,44,Matt Taylor,2729,Michael Jones,101,Alex Lees,183,97,Point,0,0,0,0,,LengthBall,Null,NotOut,Played,0,Pushed,Null,Round,Fast,Left,Null,NotReferred,Null,False,False,False,False,False,False,10,False,False,False,False,False,False,0,0,0,0,0,False,False
785962,6,4.5,1.0,0.0,0.0,27.0,0.0,1.0,30362,,15911,County Championship Division Two 2023,4,40,Durham,34,Gloucestershire,2023-07-12T18:06:05Z,5,False,,,,44,Matt Taylor,2729,Michael Jones,101,Alex Lees,90,48,Wicketkeeper,0,0,0,0,,LengthBall,Null,NotOut,Missed,0,Drive,Null,Round,Fast,Left,Null,NotReferred,Null,False,False,False,False,False,False,10,False,False,False,False,False,False,0,0,0,0,0,False,False
785962,6,4.5,1.0,0.0,0.0,27.0,0.0,1.0,30362,,15911,County Championship Division Two 2023,4,40,Durham,34,Gloucestershire,2023-07-12T18:06:35Z,6,False,,,,44,Matt Taylor,2729,Michael Jones,101,Alex Lees,199,90,Cover,1,0,1,1,,LengthBall,Null,NotOut,MisTimed,0,Worked,Null,Round,Fast,Left,Null,NotReferred,Null,False,False,False,False,False,False,10,False,False,False,False,False,False,1,0,0,0,0,False,False
785971,7,4.71,6.0,0.0,0.0,33.0,0.0,6.0,30362,,15911,County Championship Division Two 2023,4,40,Durham,34,Gloucestershire,2023-07-12T18:07:46Z,1,False,,,,4202,Zafar Gohar,2729,Michael Jones,101,Alex Lees,185,146,Deep Point,1,0,1,1,,LengthBall,Null,NotOut,Played,0,Pushed,Null,Round,Orthodox,Left,Null,NotReferred,Null,False,False,False,False,False,False,25,False,False,False,False,False,False,1,0,0,0,0,False,False
785971,7,4.71,6.0,0.0,0.0,33.0,0.0,6.0,30362,,15911,County Championship Division Two 2023,4,40,Durham,34,Gloucestershire,2023-07-12T18:08:33Z,2,False,,,,4202,Zafar Gohar,101,Alex Lees,2729,Michael Jones,321,162,Deep Extra Cover,2,0,2,2,,LengthBall,Null,NotOut,MisTimed,0,ReverseSweep,Null,Over,Orthodox,Left,Null,NotReferred,Null,False,False,False,False,False,False,25,False,False,False,False,False,False,2,0,0,0,0,False,False
785971,7,4.71,6.0,0.0,0.0,33.0,0.0,6.0,30362,,15911,County Championship Division Two 2023,4,40,Durham,34,Gloucestershire,2023-07-12T18:09:13Z,3,False,,,,4202,Zafar Gohar,101,Alex Lees,2729,Michael Jones,219,164,Deep Mid Wicket,1,0,1,1,,LengthBall,Null,NotOut,Played,0,Worked,Null,Over,Orthodox,Left,Null,NotReferred,Null,False,False,False,False,False,False,25,False,False,False,False,False,False,1,0,0,0,0,False,False
785971,7,4.71,6.0,0.0,0.0,33.0,0.0,6.0,30362,,15911,County Championship Division Two 2023,4,40,Durham,34,Gloucestershire,2023-07-12T18:09:40Z,4,False,,,,4202,Zafar Gohar,2729,Michael Jones,101,Alex Lees,220,156,Deep Extra Cover,1,0,1,1,,LengthBall,Null,NotOut,Played,0,Drive,Null,Round,Orthodox,Left,Null,NotReferred,Null,False,False,False,False,False,False,25,False,False,False,False,False,False,1,0,0,0,0,False,False
785971,7,4.71,6.0,0.0,0.0,33.0,0.0,6.0,30362,,15911,County Championship Division Two 2023,4,40,Durham,34,Gloucestershire,2023-07-12T18:10:13Z,5,False,,,,4202,Zafar Gohar,101,Alex Lees,2729,Michael Jones,227,161,Long On,1,0,1,1,,LengthBall,Null,NotOut,Played,0,Drive,Null,Over,Orthodox,Left,Null,NotReferred,Null,False,False,False,False,False,False,25,False,False,False,False,False,False,1,0,0,0,0,False,False
785971,7,4.71,6.0,0.0,0.0,33.0,0.0,6.0,30362,,15911,County Championship Division Two 2023,4,40,Durham,34,Gloucestershire,2023-07-12T18:10:41Z,6,False,,,,4202,Zafar Gohar,2729,Michael Jones,101,Alex Lees,300,67,Silly Mid On,0,0,0,0,,LengthBall,Null,NotOut,Played,0,ForwardDefensive,Null,Over,Orthodox,Left,Null,NotReferred,Null,False,False,False,False,False,False,25,False,False,False,False,False,False,0,0,0,0,0,False,False
785982,8,4.5,3.0,0.0,0.0,36.0,0.0,3.0,30362,,15911,County Championship Division Two 2023,4,40,Durham,34,Gloucestershire,2023-07-12T18:11:55Z,1,False,,,,7917,Ollie Price,101,Alex Lees,2729,Michael Jones,304,106,Mid Off,0,0,0,0,,LengthBall,Null,NotOut,Played,0,Drive,Null,Round,OffSpin,Right,Null,NotReferred,Null,False,False,False,False,False,False,10,False,False,False,False,False,False,0,0,0,0,0,False,False
785982,8,4.5,3.0,0.0,0.0,36.0,0.0,3.0,30362,,15911,County Championship Division Two 2023,4,40,Durham,34,Gloucestershire,2023-07-12T18:12:09Z,2,False,,,,7917,Ollie Price,101,Alex Lees,2729,Michael Jones,289,157,Long Off,1,0,1,1,,LengthBall,Null,NotOut,Played,0,Drive,Null,Round,OffSpin,Right,Null,NotReferred,Null,False,False,False,False,False,False,10,False,False,False,False,False,False,1,0,0,0,0,False,False
785982,8,4.5,3.0,0.0,0.0,36.0,0.0,3.0,30362,,15911,County Championship Division Two 2023,4,40,Durham,34,Gloucestershire,2023-07-12T18:12:38Z,3,False,,,,7917,Ollie Price,2729,Michael Jones,101,Alex Lees,282,146,Long On,1,0,1,1,,LengthBall,Null,NotOut,Played,0,Drive,Null,Over,OffSpin,Right,Null,NotReferred,Null,False,False,False,False,False,False,10,False,False,False,False,False,False,1,0,0,0,0,False,False
785982,8,4.5,3.0,0.0,0.0,36.0,0.0,3.0,30362,,15911,County Championship Division Two 2023,4,40,Durham,34,Gloucestershire,2023-07-12T18:13:00Z,4,False,,,,7917,Ollie Price,101,Alex Lees,2729,Michael Jones,340,87,Cover,0,0,0,0,,BackOfALength,Null,NotOut,Played,0,Cut,Null,Round,OffSpin,Right,Null,NotReferred,Null,False,False,False,False,False,False,10,False,False,False,False,False,False,0,0,0,0,0,False,False
785982,8,4.5,3.0,0.0,0.0,36.0,0.0,3.0,30362,,15911,County Championship Division Two 2023,4,40,Durham,34,Gloucestershire,2023-07-12T18:13:15Z,5,False,,,,7917,Ollie Price,101,Alex Lees,2729,Michael Jones,252,156,Long On,1,0,1,1,,LengthBall,Null,NotOut,Played,0,Drive,Null,Round,OffSpin,Right,Null,NotReferred,Null,False,False,False,False,False,False,10,False,False,False,False,False,False,1,0,0,0,0,False,False
785982,8,4.5,3.0,0.0,0.0,36.0,0.0,3.0,30362,,15911,County Championship Division Two 2023,4,40,Durham,34,Gloucestershire,2023-07-12T18:13:41Z,6,False,,,,7917,Ollie Price,2729,Michael Jones,101,Alex Lees,270,40,Bowler,0,0,0,0,,LengthBall,Null,NotOut,Played,0,Drive,Null,Over,OffSpin,Right,Null,NotReferred,Null,False,False,False,False,False,False,10,False,False,False,False,False,False,0,0,0,0,0,False,False
785991,9,4.44,4.0,1.0,0.0,40.0,1.0,4.0,30362,,15911,County Championship Division Two 2023,4,40,Durham,34,Gloucestershire,2023-07-12T18:14:22Z,1,False,,,,4202,Zafar Gohar,101,Alex Lees,2729,Michael Jones,215,64,Short Mid Wicket,0,0,0,0,,LengthBall,Null,NotOut,Played,0,Drive,Null,Over,Orthodox,Left,Null,NotReferred,Null,False,False,False,False,False,False,25,False,False,False,False,False,False,0,0,0,0,0,False,False
785991,9,4.44,4.0,1.0,0.0,40.0,1.0,4.0,30362,,15911,County Championship Division Two 2023,4,40,Durham,34,Gloucestershire,2023-07-12T18:14:41Z,2,False,,,,4202,Zafar Gohar,101,Alex Lees,2729,Michael Jones,48,153,Third Man,2,0,2,2,,LengthBall,Null,NotOut,Played,0,ReverseSweep,Null,Over,Orthodox,Left,Null,NotReferred,Null,False,False,False,False,False,False,25,False,False,False,False,False,False,2,0,0,0,0,False,False
785991,9,4.44,4.0,1.0,0.0,40.0,1.0,4.0,30362,,15911,County Championship Division Two 2023,4,40,Durham,34,Gloucestershire,2023-07-12T18:15:11Z,3,True,Bowled,101.0,Alex Lees,4202,Zafar Gohar,101,Alex Lees,2729,Michael Jones,0,0,,0,0,0,0,Bowled,LengthBall,Null,NotOut,Missed,0,Sweep,Null,Over,Orthodox,Left,Out1stUmpire,NotReferred,Null,False,False,False,False,False,False,25,False,False,False,False,False,False,0,0,0,0,0,False,False
785991,9,4.44,4.0,1.0,0.0,40.0,1.0,4.0,30362,,15911,County Championship Division Two 2023,4,40,Durham,34,Gloucestershire,2023-07-12T18:17:01Z,4,False,,,,4202,Zafar Gohar,2470,Scott Borthwick,2729,Michael Jones,353,150,Deep Point,2,0,2,2,,BackOfALength,Null,NotOut,Played,0,Cut,Null,Over,Orthodox,Left,Null,NotReferred,Null,False,False,False,False,False,False,25,False,False,False,False,False,False,2,0,0,0,0,False,False
785991,9,4.44,4.0,1.0,0.0,40.0,1.0,4.0,30362,,15911,County Championship Division Two 2023,4,40,Durham,34,Gloucestershire,2023-07-12T18:17:30Z,5,False,,,,4202,Zafar Gohar,2470,Scott Borthwick,2729,Michael Jones,245,48,Silly Mid On,0,0,0,0,,LengthBall,Null,NotOut,Played,0,ForwardDefensive,Null,Over,Orthodox,Left,Null,NotReferred,Null,False,False,False,False,False,False,25,False,False,False,False,False,False,0,0,0,0,0,False,False
785991,9,4.44,4.0,1.0,0.0,40.0,1.0,4.0,30362,,15911,County Championship Division Two 2023,4,40,Durham,34,Gloucestershire,2023-07-12T18:17:49Z,6,False,,,,4202,Zafar Gohar,2470,Scott Borthwick,2729,Michael Jones,330,24,Silly Point,0,0,0,0,,LengthBall,Null,NotOut,Played,0,ForwardDefensive,Null,Over,Orthodox,Left,Null,NotReferred,Null,False,False,False,False,False,False,25,False,False,False,False,False,False,0,0,0,0,0,False,False
786003,10,4.1,1.0,0.0,0.0,41.0,1.0,1.0,30362,,15911,County Championship Division Two 2023,4,40,Durham,34,Gloucestershire,2023-07-12T18:18:30Z,1,False,,,,7917,Ollie Price,2729,Michael Jones,2470,Scott Borthwick,270,40,Bowler,0,0,0,0,,LengthBall,Null,NotOut,Played,0,ForwardDefensive,Null,Over,OffSpin,Right,Null,NotReferred,Null,False,False,False,False,False,False,10,False,False,False,False,False,False,0,0,0,0,0,False,False
786003,10,4.1,1.0,0.0,0.0,41.0,1.0,1.0,30362,,15911,County Championship Division Two 2023,4,40,Durham,34,Gloucestershire,2023-07-12T18:18:49Z,2,False,,,,7917,Ollie Price,2729,Michael Jones,2470,Scott Borthwick,325,74,Mid Wicket,0,0,0,0,,LengthBall,Null,NotOut,Played,0,Worked,Null,Over,OffSpin,Right,Null,NotReferred,Null,False,False,False,False,False,False,10,False,False,False,False,False,False,0,0,0,0,0,False,False
786003,10,4.1,1.0,0.0,0.0,41.0,1.0,1.0,30362,,15911,County Championship Division Two 2023,4,40,Durham,34,Gloucestershire,2023-07-12T18:19:07Z,3,False,,,,7917,Ollie Price,2729,Michael Jones,2470,Scott Borthwick,285,152,Long On,1,0,1,1,,LengthBall,Null,NotOut,Played,0,Drive,Null,Over,OffSpin,Right,Null,NotReferred,Null,False,False,False,False,False,False,10,False,False,False,False,False,False,1,0,0,0,0,False,False
786003,10,4.1,1.0,0.0,0.0,41.0,1.0,1.0,30362,,15911,County Championship Division Two 2023,4,40,Durham,34,Gloucestershire,2023-07-12T18:19:52Z,4,False,,,,7917,Ollie Price,2470,Scott Borthwick,2729,Michael Jones,17,83,Backward Point,0,0,0,0,,BackOfALength,Null,NotOut,Played,0,Cut,Null,Round,OffSpin,Right,Null,NotReferred,Null,False,False,False,False,False,False,10,False,False,False,False,False,False,0,0,0,0,0,False,False
786003,10,4.1,1.0,0.0,0.0,41.0,1.0,1.0,30362,,15911,County Championship Division Two 2023,4,40,Durham,34,Gloucestershire,2023-07-12T18:20:13Z,5,False,,,,7917,Ollie Price,2470,Scott Borthwick,2729,Michael Jones,328,41,Short Extra Cover,0,0,0,0,,LengthBall,Null,NotOut,Played,0,BackwardDefensive,Null,Round,OffSpin,Right,Null,NotReferred,Null,False,False,False,False,False,False,10,False,False,False,False,False,False,0,0,0,0,0,False,False
786003,10,4.1,1.0,0.0,0.0,41.0,1.0,1.0,30362,,15911,County Championship Division Two 2023,4,40,Durham,34,Gloucestershire,2023-07-12T18:20:29Z,6,False,,,,7917,Ollie Price,2470,Scott Borthwick,2729,Michael Jones,343,66,Cover,0,0,0,0,,LengthBall,Null,NotOut,Played,0,Cut,Null,Round,OffSpin,Right,Null,NotReferred,Null,False,False,False,False,False,False,10,False,False,False,False,False,False,0,0,0,0,0,False,False
786010,11,4.36,7.0,0.0,0.0,48.0,1.0,7.0,30362,,15911,County Championship Division Two 2023,4,40,Durham,34,Gloucestershire,2023-07-12T18:21:14Z,1,False,,,,4202,Zafar Gohar,2729,Michael Jones,2470,Scott Borthwick,221,133,Deep Extra Cover,1,0,1,1,,LengthBall,Null,NotOut,Played,0,Pushed,Null,Round,Orthodox,Left,Null,NotReferred,Null,False,False,False,False,False,False,25,False,False,False,False,False,False,1,0,0,0,0,False,False
786010,11,4.36,7.0,0.0,0.0,48.0,1.0,7.0,30362,,15911,County Championship Division Two 2023,4,40,Durham,34,Gloucestershire,2023-07-12T18:21:41Z,2,False,,,,4202,Zafar Gohar,2470,Scott Borthwick,2729,Michael Jones,139,164,Fine Leg,4,0,4,4,,LengthBall,Null,NotOut,HitHard,0,Sweep,Null,Over,Orthodox,Left,Null,NotReferred,Null,False,False,False,False,False,False,25,False,False,False,False,False,False,4,0,0,0,0,False,True
786010,11,4.36,7.0,0.0,0.0,48.0,1.0,7.0,30362,,15911,County Championship Division Two 2023,4,40,Durham,34,Gloucestershire,2023-07-12T18:22:18Z,3,False,,,,4202,Zafar Gohar,2470,Scott Borthwick,2729,Michael Jones,354,65,Point,0,0,0,0,,Yorker,Null,NotOut,Played,0,Drive,Null,Over,Orthodox,Left,Null,NotReferred,Null,False,False,False,False,False,False,25,False,False,False,False,False,False,0,0,0,0,0,False,False
786010,11,4.36,7.0,0.0,0.0,48.0,1.0,7.0,30362,,15911,County Championship Division Two 2023,4,40,Durham,34,Gloucestershire,2023-07-12T18:22:34Z,4,False,,,,4202,Zafar Gohar,2470,Scott Borthwick,2729,Michael Jones,221,7,Short Leg,0,0,0,0,,LengthBall,Null,NotOut,Played,0,ForwardDefensive,Null,Over,Orthodox,Left,Null,NotReferred,Null,False,False,False,False,False,False,25,False,False,False,False,False,False,0,0,0,0,0,False,False
786010,11,4.36,7.0,0.0,0.0,48.0,1.0,7.0,30362,,15911,County Championship Division Two 2023,4,40,Durham,34,Gloucestershire,2023-07-12T18:22:51Z,5,False,,,,4202,Zafar Gohar,2470,Scott Borthwick,2729,Michael Jones,49,118,Third Man,2,0,2,2,,LengthBall,Null,NotOut,Played,0,Steer,Null,Over,Orthodox,Left,Null,NotReferred,Null,False,False,False,False,False,False,25,False,False,False,False,False,False,2,0,0,0,0,False,False
786010,11,4.36,7.0,0.0,0.0,48.0,1.0,7.0,30362,,15911,County Championship Division Two 2023,4,40,Durham,34,Gloucestershire,2023-07-12T18:23:20Z,6,False,,,,4202,Zafar Gohar,2470,Scott Borthwick,2729,Michael Jones,270,40,Bowler,0,0,0,0,,LengthBall,Null,NotOut,Played,0,ForwardDefensive,Null,Over,Orthodox,Left,Null,NotReferred,Null,False,False,False,False,False,False,25,False,False,False,False,False,False,0,0,0,0,0,False,False
786018,12,4.56,4.0,0.0,0.0,52.0,1.0,4.0,30362,,15911,County Championship Division Two 2023,4,40,Durham,34,Gloucestershire,2023-07-12T18:24:24Z,1,False,,,,7917,Ollie Price,2729,Michael Jones,2470,Scott Borthwick,334,85,Mid Wicket,1,0,1,1,,LengthBall,Null,NotOut,Played,0,Worked,Null,Over,OffSpin,Right,Null,NotReferred,Null,False,False,False,False,False,False,10,False,False,False,False,False,False,1,0,0,0,0,False,False
786018,12,4.56,4.0,0.0,0.0,52.0,1.0,4.0,30362,,15911,County Championship Division Two 2023,4,40,Durham,34,Gloucestershire,2023-07-12T18:25:00Z,2,False,,,,7917,Ollie Price,2470,Scott Borthwick,2729,Michael Jones,141,146,Fine Leg,2,0,2,2,,LengthBall,Null,NotOut,MisTimed,0,SlogSweep,Null,Round,OffSpin,Right,Null,NotReferred,Null,False,False,False,False,False,False,10,False,False,False,False,False,False,2,0,0,0,0,False,False
786018,12,4.56,4.0,0.0,0.0,52.0,1.0,4.0,30362,,15911,County Championship Division Two 2023,4,40,Durham,34,Gloucestershire,2023-07-12T18:25:32Z,3,False,,,,7917,Ollie Price,2470,Scott Borthwick,2729,Michael Jones,320,38,Short Extra Cover,0,0,0,0,,LengthBall,Null,NotOut,Played,0,ForwardDefensive,Null,Round,OffSpin,Right,Null,NotReferred,Null,False,False,False,False,False,False,10,False,False,False,False,False,False,0,0,0,0,0,False,False
786018,12,4.56,4.0,0.0,0.0,52.0,1.0,4.0,30362,,15911,County Championship Division Two 2023,4,40,Durham,34,Gloucestershire,2023-07-12T18:25:47Z,4,False,,,,7917,Ollie Price,2470,Scott Borthwick,2729,Michael Jones,195,83,Mid Wicket,1,0,1,1,,LengthBall,Null,NotOut,Played,0,Worked,Null,Round,OffSpin,Right,Null,NotReferred,Null,False,False,False,False,False,False,10,False,False,False,False,False,False,1,0,0,0,0,False,False
