over_id,over_overNumber,over_runrate,over_runsConceded,over_wickets,over_runsExtras,over_totalInningRuns,over_totalInningWickets,over_totalRuns,id,matchName,fixtureId,fixtureName,inningNumber,battingTeamId,battingTeamName,bowlingTeamId,bowlingTeamName,ballDateTime,ballNumber,isWicket,bowlerPlayerId,bowlerPlayerName,battingPlayerId,battingPlayerName,nonStrikeBattingPlayerId,nonStrikeBattingPlayerName,shotAngle,shotMagnitude,battingHandId,fieldingPosition,runsConceded,extras,runs,runsScored,lengthTypeId,lineTypeId,appealDismissalTypeId,battingConnectionId,battingFeetId,battingShotTypeId,bowlingDetailId,bowlingFromId,bowlingTypeId,bowlingHandId,outcomeId,referralOutcomeId,noBallReasonId,isWide,isNoBall,isByes,isLegByes,isAirControlled,isAppeal,decisionOfficialId,isFreeHit,isNewBall,isPowerPlay,isBattingPowerPlay,isFloodLit,isReferred,teamRuns,runsByes,runsWide,runsLegByes,noBallsCount,isBoundry,isAirNotControlled,dismissalTypeId,dismissalPlayerId,dismissalPlayerName,dismissalType
330628,1,2.0,2.0,0.0,0.0,2.0,0.0,2.0,10670,,9839,Pakistan v Zimbabwe T20Is - Men's,1,22,Zimbabwe Men,11,Pakistan Men,2020-11-10T16:00:04Z,1,False,2464,Mohammad Hasnain,680,Brendan Taylor,733,Chamu Chibhabha,90,48,Left,Wicketkeeper,0,0,0,0,LengthBall,OutsideOff,NotOut,Left,NoMovement,ShouldersArms,AwaySwinger,Over,Fast,Left,Null,NotReferred,Null,False,False,False,False,False,False,90,False,True,True,False,False,False,0,0,0,0,0,False,False,,,,
330628,1,2.0,2.0,0.0,0.0,2.0,0.0,2.0,10670,,9839,Pakistan v Zimbabwe T20Is - Men's,1,22,Zimbabwe Men,11,Pakistan Men,2020-11-10T16:00:36Z,2,False,2464,Mohammad Hasnain,680,Brendan Taylor,733,Chamu Chibhabha,1,92,Left,Square Leg,1,0,1,1,BackOfALength,OutsideOff,NotOut,None,BackFoot,Worked,NoMovement,Over,Fast,Left,Null,NotReferred,Null,False,False,False,False,False,False,90,False,False,True,False,False,False,1,0,0,0,0,False,False,,,,
330628,1,2.0,2.0,0.0,0.0,2.0,0.0,2.0,10670,,9839,Pakistan v Zimbabwe T20Is - Men's,1,22,Zimbabwe Men,11,Pakistan Men,2020-11-10T16:01:54Z,3,False,2464,Mohammad Hasnain,733,Chamu Chibhabha,680,Brendan Taylor,90,48,Left,Wicketkeeper,0,0,0,0,LengthBall,OutsideOff,NotOut,Left,NoMovement,ShouldersArms,AwaySwinger,Over,Fast,Left,Null,NotReferred,Null,False,False,False,False,False,False,90,False,False,True,False,False,False,0,0,0,0,0,False,False,,,,
330628,1,2.0,2.0,0.0,0.0,2.0,0.0,2.0,10670,,9839,Pakistan v Zimbabwe T20Is - Men's,1,22,Zimbabwe Men,11,Pakistan Men,2020-11-10T16:02:27Z,4,False,2464,Mohammad Hasnain,733,Chamu Chibhabha,680,Brendan Taylor,308,36,Left,Silly Mid On,0,0,0,0,BackOfALength,OutsideOff,NotOut,None,BackFoot,Worked,NoMovement,Over,Fast,Left,Null,NotReferred,Null,False,False,False,False,False,False,90,False,False,True,False,False,False,0,0,0,0,0,False,False,,,,
330628,1,2.0,2.0,0.0,0.0,2.0,0.0,2.0,10670,,9839,Pakistan v Zimbabwe T20Is - Men's,1,22,Zimbabwe Men,11,Pakistan Men,2020-11-10T16:02:41Z,5,False,2464,Mohammad Hasnain,733,Chamu Chibhabha,680,Brendan Taylor,185,79,Left,Point,1,0,1,1,BackOfALength,OutsideOff,NotOut,None,BackFoot,Dropped,AwaySwinger,Over,Fast,Left,Null,NotReferred,Null,False,False,False,False,False,False,90,False,False,True,False,False,False,1,0,0,0,0,False,False,,,,
330628,1,2.0,2.0,0.0,0.0,2.0,0.0,2.0,10670,,9839,Pakistan v Zimbabwe T20Is - Men's,1,22,Zimbabwe Men,11,Pakistan Men,2020-11-10T16:03:16Z,6,False,2464,Mohammad Hasnain,680,Brendan Taylor,733,Chamu Chibhabha,214,77,Left,Extra Cover,0,0,0,0,BackOfALength,OutsideOff,NotOut,None,BackFoot,Drive,NoMovement,Over,Fast,Left,Null,NotReferred,Null,False,False,False,False,False,False,90,False,False,True,False,False,False,0,0,0,0,0,False,False,,,,
330630,2,10.5,18.0,0.0,5.0,21.0,0.0,19.0,10670,,9839,Pakistan v Zimbabwe T20Is - Men's,1,22,Zimbabwe Men,11,Pakistan Men,2020-11-10T16:04:40Z,1,False,3928,Haris Rauf,733,Chamu Chibhabha,680,Brendan Taylor,261,210,Left,Long Off,4,0,4,4,LengthBall,OutsideOff,NotOut,WellTimed,FrontFoot,Drive,AwaySwinger,Over,Fast,Left,Null,NotReferred,Null,False,False,False,False,False,False,28,False,False,True,False,False,False,4,0,0,0,0,False,True,,,,
330630,2,10.5,18.0,0.0,5.0,21.0,0.0,19.0,10670,,9839,Pakistan v Zimbabwe T20Is - Men's,1,22,Zimbabwe Men,11,Pakistan Men,2020-11-10T16:05:18Z,2,False,3928,Haris Rauf,733,Chamu Chibhabha,680,Brendan Taylor,176,194,Left,Deep Point,4,0,4,4,BackOfALength,OutsideOff,NotOut,WellTimed,BackFoot,Cut,AwaySwinger,Over,Fast,Left,Null,NotReferred,Null,False,False,False,False,False,False,28,False,False,True,False,False,False,4,0,0,0,0,False,True,,,,
330630,2,10.5,18.0,0.0,5.0,21.0,0.0,19.0,10670,,9839,Pakistan v Zimbabwe T20Is - Men's,1,22,Zimbabwe Men,11,Pakistan Men,2020-11-10T16:05:57Z,3,False,3928,Haris Rauf,733,Chamu Chibhabha,680,Brendan Taylor,74,194,Left,Fine Leg,4,5,5,0,LengthBall,DownLeg,NotOut,Left,NoMovement,Leave,SeamIn,Over,Fast,Left,Null,NotReferred,Null,True,False,False,False,False,False,28,False,False,True,False,False,False,0,0,5,0,0,False,False,,,,
330630,2,10.5,18.0,0.0,5.0,21.0,0.0,19.0,10670,,9839,Pakistan v Zimbabwe T20Is - Men's,1,22,Zimbabwe Men,11,Pakistan Men,2020-11-10T16:06:49Z,3,False,3928,Haris Rauf,733,Chamu Chibhabha,680,Brendan Taylor,174,67,Left,Point,1,0,1,1,BackOfALength,OutsideOff,NotOut,None,BackFoot,Dropped,SeamIn,Over,Fast,Left,Null,NotReferred,Null,False,False,False,False,False,False,28,False,False,True,False,False,False,1,0,0,0,0,False,False,,,,
330630,2,10.5,18.0,0.0,5.0,21.0,0.0,19.0,10670,,9839,Pakistan v Zimbabwe T20Is - Men's,1,22,Zimbabwe Men,11,Pakistan Men,2020-11-10T16:07:33Z,4,False,3928,Haris Rauf,680,Brendan Taylor,733,Chamu Chibhabha,324,219,Left,Deep Mid Wicket,4,0,4,4,LengthBall,OutsideOff,NotOut,WellTimed,FrontFoot,Flick,SeamIn,Over,Fast,Left,Null,NotReferred,Null,False,False,False,False,False,False,28,False,False,True,False,False,False,4,0,0,0,0,False,False,,,,
330630,2,10.5,18.0,0.0,5.0,21.0,0.0,19.0,10670,,9839,Pakistan v Zimbabwe T20Is - Men's,1,22,Zimbabwe Men,11,Pakistan Men,2020-11-10T16:09:36Z,5,False,3928,Haris Rauf,680,Brendan Taylor,733,Chamu Chibhabha,9,137,Left,Deep Backward Square Leg,1,0,1,1,BackOfALength,OutsideOff,NotOut,None,BackFoot,Worked,SeamIn,Over,Fast,Left,Null,NotReferred,Null,False,False,False,False,False,False,28,False,False,True,False,False,False,1,0,0,0,0,False,False,,,,
330630,2,10.5,18.0,0.0,5.0,21.0,0.0,19.0,10670,,9839,Pakistan v Zimbabwe T20Is - Men's,1,22,Zimbabwe Men,11,Pakistan Men,2020-11-10T16:10:29Z,6,False,3928,Haris Rauf,733,Chamu Chibhabha,680,Brendan Taylor,349,76,Left,Mid Wicket,0,0,0,0,BackOfALength,OutsideOff,NotOut,None,BackFoot,Worked,SeamIn,Over,Fast,Left,Null,NotReferred,Null,False,False,False,False,False,False,28,False,False,True,False,False,False,0,0,0,0,0,False,False,,,,
330633,3,7.67,2.0,0.0,0.0,23.0,0.0,2.0,10670,,9839,Pakistan v Zimbabwe T20Is - Men's,1,22,Zimbabwe Men,11,Pakistan Men,2020-11-10T16:11:15Z,1,False,2464,Mohammad Hasnain,680,Brendan Taylor,733,Chamu Chibhabha,323,46,Left,Short Mid Wicket,0,0,0,0,BackOfALength,OutsideOff,NotOut,None,BackFoot,Worked,NoMovement,Over,Fast,Left,Null,NotReferred,Null,False,False,False,False,False,False,90,False,False,True,False,False,False,0,0,0,0,0,False,False,,,,
330633,3,7.67,2.0,0.0,0.0,23.0,0.0,2.0,10670,,9839,Pakistan v Zimbabwe T20Is - Men's,1,22,Zimbabwe Men,11,Pakistan Men,2020-11-10T16:11:45Z,2,False,2464,Mohammad Hasnain,680,Brendan Taylor,733,Chamu Chibhabha,245,14,Left,Silly Point,1,0,1,1,BackOfALength,OutsideOff,NotOut,None,BackFoot,Worked,NoMovement,Over,Fast,Left,Null,NotReferred,Null,False,False,False,False,False,False,90,False,False,True,False,False,False,1,0,0,0,0,False,False,,,,
330633,3,7.67,2.0,0.0,0.0,23.0,0.0,2.0,10670,,9839,Pakistan v Zimbabwe T20Is - Men's,1,22,Zimbabwe Men,11,Pakistan Men,2020-11-10T16:12:12Z,3,False,2464,Mohammad Hasnain,733,Chamu Chibhabha,680,Brendan Taylor,120,5,Left,Short Leg,0,0,0,0,Short,OutsideOff,NotOut,InsideEdge,BackFoot,Worked,NoMovement,Over,Fast,Left,Null,NotReferred,Null,False,False,False,False,False,False,90,False,False,True,False,False,False,0,0,0,0,0,False,False,,,,
330633,3,7.67,2.0,0.0,0.0,23.0,0.0,2.0,10670,,9839,Pakistan v Zimbabwe T20Is - Men's,1,22,Zimbabwe Men,11,Pakistan Men,2020-11-10T16:12:35Z,4,False,2464,Mohammad Hasnain,733,Chamu Chibhabha,680,Brendan Taylor,140,136,Left,Third Man,1,0,1,1,BackOfALength,OutsideOff,NotOut,None,FrontFoot,Steer,NoMovement,Over,Fast,Left,Null,NotReferred,Null,False,False,False,False,False,False,90,False,False,True,False,False,False,1,0,0,0,0,False,False,,,,
330633,3,7.67,2.0,0.0,0.0,23.0,0.0,2.0,10670,,9839,Pakistan v Zimbabwe T20Is - Men's,1,22,Zimbabwe Men,11,Pakistan Men,2020-11-10T16:12:58Z,5,False,2464,Mohammad Hasnain,680,Brendan Taylor,733,Chamu Chibhabha,211,59,Left,Short Extra Cover,0,0,0,0,LengthBall,OutsideOff,NotOut,None,FrontFoot,ForwardDefensive,NoMovement,Over,Fast,Left,Null,NotReferred,Null,False,False,False,False,False,False,90,False,False,True,False,False,False,0,0,0,0,0,False,False,,,,
330633,3,7.67,2.0,0.0,0.0,23.0,0.0,2.0,10670,,9839,Pakistan v Zimbabwe T20Is - Men's,1,22,Zimbabwe Men,11,Pakistan Men,2020-11-10T16:13:15Z,6,False,2464,Mohammad Hasnain,680,Brendan Taylor,733,Chamu Chibhabha,209,55,Left,Short Extra Cover,0,0,0,0,BackOfALength,OutsideOff,NotOut,None,BackFoot,Drive,NoMovement,Over,Fast,Left,Null,NotReferred,Null,False,False,False,False,False,False,90,False,False,True,False,False,False,0,0,0,0,0,False,False,,,,
330634,4,6.75,4.0,1.0,0.0,27.0,1.0,4.0,10670,,9839,Pakistan v Zimbabwe T20Is - Men's,1,22,Zimbabwe Men,11,Pakistan Men,2020-11-10T16:14:24Z,1,False,1181,Imad Wasim,733,Chamu Chibhabha,680,Brendan Taylor,270,40,Left,Bowler,0,0,0,0,LengthBall,OutsideOff,NotOut,HitPad,DownTheTrack,Worked,ArmBall,Round,Orthodox,Right,Null,NotReferred,Null,False,False,False,False,False,False,28,False,False,True,False,False,False,0,0,0,0,0,False,False,,,,
330634,4,6.75,4.0,1.0,0.0,27.0,1.0,4.0,10670,,9839,Pakistan v Zimbabwe T20Is - Men's,1,22,Zimbabwe Men,11,Pakistan Men,2020-11-10T16:14:44Z,2,False,1181,Imad Wasim,733,Chamu Chibhabha,680,Brendan Taylor,238,88,Left,Mid Off,1,0,1,1,LengthBall,OutsideOff,NotOut,None,FrontFoot,Drive,ArmBall,Round,Orthodox,Right,Null,NotReferred,Null,False,False,False,False,False,False,28,False,False,True,False,False,False,1,0,0,0,0,False,False,,,,
330634,4,6.75,4.0,1.0,0.0,27.0,1.0,4.0,10670,,9839,Pakistan v Zimbabwe T20Is - Men's,1,22,Zimbabwe Men,11,Pakistan Men,2020-11-10T16:15:21Z,3,False,1181,Imad Wasim,680,Brendan Taylor,733,Chamu Chibhabha,296,155,Left,Long On,1,0,1,1,LengthBall,OutsideOff,NotOut,None,FrontFoot,Worked,ArmBall,Round,Orthodox,Right,Null,NotReferred,Null,False,False,False,False,False,False,28,False,False,True,False,False,False,1,0,0,0,0,False,False,,,,
330634,4,6.75,4.0,1.0,0.0,27.0,1.0,4.0,10670,,9839,Pakistan v Zimbabwe T20Is - Men's,1,22,Zimbabwe Men,11,Pakistan Men,2020-11-10T16:15:39Z,4,False,1181,Imad Wasim,733,Chamu Chibhabha,680,Brendan Taylor,6,88,Left,Square Leg,1,0,1,1,LengthBall,OutsideOff,NotOut,None,FrontFoot,Worked,ArmBall,Round,Orthodox,Right,Null,NotReferred,Null,False,False,False,False,False,False,28,False,False,True,False,False,False,1,0,0,0,0,False,False,,,,
330634,4,6.75,4.0,1.0,0.0,27.0,1.0,4.0,10670,,9839,Pakistan v Zimbabwe T20Is - Men's,1,22,Zimbabwe Men,11,Pakistan Men,2020-11-10T16:16:06Z,5,True,1181,Imad Wasim,680,Brendan Taylor,733,Chamu Chibhabha,354,159,Left,Deep Square Leg,0,0,0,0,LengthBall,OutsideOff,NotOut,MisTimed,DownTheTrack,Flick,ArmBall,Round,Orthodox,Right,Out1stUmpire,NotReferred,Null,False,False,False,False,False,False,28,False,False,True,False,False,False,0,0,0,0,0,False,False,Caught,680.0,Brendan Taylor,Caught
330634,4,6.75,4.0,1.0,0.0,27.0,1.0,4.0,10670,,9839,Pakistan v Zimbabwe T20Is - Men's,1,22,Zimbabwe Men,11,Pakistan Men,2020-11-10T16:17:45Z,6,False,1181,Imad Wasim,733,Chamu Chibhabha,681,Craig Ervine,351,132,Left,Deep Mid Wicket,1,0,1,1,LengthBall,OutsideOff,NotOut,None,FrontFoot,Worked,ArmBall,Round,Orthodox,Right,Null,NotReferred,Null,False,False,False,False,False,False,28,False,False,True,False,False,False,1,0,0,0,0,False,False,,,,
330636,5,6.4,5.0,0.0,0.0,32.0,1.0,5.0,10670,,9839,Pakistan v Zimbabwe T20Is - Men's,1,22,Zimbabwe Men,11,Pakistan Men,2020-11-10T16:18:53Z,1,False,3751,Muhammad Musa,733,Chamu Chibhabha,681,Craig Ervine,288,92,Left,Mid On,1,0,1,1,LengthBall,OutsideOff,NotOut,None,FrontFoot,Drive,NoMovement,Over,Fast,Left,Null,NotReferred,Null,False,False,False,False,False,False,90,False,False,True,False,False,False,1,0,0,0,0,False,False,,,,
330636,5,6.4,5.0,0.0,0.0,32.0,1.0,5.0,10670,,9839,Pakistan v Zimbabwe T20Is - Men's,1,22,Zimbabwe Men,11,Pakistan Men,2020-11-10T16:19:33Z,2,False,3751,Muhammad Musa,681,Craig Ervine,733,Chamu Chibhabha,219,51,Right,Short Mid Wicket,0,0,0,0,BackOfALength,DownLeg,NotOut,None,BackFoot,Worked,NoMovement,Over,Fast,Left,Null,NotReferred,Null,False,False,False,False,False,False,90,False,False,True,False,False,False,0,0,0,0,0,False,False,,,,
330636,5,6.4,5.0,0.0,0.0,32.0,1.0,5.0,10670,,9839,Pakistan v Zimbabwe T20Is - Men's,1,22,Zimbabwe Men,11,Pakistan Men,2020-11-10T16:20:11Z,3,False,3751,Muhammad Musa,681,Craig Ervine,733,Chamu Chibhabha,90,48,Right,Wicketkeeper,0,0,0,0,LengthBall,OutsideOff,NotOut,Missed,FrontFoot,Drive,NoMovement,Over,Fast,Left,Null,NotReferred,Null,False,False,False,False,False,False,90,False,False,True,False,False,False,0,0,0,0,0,False,False,,,,
330636,5,6.4,5.0,0.0,0.0,32.0,1.0,5.0,10670,,9839,Pakistan v Zimbabwe T20Is - Men's,1,22,Zimbabwe Men,11,Pakistan Men,2020-11-10T16:20:55Z,4,False,3751,Muhammad Musa,681,Craig Ervine,733,Chamu Chibhabha,340,75,Right,Cover,0,0,0,0,LengthBall,OffStump,NotOut,None,FrontFoot,Drive,NoMovement,Over,Fast,Left,Null,NotReferred,Null,False,False,False,False,False,False,90,False,False,True,False,False,False,0,0,0,0,0,False,False,,,,
330636,5,6.4,5.0,0.0,0.0,32.0,1.0,5.0,10670,,9839,Pakistan v Zimbabwe T20Is - Men's,1,22,Zimbabwe Men,11,Pakistan Men,2020-11-10T16:21:37Z,5,False,3751,Muhammad Musa,681,Craig Ervine,733,Chamu Chibhabha,332,54,Right,Short Extra Cover,0,0,0,0,LengthBall,MiddleStump,NotOut,None,FrontFoot,Pushed,NoMovement,Over,Fast,Left,Null,NotReferred,Null,False,False,False,False,False,False,90,False,False,True,False,False,False,0,0,0,0,0,False,False,,,,
330636,5,6.4,5.0,0.0,0.0,32.0,1.0,5.0,10670,,9839,Pakistan v Zimbabwe T20Is - Men's,1,22,Zimbabwe Men,11,Pakistan Men,2020-11-10T16:22:48Z,6,False,3751,Muhammad Musa,681,Craig Ervine,733,Chamu Chibhabha,210,208,Right,Deep Mid Wicket,4,0,4,4,BackOfALength,LegStump,NotOut,WellTimed,BackFoot,Pull,NoMovement,Over,Fast,Left,Null,NotReferred,Null,False,False,False,False,True,False,90,False,False,True,False,False,False,4,0,0,0,0,False,True,,,,
330639,6,6.5,7.0,1.0,0.0,39.0,2.0,7.0,10670,,9839,Pakistan v Zimbabwe T20Is - Men's,1,22,Zimbabwe Men,11,Pakistan Men,2020-11-10T16:24:00Z,1,False,3928,Haris Rauf,733,Chamu Chibhabha,681,Craig Ervine,90,48,Left,Wicketkeeper,0,0,0,0,BackOfALength,OutsideOff,NotOut,Missed,DownTheTrack,Slog,NoMovement,Over,Fast,Left,Null,NotReferred,Null,False,False,False,False,False,False,28,False,False,True,False,True,False,0,0,0,0,0,False,False,,,,
330639,6,6.5,7.0,1.0,0.0,39.0,2.0,7.0,10670,,9839,Pakistan v Zimbabwe T20Is - Men's,1,22,Zimbabwe Men,11,Pakistan Men,2020-11-10T16:24:23Z,2,False,3928,Haris Rauf,733,Chamu Chibhabha,681,Craig Ervine,235,91,Left,Mid Off,1,0,1,1,LengthBall,OutsideOff,NotOut,None,FrontFoot,Drive,SeamIn,Over,Fast,Left,Null,NotReferred,Null,False,False,False,False,False,False,28,False,False,True,False,True,False,1,0,0,0,0,False,False,,,,
330639,6,6.5,7.0,1.0,0.0,39.0,2.0,7.0,10670,,9839,Pakistan v Zimbabwe T20Is - Men's,1,22,Zimbabwe Men,11,Pakistan Men,2020-11-10T16:24:57Z,3,True,3928,Haris Rauf,681,Craig Ervine,733,Chamu Chibhabha,4,82,Right,Point,0,0,0,0,BackOfALength,DownLeg,NotOut,LeadingEdge,BackFoot,Worked,SeamAway,Over,Fast,Left,Out1stUmpire,NotReferred,Null,False,False,False,False,False,False,28,False,False,True,False,True,False,0,0,0,0,0,False,False,Caught,681.0,Craig Ervine,Caught
330639,6,6.5,7.0,1.0,0.0,39.0,2.0,7.0,10670,,9839,Pakistan v Zimbabwe T20Is - Men's,1,22,Zimbabwe Men,11,Pakistan Men,2020-11-10T16:26:52Z,4,False,3928,Haris Rauf,3098,Wesley Madhevere,733,Chamu Chibhabha,329,211,Left,Deep Mid Wicket,4,0,4,4,HalfVolley,MiddleStump,NotOut,WellTimed,FrontFoot,Flick,InSwinger,Over,Fast,Left,Null,NotReferred,Null,False,False,False,False,False,False,28,False,False,True,False,True,False,4,0,0,0,0,False,True,,,,
330639,6,6.5,7.0,1.0,0.0,39.0,2.0,7.0,10670,,9839,Pakistan v Zimbabwe T20Is - Men's,1,22,Zimbabwe Men,11,Pakistan Men,2020-11-10T16:27:33Z,5,False,3928,Haris Rauf,3098,Wesley Madhevere,733,Chamu Chibhabha,354,62,Left,Mid Wicket,1,0,1,1,BackOfALength,OutsideOff,NotOut,None,BackFoot,Worked,SeamIn,Over,Fast,Left,Null,NotReferred,Null,False,False,False,False,False,False,28,False,False,True,False,True,False,1,0,0,0,0,False,False,,,,
330639,6,6.5,7.0,1.0,0.0,39.0,2.0,7.0,10670,,9839,Pakistan v Zimbabwe T20Is - Men's,1,22,Zimbabwe Men,11,Pakistan Men,2020-11-10T16:28:16Z,6,False,3928,Haris Rauf,733,Chamu Chibhabha,3098,Wesley Madhevere,346,87,Left,Mid Wicket,1,0,1,1,BackOfALength,OutsideOff,NotOut,None,BackFoot,Worked,SeamIn,Over,Fast,Left,Null,NotReferred,Null,False,False,False,False,False,False,28,False,False,True,False,True,False,1,0,0,0,0,False,False,,,,
330641,7,6.0,3.0,0.0,0.0,42.0,2.0,3.0,10670,,9839,Pakistan v Zimbabwe T20Is - Men's,1,22,Zimbabwe Men,11,Pakistan Men,2020-11-10T16:29:15Z,1,False,3751,Muhammad Musa,733,Chamu Chibhabha,3098,Wesley Madhevere,166,71,Left,Backward Point,1,0,1,1,LengthBall,OutsideOff,NotOut,None,FrontFoot,Steer,NoMovement,Over,Fast,Left,Null,NotReferred,Null,False,False,False,False,False,False,90,False,False,False,False,True,False,1,0,0,0,0,False,False,,,,
330641,7,6.0,3.0,0.0,0.0,42.0,2.0,3.0,10670,,9839,Pakistan v Zimbabwe T20Is - Men's,1,22,Zimbabwe Men,11,Pakistan Men,2020-11-10T16:30:02Z,2,False,3751,Muhammad Musa,3098,Wesley Madhevere,733,Chamu Chibhabha,208,47,Left,Short Extra Cover,1,0,1,1,LengthBall,OutsideOff,NotOut,InsideEdge,FrontFoot,Worked,SeamIn,Over,Fast,Left,Null,NotReferred,Null,False,False,False,False,False,False,90,False,False,False,False,True,False,1,0,0,0,0,False,False,,,,
330641,7,6.0,3.0,0.0,0.0,42.0,2.0,3.0,10670,,9839,Pakistan v Zimbabwe T20Is - Men's,1,22,Zimbabwe Men,11,Pakistan Men,2020-11-10T16:31:03Z,3,False,3751,Muhammad Musa,733,Chamu Chibhabha,3098,Wesley Madhevere,90,48,Left,Wicketkeeper,0,0,0,0,HalfTracker,OutsideOff,NotOut,Left,DownTheTrack,Leave,NoMovement,Over,Fast,Left,Null,NotReferred,Null,False,False,False,False,False,False,90,False,False,False,False,True,False,0,0,0,0,0,False,False,,,,
330641,7,6.0,3.0,0.0,0.0,42.0,2.0,3.0,10670,,9839,Pakistan v Zimbabwe T20Is - Men's,1,22,Zimbabwe Men,11,Pakistan Men,2020-11-10T16:31:31Z,4,False,3751,Muhammad Musa,733,Chamu Chibhabha,3098,Wesley Madhevere,270,40,Left,Bowler,0,0,0,0,BackOfALength,OutsideOff,NotOut,None,BackFoot,BackwardDefensive,NoMovement,Over,Fast,Left,Null,NotReferred,Null,False,False,False,False,False,False,90,False,False,False,False,True,False,0,0,0,0,0,False,False,,,,
330641,7,6.0,3.0,0.0,0.0,42.0,2.0,3.0,10670,,9839,Pakistan v Zimbabwe T20Is - Men's,1,22,Zimbabwe Men,11,Pakistan Men,2020-11-10T16:32:07Z,5,False,3751,Muhammad Musa,733,Chamu Chibhabha,3098,Wesley Madhevere,296,156,Left,Long On,1,0,1,1,LengthBall,OutsideOff,NotOut,MisTimed,FrontFoot,Drive,NoMovement,Over,Fast,Left,Null,NotReferred,Null,False,False,False,False,False,False,90,False,False,False,False,True,False,1,0,0,0,0,False,False,,,,
330641,7,6.0,3.0,0.0,0.0,42.0,2.0,3.0,10670,,9839,Pakistan v Zimbabwe T20Is - Men's,1,22,Zimbabwe Men,11,Pakistan Men,2020-11-10T16:32:56Z,6,False,3751,Muhammad Musa,3098,Wesley Madhevere,733,Chamu Chibhabha,206,62,Left,Short Extra Cover,0,0,0,0,LengthBall,OutsideOff,NotOut,None,FrontFoot,Pushed,NoMovement,Over,Fast,Left,Null,NotReferred,Null,False,False,False,False,False,False,90,False,False,False,False,True,False,0,0,0,0,0,False,False,,,,
330642,8,6.88,13.0,0.0,0.0,55.0,2.0,13.0,10670,,9839,Pakistan v Zimbabwe T20Is - Men's,1,22,Zimbabwe Men,11,Pakistan Men,2020-11-10T16:33:53Z,1,False,1181,Imad Wasim,733,Chamu Chibhabha,3098,Wesley Madhevere,179,143,Left,Deep Point,1,0,1,1,BackOfALength,OutsideOff,NotOut,None,BackFoot,Cut,ArmBall,Round,Orthodox,Right,Null,NotReferred,Null,False,False,False,False,False,False,28,False,False,False,False,True,False,1,0,0,0,0,False,False,,,,
330642,8,6.88,13.0,0.0,0.0,55.0,2.0,13.0,10670,,9839,Pakistan v Zimbabwe T20Is - Men's,1,22,Zimbabwe Men,11,Pakistan Men,2020-11-10T16:34:10Z,2,False,1181,Imad Wasim,3098,Wesley Madhevere,733,Chamu Chibhabha,341,136,Left,Deep Mid Wicket,1,0,1,1,LengthBall,OffStump,NotOut,None,FrontFoot,Worked,ArmBall,Round,Orthodox,Right,Null,NotReferred,Null,False,False,False,False,False,False,28,False,False,False,False,True,False,1,0,0,0,0,False,False,,,,
330642,8,6.88,13.0,0.0,0.0,55.0,2.0,13.0,10670,,9839,Pakistan v Zimbabwe T20Is - Men's,1,22,Zimbabwe Men,11,Pakistan Men,2020-11-10T16:34:32Z,3,False,1181,Imad Wasim,733,Chamu Chibhabha,3098,Wesley Madhevere,296,215,Left,Long On,6,0,6,6,LengthBall,OutsideOff,NotOut,WellTimed,FrontFoot,Slog,ArmBall,Round,Orthodox,Right,Null,NotReferred,Null,False,False,False,False,True,False,28,False,False,False,False,True,False,6,0,0,0,0,False,True,,,,
330642,8,6.88,13.0,0.0,0.0,55.0,2.0,13.0,10670,,9839,Pakistan v Zimbabwe T20Is - Men's,1,22,Zimbabwe Men,11,Pakistan Men,2020-11-10T16:35:06Z,4,False,1181,Imad Wasim,733,Chamu Chibhabha,3098,Wesley Madhevere,220,44,Left,Short Extra Cover,0,0,0,0,LengthBall,OutsideOff,NotOut,None,FrontFoot,Pushed,ArmBall,Round,Orthodox,Right,Null,NotReferred,Null,False,False,False,False,False,False,28,False,False,False,False,True,False,0,0,0,0,0,False,False,,,,
330642,8,6.88,13.0,0.0,0.0,55.0,2.0,13.0,10670,,9839,Pakistan v Zimbabwe T20Is - Men's,1,22,Zimbabwe Men,11,Pakistan Men,2020-11-10T16:35:20Z,5,False,1181,Imad Wasim,733,Chamu Chibhabha,3098,Wesley Madhevere,302,222,Left,Long On,4,0,4,4,LengthBall,OffStump,NotOut,MisTimed,DownTheTrack,Drive,ArmBall,Round,Orthodox,Right,Null,NotReferred,Null,False,False,False,False,False,False,28,False,False,False,False,True,False,4,0,0,0,0,False,True,,,,
330642,8,6.88,13.0,0.0,0.0,55.0,2.0,13.0,10670,,9839,Pakistan v Zimbabwe T20Is - Men's,1,22,Zimbabwe Men,11,Pakistan Men,2020-11-10T16:35:56Z,6,False,1181,Imad Wasim,733,Chamu Chibhabha,3098,Wesley Madhevere,180,153,Left,Deep Point,1,0,1,1,LengthBall,OutsideOff,NotOut,None,BackFoot,Cut,ArmBall,Round,Orthodox,Right,Null,NotReferred,Null,False,False,False,False,False,False,28,False,False,False,False,True,False,1,0,0,0,0,False,False,,,,
330643,9,6.33,1.0,1.0,1.0,57.0,3.0,2.0,10670,,9839,Pakistan v Zimbabwe T20Is - Men's,1,22,Zimbabwe Men,11,Pakistan Men,2020-11-10T16:37:02Z,1,False,1985,Usman Qadir,733,Chamu Chibhabha,3098,Wesley Madhevere,270,40,Left,Bowler,0,0,0,0,LengthBall,OutsideOff,Lbw,HitPad,FrontFoot,ForwardDefensive,Googly,Over,LegSpin,Left,NotOut2ndUmpire,NotReferred,Null,False,False,False,False,False,True,90,False,False,False,False,True,False,0,0,0,0,0,False,False,,,,
330643,9,6.33,1.0,1.0,1.0,57.0,3.0,2.0,10670,,9839,Pakistan v Zimbabwe T20Is - Men's,1,22,Zimbabwe Men,11,Pakistan Men,2020-11-10T16:37:37Z,2,True,1985,Usman Qadir,733,Chamu Chibhabha,3098,Wesley Madhevere,5,152,Left,Deep Square Leg,0,0,0,0,BackOfALength,MiddleStump,NotOut,MisTimed,BackFoot,Pull,LegSpinner,Over,LegSpin,Left,Out2ndUmpire,NotReferred,Null,False,False,False,False,False,False,90,False,False,False,False,True,False,0,0,0,0,0,False,False,Caught,733.0,Chamu Chibhabha,Caught
330643,9,6.33,1.0,1.0,1.0,57.0,3.0,2.0,10670,,9839,Pakistan v Zimbabwe T20Is - Men's,1,22,Zimbabwe Men,11,Pakistan Men,2020-11-10T16:39:05Z,3,False,1985,Usman Qadir,3098,Wesley Madhevere,2663,Ryan Burl,5,78,Left,Square Leg,0,1,1,0,LengthBall,OffStump,NotOut,HitPad,BackFoot,Worked,Googly,Over,LegSpin,Left,Null,NotReferred,Null,False,False,False,True,False,False,90,False,False,False,False,True,False,0,0,0,1,0,False,False,,,,
330643,9,6.33,1.0,1.0,1.0,57.0,3.0,2.0,10670,,9839,Pakistan v Zimbabwe T20Is - Men's,1,22,Zimbabwe Men,11,Pakistan Men,2020-11-10T16:39:54Z,4,False,1985,Usman Qadir,2663,Ryan Burl,3098,Wesley Madhevere,292,160,Right,Long Off,1,0,1,1,LengthBall,OutsideOff,NotOut,None,FrontFoot,Drive,LegSpinner,Over,LegSpin,Left,Null,NotReferred,Null,False,False,False,False,False,False,90,False,False,False,False,True,False,1,0,0,0,0,False,False,,,,
330643,9,6.33,1.0,1.0,1.0,57.0,3.0,2.0,10670,,9839,Pakistan v Zimbabwe T20Is - Men's,1,22,Zimbabwe Men,11,Pakistan Men,2020-11-10T16:40:20Z,5,False,1985,Usman Qadir,3098,Wesley Madhevere,2663,Ryan Burl,90,48,Left,Wicketkeeper,0,0,0,0,LengthBall,OutsideOff,NotOut,Missed,FrontFoot,Pushed,LegSpinner,Over,LegSpin,Left,Null,NotReferred,Null,False,False,False,False,False,False,90,False,False,False,False,True,False,0,0,0,0,0,False,False,,,,
330643,9,6.33,1.0,1.0,1.0,57.0,3.0,2.0,10670,,9839,Pakistan v Zimbabwe T20Is - Men's,1,22,Zimbabwe Men,11,Pakistan Men,2020-11-10T16:40:34Z,6,False,1985,Usman Qadir,3098,Wesley Madhevere,2663,Ryan Burl,175,54,Left,Gully,0,0,0,0,LengthBall,OutsideOff,NotOut,InsideEdge,BackFoot,Steer,Googly,Over,LegSpin,Left,Null,NotReferred,Null,False,False,False,False,False,False,90,False,False,False,False,True,False,0,0,0,0,0,False,False,,,,
330644,10,5.8,1.0,1.0,0.0,58.0,4.0,1.0,10670,,9839,Pakistan v Zimbabwe T20Is - Men's,1,22,Zimbabwe Men,11,Pakistan Men,2020-11-10T11:16:52Z,1,False,1181,Imad Wasim,2663,Ryan Burl,3098,Wesley Madhevere,229,35,Right,Silly Mid On,0,0,0,0,LengthBall,DownLeg,NotOut,None,FrontFoot,Worked,StockBall,Round,Orthodox,Right,Null,NotReferred,Null,False,False,False,False,False,False,28,False,False,False,False,False,False,0,0,0,0,0,False,False,,,,
330644,10,5.8,1.0,1.0,0.0,58.0,4.0,1.0,10670,,9839,Pakistan v Zimbabwe T20Is - Men's,1,22,Zimbabwe Men,11,Pakistan Men,2020-11-10T11:17:08Z,2,True,1181,Imad Wasim,2663,Ryan Burl,3098,Wesley Madhevere,14,92,Right,Backward Point,0,0,0,0,LengthBall,DownLeg,NotOut,TopEdge,FrontFoot,ReverseSweep,StockBall,Round,Orthodox,Right,Out1stUmpire,NotReferred,Null,False,False,False,False,False,False,28,False,False,False,False,False,False,0,0,0,0,0,False,False,Caught,2663.0,Ryan Burl,Caught
330644,10,5.8,1.0,1.0,0.0,58.0,4.0,1.0,10670,,9839,Pakistan v Zimbabwe T20Is - Men's,1,22,Zimbabwe Men,11,Pakistan Men,2020-11-10T11:17:56Z,3,False,1181,Imad Wasim,3978,Milton Shumba,3098,Wesley Madhevere,7,69,Right,Point,0,0,0,0,LengthBall,DownLeg,NotOut,None,BackFoot,BackwardDefensive,StockBall,Round,Orthodox,Right,Null,NotReferred,Null,False,False,False,False,False,False,28,False,False,False,False,False,False,0,0,0,0,0,False,False,,,,
330644,10,5.8,1.0,1.0,0.0,58.0,4.0,1.0,10670,,9839,Pakistan v Zimbabwe T20Is - Men's,1,22,Zimbabwe Men,11,Pakistan Men,2020-11-10T11:18:12Z,4,False,1181,Imad Wasim,3978,Milton Shumba,3098,Wesley Madhevere,359,81,Right,Point,0,0,0,0,LengthBall,MiddleStump,NotOut,None,FrontFoot,Drive,StockBall,Round,Orthodox,Right,Null,NotReferred,Null,False,False,False,False,False,False,28,False,False,False,False,False,False,0,0,0,0,0,False,False,,,,
330644,10,5.8,1.0,1.0,0.0,58.0,4.0,1.0,10670,,9839,Pakistan v Zimbabwe T20Is - Men's,1,22,Zimbabwe Men,11,Pakistan Men,2020-11-10T11:18:26Z,5,False,1181,Imad Wasim,3978,Milton Shumba,3098,Wesley Madhevere,224,45,Right,Short Mid Wicket,0,0,0,0,LengthBall,LegStump,NotOut,None,BackFoot,BackwardDefensive,QuickerBall,Round,Orthodox,Right,Null,NotReferred,Null,False,False,False,False,False,False,28,False,False,False,False,False,False,0,0,0,0,0,False,False,,,,
330644,10,5.8,1.0,1.0,0.0,58.0,4.0,1.0,10670,,9839,Pakistan v Zimbabwe T20Is - Men's,1,22,Zimbabwe Men,11,Pakistan Men,2020-11-10T11:19:03Z,6,False,1181,Imad Wasim,3978,Milton Shumba,3098,Wesley Madhevere,186,151,Right,Deep Square Leg,1,0,1,1,LengthBall,LegStump,NotOut,None,BackFoot,Pull,StockBall,Round,Orthodox,Right,Null,NotReferred,Null,False,False,False,False,False,False,28,False,False,False,False,False,False,1,0,0,0,0,False,False,,,,
330645,11,5.91,3.0,0.0,4.0,65.0,4.0,7.0,10670,,9839,Pakistan v Zimbabwe T20Is - Men's,1,22,Zimbabwe Men,11,Pakistan Men,2020-11-10T11:19:29Z,1,False,1985,Usman Qadir,3978,Milton Shumba,3098,Wesley Madhevere,296,157,Right,Long Off,1,0,1,1,HalfVolley,OffStump,NotOut,None,FrontFoot,Drive,LegSpinner,Round,LegSpin,Left,Null,NotReferred,Null,False,False,False,False,False,False,90,False,False,False,False,False,False,1,0,0,0,0,False,False,,,,
330645,11,5.91,3.0,0.0,4.0,65.0,4.0,7.0,10670,,9839,Pakistan v Zimbabwe T20Is - Men's,1,22,Zimbabwe Men,11,Pakistan Men,2020-11-10T11:19:51Z,2,False,1985,Usman Qadir,3098,Wesley Madhevere,3978,Milton Shumba,350,160,Left,Deep Mid Wicket,1,0,1,1,HalfVolley,MiddleStump,NotOut,None,FrontFoot,Sweep,LegSpinner,Round,LegSpin,Left,Null,NotReferred,Null,False,False,False,False,False,False,90,False,False,False,False,False,False,1,0,0,0,0,False,False,,,,
330645,11,5.91,3.0,0.0,4.0,65.0,4.0,7.0,10670,,9839,Pakistan v Zimbabwe T20Is - Men's,1,22,Zimbabwe Men,11,Pakistan Men,2020-11-10T11:20:12Z,3,False,1985,Usman Qadir,3978,Milton Shumba,3098,Wesley Madhevere,3,92,Right,Point,1,0,1,1,HalfVolley,OffStump,NotOut,None,FrontFoot,Drive,LegSpinner,Over,LegSpin,Left,Null,NotReferred,Null,False,False,False,False,False,False,90,False,False,False,False,False,False,1,0,0,0,0,False,False,,,,
330645,11,5.91,3.0,0.0,4.0,65.0,4.0,7.0,10670,,9839,Pakistan v Zimbabwe T20Is - Men's,1,22,Zimbabwe Men,11,Pakistan Men,2020-11-10T11:20:37Z,4,False,1985,Usman Qadir,3098,Wesley Madhevere,3978,Milton Shumba,67,165,Left,Fine Leg,0,4,4,0,HalfVolley,OffStump,NotOut,Missed,FrontFoot,Worked,Googly,Over,LegSpin,Left,Null,NotReferred,Null,False,False,True,False,False,False,90,False,False,False,False,False,False,0,4,0,0,0,False,False,,,,
330645,11,5.91,3.0,0.0,4.0,65.0,4.0,7.0,10670,,9839,Pakistan v Zimbabwe T20Is - Men's,1,22,Zimbabwe Men,11,Pakistan Men,2020-11-10T11:21:09Z,5,False,1985,Usman Qadir,3098,Wesley Madhevere,3978,Milton Shumba,333,17,Left,Short Leg,0,0,0,0,LengthBall,OffStump,NotOut,HitPad,BackFoot,Worked,Googly,Over,LegSpin,Left,Null,NotReferred,Null,False,False,False,False,False,False,90,False,False,False,False,False,False,0,0,0,0,0,False,False,,,,
330645,11,5.91,3.0,0.0,4.0,65.0,4.0,7.0,10670,,9839,Pakistan v Zimbabwe T20Is - Men's,1,22,Zimbabwe Men,11,Pakistan Men,2020-11-10T11:21:28Z,6,False,1985,Usman Qadir,3098,Wesley Madhevere,3978,Milton Shumba,0,0,Left,,0,0,0,0,HalfVolley,MiddleStump,Lbw,HitPad,FrontFoot,Sweep,LegSpinner,Over,LegSpin,Left,NotOut2ndUmpire,NotOutReviewLost,Null,False,False,False,False,False,True,130,False,False,False,False,False,True,0,0,0,0,0,False,False,,,,
330646,12,6.17,9.0,0.0,0.0,74.0,4.0,9.0,10670,,9839,Pakistan v Zimbabwe T20Is - Men's,1,22,Zimbabwe Men,11,Pakistan Men,2020-11-10T11:22:04Z,1,False,1181,Imad Wasim,3978,Milton Shumba,3098,Wesley Madhevere,348,144,Right,Deep Cover,1,0,1,1,LengthBall,OutsideOff,NotOut,None,FrontFoot,Drive,StockBall,Round,Orthodox,Right,Null,NotReferred,Null,False,False,False,False,False,False,28,False,False,False,False,False,False,1,0,0,0,0,False,False,,,,
330646,12,6.17,9.0,0.0,0.0,74.0,4.0,9.0,10670,,9839,Pakistan v Zimbabwe T20Is - Men's,1,22,Zimbabwe Men,11,Pakistan Men,2020-11-10T11:22:34Z,2,False,1181,Imad Wasim,3098,Wesley Madhevere,3978,Milton Shumba,325,58,Left,Short Mid Wicket,1,0,1,1,HalfVolley,LegStump,NotOut,None,FrontFoot,Worked,StockBall,Round,Orthodox,Right,Null,NotReferred,Null,False,False,False,False,False,False,28,False,False,False,False,False,False,1,0,0,0,0,False,False,,,,
330646,12,6.17,9.0,0.0,0.0,74.0,4.0,9.0,10670,,9839,Pakistan v Zimbabwe T20Is - Men's,1,22,Zimbabwe Men,11,Pakistan Men,2020-11-10T11:22:50Z,3,False,1181,Imad Wasim,3978,Milton Shumba,3098,Wesley Madhevere,37,83,Right,Short Third Man,0,0,0,0,HalfVolley,OutsideOff,NotOut,OutsideEdge,FrontFoot,Drive,StockBall,Over,Orthodox,Right,Null,NotReferred,Null,False,False,False,False,False,False,28,False,False,False,False,False,False,0,0,0,0,0,False,False,,,,
330646,12,6.17,9.0,0.0,0.0,74.0,4.0,9.0,10670,,9839,Pakistan v Zimbabwe T20Is - Men's,1,22,Zimbabwe Men,11,Pakistan Men,2020-11-10T11:23:10Z,4,False,1181,Imad Wasim,3978,Milton Shumba,3098,Wesley Madhevere,270,40,Right,Bowler,0,0,0,0,LengthBall,OutsideOff,NotOut,None,FrontFoot,Drive,StockBall,Over,Orthodox,Right,Null,NotReferred,Null,False,False,False,False,False,False,28,False,False,False,False,False,False,0,0,0,0,0,False,False,,,,
330646,12,6.17,9.0,0.0,0.0,74.0,4.0,9.0,10670,,9839,Pakistan v Zimbabwe T20Is - Men's,1,22,Zimbabwe Men,11,Pakistan Men,2020-11-10T11:23:22Z,5,False,1181,Imad Wasim,3978,Milton Shumba,3098,Wesley Madhevere,156,164,Right,Deep Backward Square Leg,6,0,6,6,LengthBall,OffStump,NotOut,WellTimed,FrontFoot,SlogSweep,QuickerBall,Over,Orthodox,Right,Null,NotReferred,Null,False,False,False,False,True,False,28,False,False,False,False,False,False,6,0,0,0,0,False,True,,,,
330646,12,6.17,9.0,0.0,0.0,74.0,4.0,9.0,10670,,9839,Pakistan v Zimbabwe T20Is - Men's,1,22,Zimbabwe Men,11,Pakistan Men,2020-11-10T11:23:49Z,6,False,1181,Imad Wasim,3978,Milton Shumba,3098,Wesley Madhevere,247,151,Right,Long On,1,0,1,1,HalfVolley,MiddleStump,NotOut,None,BackFoot,Worked,QuickerBall,Round,Orthodox,Right,Null,NotReferred,Null,False,False,False,False,False,False,28,False,False,False,False,False,False,1,0,0,0,0,False,False,,,,
330647,13,5.85,2.0,2.0,0.0,76.0,6.0,2.0,10670,,9839,Pakistan v Zimbabwe T20Is - Men's,1,22,Zimbabwe Men,11,Pakistan Men,2020-11-10T11:24:18Z,1,True,1985,Usman Qadir,3978,Milton Shumba,3098,Wesley Madhevere,90,48,Right,Wicketkeeper,0,0,0,0,BackOfALength,OffStump,NotOut,Missed,DownTheTrack,Pushed,LegSpinner,Over,LegSpin,Left,Out1stUmpire,NotReferred,Null,False,False,False,False,False,False,28,False,False,False,False,False,False,0,0,0,0,0,False,False,Stumped,3978.0,Milton Shumba,Stumped
330647,13,5.85,2.0,2.0,0.0,76.0,6.0,2.0,10670,,9839,Pakistan v Zimbabwe T20Is - Men's,1,22,Zimbabwe Men,11,Pakistan Men,2020-11-10T16:55:41Z,2,False,1985,Usman Qadir,684,Elton Chigumbura,3098,Wesley Madhevere,90,48,Left,Wicketkeeper,0,0,0,0,LengthBall,OutsideOff,NotOut,Missed,FrontFoot,ForwardDefensive,LegSpinner,Over,LegSpin,Left,Null,NotReferred,Null,False,False,False,False,False,False,28,False,False,False,False,True,False,0,0,0,0,0,False,False,,,,
330647,13,5.85,2.0,2.0,0.0,76.0,6.0,2.0,10670,,9839,Pakistan v Zimbabwe T20Is - Men's,1,22,Zimbabwe Men,11,Pakistan Men,2020-11-10T16:56:03Z,3,False,1985,Usman Qadir,684,Elton Chigumbura,3098,Wesley Madhevere,213,18,Left,Silly Point,0,0,0,0,LengthBall,MiddleStump,NotOut,HitPad,MovesInfront,Sweep,LegSpinner,Over,LegSpin,Left,Null,NotReferred,Null,False,False,False,False,False,False,28,False,False,False,False,True,False,0,0,0,0,0,False,False,,,,
330647,13,5.85,2.0,2.0,0.0,76.0,6.0,2.0,10670,,9839,Pakistan v Zimbabwe T20Is - Men's,1,22,Zimbabwe Men,11,Pakistan Men,2020-11-10T16:56:21Z,4,False,1985,Usman Qadir,684,Elton Chigumbura,3098,Wesley Madhevere,3,153,Left,Deep Square Leg,1,0,1,1,LengthBall,LegStump,NotOut,None,FrontFoot,Sweep,LegSpinner,Over,LegSpin,Left,Null,NotReferred,Null,False,False,False,False,False,False,28,False,False,False,False,True,False,1,0,0,0,0,False,False,,,,
330647,13,5.85,2.0,2.0,0.0,76.0,6.0,2.0,10670,,9839,Pakistan v Zimbabwe T20Is - Men's,1,22,Zimbabwe Men,11,Pakistan Men,2020-11-10T16:56:39Z,5,True,1985,Usman Qadir,3098,Wesley Madhevere,684,Elton Chigumbura,106,51,Left,First Slip,0,0,0,0,LengthBall,OutsideOff,NotOut,OutsideEdge,FrontFoot,ForwardDefensive,LegSpinner,Over,LegSpin,Left,Out1stUmpire,NotReferred,Null,False,False,False,False,False,False,28,False,False,False,False,True,False,0,0,0,0,0,False,False,Caught,3098.0,Wesley Madhevere,Caught
330647,13,5.85,2.0,2.0,0.0,76.0,6.0,2.0,10670,,9839,Pakistan v Zimbabwe T20Is - Men's,1,22,Zimbabwe Men,11,Pakistan Men,2020-11-10T16:58:13Z,6,False,1985,Usman Qadir,695,Donald Tiripano,684,Elton Chigumbura,251,149,Left,Long Off,1,0,1,1,FullToss,OutsideOff,NotOut,None,FrontFoot,Drive,LegSpinner,Over,LegSpin,Left,Null,NotReferred,Null,False,False,False,False,False,False,28,False,False,False,False,True,False,1,0,0,0,0,False,False,,,,
330648,14,5.71,4.0,0.0,0.0,80.0,6.0,4.0,10670,,9839,Pakistan v Zimbabwe T20Is - Men's,1,22,Zimbabwe Men,11,Pakistan Men,2020-11-10T16:59:18Z,1,False,3751,Muhammad Musa,695,Donald Tiripano,684,Elton Chigumbura,90,48,Left,Wicketkeeper,0,0,0,0,LengthBall,OutsideOff,Caught,Missed,BackFoot,Pushed,NoMovement,Over,Fast,Left,NotOut1stUmpire,NotOutReviewLost,Null,False,False,False,False,False,True,130,False,False,False,False,True,True,0,0,0,0,0,False,False,,,,
330648,14,5.71,4.0,0.0,0.0,80.0,6.0,4.0,10670,,9839,Pakistan v Zimbabwe T20Is - Men's,1,22,Zimbabwe Men,11,Pakistan Men,2020-11-10T17:00:53Z,2,False,3751,Muhammad Musa,695,Donald Tiripano,684,Elton Chigumbura,204,67,Left,Cover,0,0,0,0,LengthBall,OutsideOff,NotOut,MisTimed,FrontFoot,Drive,NoMovement,Over,Fast,Left,Null,NotReferred,Null,False,False,False,False,False,False,90,False,False,False,False,True,False,0,0,0,0,0,False,False,,,,
330648,14,5.71,4.0,0.0,0.0,80.0,6.0,4.0,10670,,9839,Pakistan v Zimbabwe T20Is - Men's,1,22,Zimbabwe Men,11,Pakistan Men,2020-11-10T17:01:29Z,3,False,3751,Muhammad Musa,695,Donald Tiripano,684,Elton Chigumbura,224,168,Left,Deep Extra Cover,2,0,2,2,LengthBall,OutsideOff,NotOut,WellTimed,FrontFoot,Drive,NoMovement,Over,Fast,Left,Null,NotReferred,Null,False,False,False,False,False,False,90,False,False,False,False,True,False,2,0,0,0,0,False,False,,,,
330648,14,5.71,4.0,0.0,0.0,80.0,6.0,4.0,10670,,9839,Pakistan v Zimbabwe T20Is - Men's,1,22,Zimbabwe Men,11,Pakistan Men,2020-11-10T17:02:12Z,4,False,3751,Muhammad Musa,695,Donald Tiripano,684,Elton Chigumbura,216,67,Left,Extra Cover,0,0,0,0,LengthBall,OutsideOff,NotOut,None,FrontFoot,Drive,NoMovement,Over,Fast,Left,Null,NotReferred,Null,False,False,False,False,False,False,90,False,False,False,False,True,False,0,0,0,0,0,False,False,,,,
330648,14,5.71,4.0,0.0,0.0,80.0,6.0,4.0,10670,,9839,Pakistan v Zimbabwe T20Is - Men's,1,22,Zimbabwe Men,11,Pakistan Men,2020-11-10T17:02:56Z,5,False,3751,Muhammad Musa,695,Donald Tiripano,684,Elton Chigumbura,211,78,Left,Extra Cover,2,0,2,2,LengthBall,OutsideOff,NotOut,None,FrontFoot,Pushed,NoMovement,Over,Fast,Left,Null,NotReferred,Null,False,False,False,False,False,False,90,False,False,False,False,True,False,2,0,0,0,0,False,False,,,,
330648,14,5.71,4.0,0.0,0.0,80.0,6.0,4.0,10670,,9839,Pakistan v Zimbabwe T20Is - Men's,1,22,Zimbabwe Men,11,Pakistan Men,2020-11-10T17:03:40Z,6,False,3751,Muhammad Musa,695,Donald Tiripano,684,Elton Chigumbura,90,48,Left,Wicketkeeper,0,0,0,0,Short,OutsideOff,NotOut,Missed,BackFoot,Steer,NoMovement,Over,Fast,Left,Null,NotReferred,Null,False,False,False,False,False,False,90,False,False,False,False,True,False,0,0,0,0,0,False,False,,,,
330649,15,5.8,7.0,1.0,5.0,87.0,7.0,7.0,10670,,9839,Pakistan v Zimbabwe T20Is - Men's,1,22,Zimbabwe Men,11,Pakistan Men,2020-11-10T17:04:38Z,1,False,1985,Usman Qadir,684,Elton Chigumbura,695,Donald Tiripano,90,48,Left,Wicketkeeper,0,0,0,0,LengthBall,OutsideOff,NotOut,Missed,MovesInfront,Sweep,LegSpinner,Over,LegSpin,Left,Null,NotReferred,Null,False,False,False,False,False,False,28,False,False,False,False,True,False,0,0,0,0,0,False,False,,,,
330649,15,5.8,7.0,1.0,5.0,87.0,7.0,7.0,10670,,9839,Pakistan v Zimbabwe T20Is - Men's,1,22,Zimbabwe Men,11,Pakistan Men,2020-11-10T17:04:58Z,2,False,1985,Usman Qadir,684,Elton Chigumbura,695,Donald Tiripano,244,163,Left,Long Off,1,0,1,1,HalfVolley,OutsideOff,NotOut,None,FrontFoot,Drive,LegSpinner,Over,LegSpin,Left,Null,NotReferred,Null,False,False,False,False,True,False,28,False,False,False,False,True,False,1,0,0,0,0,False,False,,,,
330649,15,5.8,7.0,1.0,5.0,87.0,7.0,7.0,10670,,9839,Pakistan v Zimbabwe T20Is - Men's,1,22,Zimbabwe Men,11,Pakistan Men,2020-11-10T17:05:26Z,3,False,1985,Usman Qadir,695,Donald Tiripano,684,Elton Chigumbura,90,48,Left,Wicketkeeper,0,0,0,0,LengthBall,OutsideOff,NotOut,Missed,FrontFoot,ForwardDefensive,LegSpinner,Over,LegSpin,Left,Null,NotReferred,Null,False,False,False,False,False,False,28,False,False,False,False,True,False,0,0,0,0,0,False,False,,,,
330649,15,5.8,7.0,1.0,5.0,87.0,7.0,7.0,10670,,9839,Pakistan v Zimbabwe T20Is - Men's,1,22,Zimbabwe Men,11,Pakistan Men,2020-11-10T17:05:45Z,4,False,1985,Usman Qadir,695,Donald Tiripano,684,Elton Chigumbura,270,40,Left,Bowler,0,0,0,0,HalfVolley,OutsideOff,NotOut,None,FrontFoot,Drive,LegSpinner,Over,LegSpin,Left,Null,NotReferred,Null,False,False,False,False,False,False,28,False,False,False,False,True,False,0,0,0,0,0,False,False,,,,
330649,15,5.8,7.0,1.0,5.0,87.0,7.0,7.0,10670,,9839,Pakistan v Zimbabwe T20Is - Men's,1,22,Zimbabwe Men,11,Pakistan Men,2020-11-10T17:06:10Z,5,False,1985,Usman Qadir,695,Donald Tiripano,684,Elton Chigumbura,75,187,Left,Fine Leg,5,5,5,0,LengthBall,LegStump,NotOut,PlayAndMissLegSide,FrontFoot,Glance,Googly,Over,LegSpin,Left,Null,NotReferred,Null,True,False,False,False,False,False,28,False,False,False,False,True,False,0,0,5,0,0,False,False,,,,
330649,15,5.8,7.0,1.0,5.0,87.0,7.0,7.0,10670,,9839,Pakistan v Zimbabwe T20Is - Men's,1,22,Zimbabwe Men,11,Pakistan Men,2020-11-10T17:06:56Z,5,False,1985,Usman Qadir,695,Donald Tiripano,684,Elton Chigumbura,40,84,Left,Short Fine Leg,1,0,1,1,HalfVolley,OutsideOff,NotOut,InsideEdge,FrontFoot,Drive,LegSpinner,Over,LegSpin,Left,Null,NotReferred,Null,False,False,False,False,False,False,28,False,False,False,False,True,False,1,0,0,0,0,False,False,,,,
330649,15,5.8,7.0,1.0,5.0,87.0,7.0,7.0,10670,,9839,Pakistan v Zimbabwe T20Is - Men's,1,22,Zimbabwe Men,11,Pakistan Men,2020-11-10T17:07:34Z,6,True,1985,Usman Qadir,684,Elton Chigumbura,695,Donald Tiripano,90,48,Left,Wicketkeeper,0,0,0,0,LengthBall,MiddleStump,NotOut,Gloved,MovesInfront,Sweep,Googly,Over,LegSpin,Left,Out2ndUmpire,NotReferred,Null,False,False,False,False,False,False,90,False,False,False,False,True,False,0,0,0,0,0,False,False,Caught,684.0,Elton Chigumbura,Caught
330650,16,6.12,11.0,0.0,0.0,98.0,7.0,11.0,10670,,9839,Pakistan v Zimbabwe T20Is - Men's,1,22,Zimbabwe Men,11,Pakistan Men,2020-11-10T17:09:27Z,1,False,3751,Muhammad Musa,695,Donald Tiripano,687,Wellington Masakadza,147,176,Left,Third Man,4,0,4,4,LengthBall,OutsideOff,NotOut,OutsideEdge,DownTheTrack,Slog,NoMovement,Over,Fast,Left,Null,NotReferred,Null,False,False,False,False,False,False,90,False,False,False,False,True,False,4,0,0,0,0,False,True,,,,
330650,16,6.12,11.0,0.0,0.0,98.0,7.0,11.0,10670,,9839,Pakistan v Zimbabwe T20Is - Men's,1,22,Zimbabwe Men,11,Pakistan Men,2020-11-10T17:10:03Z,2,False,3751,Muhammad Musa,695,Donald Tiripano,687,Wellington Masakadza,147,173,Left,Third Man,4,0,4,4,BackOfALength,OutsideOff,NotOut,WellTimed,BackFoot,Steer,NoMovement,Over,Fast,Left,Null,NotReferred,Null,False,False,False,False,False,False,90,False,False,False,False,True,False,4,0,0,0,0,False,True,,,,
330650,16,6.12,11.0,0.0,0.0,98.0,7.0,11.0,10670,,9839,Pakistan v Zimbabwe T20Is - Men's,1,22,Zimbabwe Men,11,Pakistan Men,2020-11-10T17:10:52Z,3,False,3751,Muhammad Musa,695,Donald Tiripano,687,Wellington Masakadza,90,48,Left,Wicketkeeper,0,0,0,0,HalfTracker,OutsideOff,NotOut,Left,Ducked,Leave,NoMovement,Over,Fast,Left,Null,NotReferred,Null,False,False,False,False,False,False,90,False,False,False,False,True,False,0,0,0,0,0,False,False,,,,
330650,16,6.12,11.0,0.0,0.0,98.0,7.0,11.0,10670,,9839,Pakistan v Zimbabwe T20Is - Men's,1,22,Zimbabwe Men,11,Pakistan Men,2020-11-10T17:11:35Z,4,False,3751,Muhammad Musa,695,Donald Tiripano,687,Wellington Masakadza,176,76,Left,Point,1,0,1,1,BackOfALength,OutsideOff,NotOut,None,BackFoot,Steer,NoMovement,Over,Fast,Left,Null,NotReferred,Null,False,False,False,False,False,False,90,False,False,False,False,True,False,1,0,0,0,0,False,False,,,,
330650,16,6.12,11.0,0.0,0.0,98.0,7.0,11.0,10670,,9839,Pakistan v Zimbabwe T20Is - Men's,1,22,Zimbabwe Men,11,Pakistan Men,2020-11-10T17:12:57Z,5,False,3751,Muhammad Musa,687,Wellington Masakadza,695,Donald Tiripano,340,60,Right,Point,1,0,1,1,BackOfALength,DownLeg,NotOut,InsideEdge,BackFoot,Worked,NoMovement,Over,Fast,Left,Null,NotReferred,Null,False,False,False,False,False,False,90,False,False,False,False,True,False,1,0,0,0,0,False,False,,,,
330650,16,6.12,11.0,0.0,0.0,98.0,7.0,11.0,10670,,9839,Pakistan v Zimbabwe T20Is - Men's,1,22,Zimbabwe Men,11,Pakistan Men,2020-11-10T17:13:42Z,6,False,3751,Muhammad Musa,695,Donald Tiripano,687,Wellington Masakadza,342,82,Left,Mid Wicket,1,0,1,1,BackOfALength,OutsideOff,NotOut,None,BackFoot,Worked,SeamIn,Over,Fast,Left,Null,NotReferred,Null,False,False,False,False,False,False,90,False,False,False,False,True,False,1,0,0,0,0,False,False,,,,
330651,17,6.47,12.0,0.0,0.0,110.0,7.0,12.0,10670,,9839,Pakistan v Zimbabwe T20Is - Men's,1,22,Zimbabwe Men,11,Pakistan Men,2020-11-10T17:14:47Z,1,False,2464,Mohammad Hasnain,695,Donald Tiripano,687,Wellington Masakadza,179,70,Left,Point,1,0,1,1,BackOfALength,OutsideOff,NotOut,None,BackFoot,Dropped,NoMovement,Over,Fast,Left,Null,NotReferred,Null,False,False,False,False,False,False,28,False,False,False,False,True,False,1,0,0,0,0,False,False,,,,
330651,17,6.47,12.0,0.0,0.0,110.0,7.0,12.0,10670,,9839,Pakistan v Zimbabwe T20Is - Men's,1,22,Zimbabwe Men,11,Pakistan Men,2020-11-10T17:15:35Z,2,False,2464,Mohammad Hasnain,687,Wellington Masakadza,695,Donald Tiripano,290,29,Right,Silly Mid Off,0,0,0,0,BackOfALength,DownLeg,NotOut,MisTimed,BackFoot,Worked,NoMovement,Over,Fast,Left,Null,NotReferred,Null,False,False,False,False,False,False,28,False,False,False,False,True,False,0,0,0,0,0,False,False,,,,
330651,17,6.47,12.0,0.0,0.0,110.0,7.0,12.0,10670,,9839,Pakistan v Zimbabwe T20Is - Men's,1,22,Zimbabwe Men,11,Pakistan Men,2020-11-10T17:16:12Z,3,False,2464,Mohammad Hasnain,687,Wellington Masakadza,695,Donald Tiripano,302,216,Right,Long Off,4,0,4,4,BackOfALength,LegStump,NotOut,WellTimed,BackFoot,Pull,NoMovement,Over,Fast,Left,Null,NotReferred,Null,False,False,False,False,True,False,28,False,False,False,False,True,False,4,0,0,0,0,False,True,,,,
330651,17,6.47,12.0,0.0,0.0,110.0,7.0,12.0,10670,,9839,Pakistan v Zimbabwe T20Is - Men's,1,22,Zimbabwe Men,11,Pakistan Men,2020-11-10T17:16:52Z,4,False,2464,Mohammad Hasnain,687,Wellington Masakadza,695,Donald Tiripano,161,186,Right,Deep Backward Square Leg,4,0,4,4,BackOfALength,DownLeg,NotOut,WellTimed,BackFoot,Worked,NoMovement,Over,Fast,Left,Null,NotReferred,Null,False,False,False,False,False,False,28,False,False,False,False,True,False,4,0,0,0,0,False,True,,,,
330651,17,6.47,12.0,0.0,0.0,110.0,7.0,12.0,10670,,9839,Pakistan v Zimbabwe T20Is - Men's,1,22,Zimbabwe Men,11,Pakistan Men,2020-11-10T17:17:34Z,5,False,2464,Mohammad Hasnain,687,Wellington Masakadza,695,Donald Tiripano,38,135,Right,Third Man,1,0,1,1,BackOfALength,DownLeg,NotOut,None,BackFoot,Steer,NoMovement,Over,Fast,Left,Null,NotReferred,Null,False,False,False,False,False,False,28,False,False,False,False,True,False,1,0,0,0,0,False,False,,,,
330651,17,6.47,12.0,0.0,0.0,110.0,7.0,12.0,10670,,9839,Pakistan v Zimbabwe T20Is - Men's,1,22,Zimbabwe Men,11,Pakistan Men,2020-11-10T17:18:10Z,6,False,2464,Mohammad Hasnain,695,Donald Tiripano,687,Wellington Masakadza,137,135,Left,Third Man,2,0,2,2,BackOfALength,OutsideOff,NotOut,None,BackFoot,Steer,NoMovement,Over,Fast,Left,Null,NotReferred,Null,False,False,False,False,False,False,28,False,False,False,False,True,False,2,0,0,0,0,False,False,,,,
330652,18,6.67,10.0,0.0,1.0,120.0,7.0,10.0,10670,,9839,Pakistan v Zimbabwe T20Is - Men's,1,22,Zimbabwe Men,11,Pakistan Men,2020-11-10T17:19:27Z,1,False,3928,Haris Rauf,687,Wellington Masakadza,695,Donald Tiripano,90,48,Right,Wicketkeeper,0,0,0,0,BackOfALength,MiddleStump,NotOut,Missed,BackFoot,Steer,NoMovement,Over,Fast,Left,Null,NotReferred,Null,False,False,False,False,False,False,90,False,False,False,False,True,False,0,0,0,0,0,False,False,,,,
330652,18,6.67,10.0,0.0,1.0,120.0,7.0,10.0,10670,,9839,Pakistan v Zimbabwe T20Is - Men's,1,22,Zimbabwe Men,11,Pakistan Men,2020-11-10T17:19:58Z,2,False,3928,Haris Rauf,687,Wellington Masakadza,695,Donald Tiripano,297,92,Right,Mid Off,1,0,1,1,BackOfALength,DownLeg,NotOut,MisTimed,BackFoot,Pull,NoMovement,Over,Fast,Left,Null,NotReferred,Null,False,False,False,False,False,False,90,False,False,False,False,True,False,1,0,0,0,0,False,False,,,,
330652,18,6.67,10.0,0.0,1.0,120.0,7.0,10.0,10670,,9839,Pakistan v Zimbabwe T20Is - Men's,1,22,Zimbabwe Men,11,Pakistan Men,2020-11-10T17:20:36Z,3,False,3928,Haris Rauf,695,Donald Tiripano,687,Wellington Masakadza,90,48,Left,Wicketkeeper,1,1,1,0,HalfTracker,OutsideOff,NotOut,Left,NoMovement,Leave,NoMovement,Over,Fast,Left,Null,NotReferred,Null,True,False,False,False,False,False,90,False,False,False,False,True,False,0,0,1,0,0,False,False,,,,
330652,18,6.67,10.0,0.0,1.0,120.0,7.0,10.0,10670,,9839,Pakistan v Zimbabwe T20Is - Men's,1,22,Zimbabwe Men,11,Pakistan Men,2020-11-10T17:21:14Z,3,False,3928,Haris Rauf,695,Donald Tiripano,687,Wellington Masakadza,270,40,Left,Bowler,0,0,0,0,LengthBall,OutsideOff,NotOut,None,BacksAway,Pushed,SeamIn,Over,Fast,Left,Null,NotReferred,Null,False,False,False,False,False,False,90,False,False,False,False,True,False,0,0,0,0,0,False,False,,,,
330652,18,6.67,10.0,0.0,1.0,120.0,7.0,10.0,10670,,9839,Pakistan v Zimbabwe T20Is - Men's,1,22,Zimbabwe Men,11,Pakistan Men,2020-11-10T17:21:46Z,4,False,3928,Haris Rauf,695,Donald Tiripano,687,Wellington Masakadza,161,79,Left,Backward Point,2,0,2,2,BackOfALength,OutsideOff,NotOut,None,BackFoot,Steer,NoMovement,Over,Fast,Left,Null,NotReferred,Null,False,False,False,False,False,False,90,False,False,False,False,True,False,2,0,0,0,0,False,False,,,,
330652,18,6.67,10.0,0.0,1.0,120.0,7.0,10.0,10670,,9839,Pakistan v Zimbabwe T20Is - Men's,1,22,Zimbabwe Men,11,Pakistan Men,2020-11-10T17:22:26Z,5,False,3928,Haris Rauf,695,Donald Tiripano,687,Wellington Masakadza,119,192,Left,Third Man,4,0,4,4,LengthBall,OutsideOff,NotOut,OutsideEdge,FrontFoot,Drive,NoMovement,Over,Fast,Left,Null,NotReferred,Null,False,False,False,False,False,False,90,False,False,False,False,True,False,4,0,0,0,0,False,False,,,,
330652,18,6.67,10.0,0.0,1.0,120.0,7.0,10.0,10670,,9839,Pakistan v Zimbabwe T20Is - Men's,1,22,Zimbabwe Men,11,Pakistan Men,2020-11-10T17:23:11Z,6,False,3928,Haris Rauf,695,Donald Tiripano,687,Wellington Masakadza,31,138,Left,Fine Leg,2,0,2,2,Yorker,LegStump,NotOut,None,BacksAway,Worked,NoMovement,Over,Fast,Left,Null,NotReferred,Null,False,False,False,False,False,False,90,False,False,False,False,True,False,2,0,0,0,0,False,False,,,,
330653,19,6.63,6.0,2.0,0.0,126.0,9.0,6.0,10670,,9839,Pakistan v Zimbabwe T20Is - Men's,1,22,Zimbabwe Men,11,Pakistan Men,2020-11-10T17:24:15Z,1,True,2464,Mohammad Hasnain,687,Wellington Masakadza,695,Donald Tiripano,46,155,Right,Third Man,0,0,0,0,LengthBall,LegStump,NotOut,OutsideEdge,BacksAway,Slog,NoMovement,Over,Fast,Left,Out1stUmpire,NotReferred,Null,False,False,False,False,False,False,28,False,False,False,False,True,False,0,0,0,0,0,False,False,Caught,687.0,Wellington Masakadza,Caught
330653,19,6.63,6.0,2.0,0.0,126.0,9.0,6.0,10670,,9839,Pakistan v Zimbabwe T20Is - Men's,1,22,Zimbabwe Men,11,Pakistan Men,2020-11-10T17:25:45Z,2,False,2464,Mohammad Hasnain,7126,Faraz Akram,695,Donald Tiripano,201,72,Right,Mid Wicket,1,0,1,1,BackOfALength,DownLeg,NotOut,None,BackFoot,Worked,NoMovement,Over,Fast,Left,Null,NotReferred,Null,False,False,False,False,False,False,28,False,False,False,False,True,False,1,0,0,0,0,False,False,,,,
330653,19,6.63,6.0,2.0,0.0,126.0,9.0,6.0,10670,,9839,Pakistan v Zimbabwe T20Is - Men's,1,22,Zimbabwe Men,11,Pakistan Men,2020-11-10T17:26:25Z,3,True,2464,Mohammad Hasnain,695,Donald Tiripano,7126,Faraz Akram,47,145,Left,Fine Leg,1,0,1,1,HalfVolley,OffStump,NotOut,InsideEdge,DownTheTrack,Drive,NoMovement,Over,Fast,Left,Out1stUmpire,NotReferred,Null,False,False,False,False,False,False,28,False,False,False,False,True,False,1,0,0,0,0,False,False,RunOut,695.0,Donald Tiripano,Run out
330653,19,6.63,6.0,2.0,0.0,126.0,9.0,6.0,10670,,9839,Pakistan v Zimbabwe T20Is - Men's,1,22,Zimbabwe Men,11,Pakistan Men,2020-11-10T17:27:57Z,4,False,2464,Mohammad Hasnain,2572,Blessing Muzarabani,7126,Faraz Akram,204,63,Left,Short Extra Cover,0,0,0,0,LengthBall,OutsideOff,NotOut,None,BacksAway,Drive,NoMovement,Over,Fast,Left,Null,NotReferred,Null,False,False,False,False,False,False,28,False,False,False,False,True,False,0,0,0,0,0,False,False,,,,
330653,19,6.63,6.0,2.0,0.0,126.0,9.0,6.0,10670,,9839,Pakistan v Zimbabwe T20Is - Men's,1,22,Zimbabwe Men,11,Pakistan Men,2020-11-10T17:28:17Z,5,False,2464,Mohammad Hasnain,2572,Blessing Muzarabani,7126,Faraz Akram,69,193,Left,Fine Leg,4,0,4,4,Yorker,DownLeg,NotOut,InsideEdge,BacksAway,Worked,NoMovement,Over,Fast,Left,Null,NotReferred,Null,False,False,False,False,False,False,28,False,False,False,False,True,False,4,0,0,0,0,False,True,,,,
330653,19,6.63,6.0,2.0,0.0,126.0,9.0,6.0,10670,,9839,Pakistan v Zimbabwe T20Is - Men's,1,22,Zimbabwe Men,11,Pakistan Men,2020-11-10T17:28:54Z,6,False,2464,Mohammad Hasnain,2572,Blessing Muzarabani,7126,Faraz Akram,90,48,Left,Wicketkeeper,0,0,0,0,HalfVolley,LegStump,NotOut,Missed,BacksAway,Slog,NoMovement,Over,Fast,Left,Null,NotReferred,Null,False,False,False,False,False,False,28,False,False,False,False,True,False,0,0,0,0,0,False,False,,,,
330654,20,6.45,2.0,0.0,1.0,129.0,9.0,3.0,10670,,9839,Pakistan v Zimbabwe T20Is - Men's,1,22,Zimbabwe Men,11,Pakistan Men,2020-11-10T17:29:44Z,1,False,3928,Haris Rauf,7126,Faraz Akram,2572,Blessing Muzarabani,335,87,Right,Cover,1,0,1,1,HalfVolley,MiddleStump,NotOut,None,BacksAway,Drive,NoMovement,Over,Fast,Left,Null,NotReferred,Null,False,False,False,False,False,False,90,False,False,False,False,True,False,1,0,0,0,0,False,False,,,,
330654,20,6.45,2.0,0.0,1.0,129.0,9.0,3.0,10670,,9839,Pakistan v Zimbabwe T20Is - Men's,1,22,Zimbabwe Men,11,Pakistan Men,2020-11-10T17:30:23Z,2,False,3928,Haris Rauf,2572,Blessing Muzarabani,7126,Faraz Akram,300,99,Left,Mid On,1,0,1,1,HalfVolley,MiddleStump,NotOut,None,BacksAway,Worked,NoMovement,Over,Fast,Left,Null,NotReferred,Null,False,False,False,False,False,False,90,False,False,False,False,True,False,1,0,0,0,0,False,False,,,,
330654,20,6.45,2.0,0.0,1.0,129.0,9.0,3.0,10670,,9839,Pakistan v Zimbabwe T20Is - Men's,1,22,Zimbabwe Men,11,Pakistan Men,2020-11-10T17:30:59Z,3,False,3928,Haris Rauf,7126,Faraz Akram,2572,Blessing Muzarabani,90,48,Right,Wicketkeeper,0,0,0,0,LengthBall,DownLeg,NotOut,Missed,BacksAway,Slog,NoMovement,Over,Fast,Left,Null,NotReferred,Null,False,False,False,False,False,False,28,False,False,False,False,True,False,0,0,0,0,0,False,False,,,,
330654,20,6.45,2.0,0.0,1.0,129.0,9.0,3.0,10670,,9839,Pakistan v Zimbabwe T20Is - Men's,1,22,Zimbabwe Men,11,Pakistan Men,2020-11-10T17:31:33Z,4,False,3928,Haris Rauf,7126,Faraz Akram,2572,Blessing Muzarabani,148,70,Right,Leg Gully,0,1,1,0,LengthBall,DownLeg,NotOut,HitPad,BacksAway,Worked,OffCutter,Over,Fast,Left,Null,NotReferred,Null,False,False,False,True,False,False,28,False,False,False,False,True,False,0,0,0,1,0,False,False,,,,
330654,20,6.45,2.0,0.0,1.0,129.0,9.0,3.0,10670,,9839,Pakistan v Zimbabwe T20Is - Men's,1,22,Zimbabwe Men,11,Pakistan Men,2020-11-10T17:32:20Z,5,False,3928,Haris Rauf,2572,Blessing Muzarabani,7126,Faraz Akram,90,48,Left,Wicketkeeper,0,0,0,0,LengthBall,OutsideOff,NotOut,Missed,BacksAway,Drive,NoMovement,Over,Fast,Left,Null,NotReferred,Null,False,False,False,False,False,False,28,False,False,False,False,True,False,0,0,0,0,0,False,False,,,,
330654,20,6.45,2.0,0.0,1.0,129.0,9.0,3.0,10670,,9839,Pakistan v Zimbabwe T20Is - Men's,1,22,Zimbabwe Men,11,Pakistan Men,2020-11-10T17:33:03Z,6,False,3928,Haris Rauf,2572,Blessing Muzarabani,7126,Faraz Akram,90,48,Left,Wicketkeeper,0,0,0,0,Yorker,OutsideOff,NotOut,Missed,BacksAway,Drive,NoMovement,Over,Fast,Left,Null,NotReferred,Null,False,False,False,False,False,False,28,False,False,False,False,True,False,0,0,0,0,0,False,False,,,,
330655,1,7.0,7.0,0.0,0.0,7.0,0.0,7.0,10671,,9839,Pakistan v Zimbabwe T20Is - Men's,2,11,Pakistan Men,22,Zimbabwe Men,2020-11-10T17:46:09Z,1,False,2572,Blessing Muzarabani,566,Fakhar Zaman,7127,Abdullah Shafique,240,89,Right,Mid On,0,0,0,0,Short,DownLeg,NotOut,None,BackFoot,Pull,NoMovement,Over,Fast,Left,Null,NotReferred,Null,False,False,False,False,False,False,28,False,True,True,False,True,False,0,0,0,0,0,False,False,,,,
330655,1,7.0,7.0,0.0,0.0,7.0,0.0,7.0,10671,,9839,Pakistan v Zimbabwe T20Is - Men's,2,11,Pakistan Men,22,Zimbabwe Men,2020-11-10T17:46:33Z,2,False,2572,Blessing Muzarabani,566,Fakhar Zaman,7127,Abdullah Shafique,326,71,Right,Extra Cover,1,0,1,1,LengthBall,OffStump,NotOut,None,FrontFoot,Dropped,NoMovement,Over,Fast,Left,Null,NotReferred,Null,False,False,False,False,False,False,28,False,False,True,False,True,False,1,0,0,0,0,False,False,,,,
330655,1,7.0,7.0,0.0,0.0,7.0,0.0,7.0,10671,,9839,Pakistan v Zimbabwe T20Is - Men's,2,11,Pakistan Men,22,Zimbabwe Men,2020-11-10T17:47:24Z,3,False,2572,Blessing Muzarabani,7127,Abdullah Shafique,566,Fakhar Zaman,90,48,Left,Wicketkeeper,0,0,0,0,Short,OutsideOff,NotOut,Missed,BackFoot,Steer,NoMovement,Over,Fast,Left,Null,NotReferred,Null,False,False,False,False,False,False,28,False,False,True,False,True,False,0,0,0,0,0,False,False,,,,
330655,1,7.0,7.0,0.0,0.0,7.0,0.0,7.0,10671,,9839,Pakistan v Zimbabwe T20Is - Men's,2,11,Pakistan Men,22,Zimbabwe Men,2020-11-10T17:47:59Z,4,False,2572,Blessing Muzarabani,7127,Abdullah Shafique,566,Fakhar Zaman,141,134,Left,Third Man,1,0,1,1,Short,OutsideOff,NotOut,None,BackFoot,Steer,NoMovement,Over,Fast,Left,Null,NotReferred,Null,False,False,False,False,False,False,28,False,False,True,False,True,False,1,0,0,0,0,False,False,,,,
330655,1,7.0,7.0,0.0,0.0,7.0,0.0,7.0,10671,,9839,Pakistan v Zimbabwe T20Is - Men's,2,11,Pakistan Men,22,Zimbabwe Men,2020-11-10T17:48:35Z,5,False,2572,Blessing Muzarabani,566,Fakhar Zaman,7127,Abdullah Shafique,233,73,Right,Mid On,1,0,1,1,LengthBall,DownLeg,NotOut,None,FrontFoot,Dropped,NoMovement,Over,Fast,Left,Null,NotReferred,Null,False,False,False,False,False,False,28,False,False,True,False,True,False,1,0,0,0,0,False,False,,,,
330655,1,7.0,7.0,0.0,0.0,7.0,0.0,7.0,10671,,9839,Pakistan v Zimbabwe T20Is - Men's,2,11,Pakistan Men,22,Zimbabwe Men,2020-11-10T17:49:09Z,6,False,2572,Blessing Muzarabani,7127,Abdullah Shafique,566,Fakhar Zaman,30,185,Left,Fine Leg,4,0,4,4,LengthBall,OutsideOff,NotOut,WellTimed,FrontFoot,Flick,NoMovement,Over,Fast,Left,Null,NotReferred,Null,False,False,False,False,False,False,28,False,False,True,False,True,False,4,0,0,0,0,False,True,,,,
330656,2,4.5,2.0,0.0,0.0,9.0,0.0,2.0,10671,,9839,Pakistan v Zimbabwe T20Is - Men's,2,11,Pakistan Men,22,Zimbabwe Men,2020-11-10T17:50:21Z,1,False,695,Donald Tiripano,566,Fakhar Zaman,7127,Abdullah Shafique,166,139,Right,Deep Backward Square Leg,2,0,2,2,LengthBall,DownLeg,NotOut,None,FrontFoot,Worked,NoMovement,Over,Fast,Left,Null,NotReferred,Null,False,False,False,False,False,False,90,False,False,True,False,True,False,2,0,0,0,0,False,False,,,,
330656,2,4.5,2.0,0.0,0.0,9.0,0.0,2.0,10671,,9839,Pakistan v Zimbabwe T20Is - Men's,2,11,Pakistan Men,22,Zimbabwe Men,2020-11-10T17:50:57Z,2,False,695,Donald Tiripano,566,Fakhar Zaman,7127,Abdullah Shafique,280,54,Right,Silly Mid Off,0,0,0,0,LengthBall,MiddleStump,NotOut,None,FrontFoot,ForwardDefensive,NoMovement,Over,Fast,Left,Null,NotReferred,Null,False,False,False,False,False,False,90,False,False,True,False,True,False,0,0,0,0,0,False,False,,,,
330656,2,4.5,2.0,0.0,0.0,9.0,0.0,2.0,10671,,9839,Pakistan v Zimbabwe T20Is - Men's,2,11,Pakistan Men,22,Zimbabwe Men,2020-11-10T17:51:29Z,3,False,695,Donald Tiripano,566,Fakhar Zaman,7127,Abdullah Shafique,3,83,Right,Point,0,0,0,0,LengthBall,MiddleStump,Lbw,InsideEdge,FrontFoot,Worked,InSwinger,Over,Fast,Left,NotOut2ndUmpire,NotReferred,Null,False,False,False,False,False,True,90,False,False,True,False,True,False,0,0,0,0,0,False,False,,,,
330656,2,4.5,2.0,0.0,0.0,9.0,0.0,2.0,10671,,9839,Pakistan v Zimbabwe T20Is - Men's,2,11,Pakistan Men,22,Zimbabwe Men,2020-11-10T17:52:10Z,4,False,695,Donald Tiripano,566,Fakhar Zaman,7127,Abdullah Shafique,223,40,Right,Short Mid Wicket,0,0,0,0,LengthBall,DownLeg,NotOut,HitPad,FrontFoot,Worked,NoMovement,Over,Fast,Left,Null,NotReferred,Null,False,False,False,False,False,False,90,False,False,True,False,True,False,0,0,0,0,0,False,False,,,,
330656,2,4.5,2.0,0.0,0.0,9.0,0.0,2.0,10671,,9839,Pakistan v Zimbabwe T20Is - Men's,2,11,Pakistan Men,22,Zimbabwe Men,2020-11-10T17:52:35Z,5,False,695,Donald Tiripano,566,Fakhar Zaman,7127,Abdullah Shafique,270,40,Right,Bowler,0,0,0,0,LengthBall,DownLeg,NotOut,None,FrontFoot,ForwardDefensive,NoMovement,Over,Fast,Left,Null,NotReferred,Null,False,False,False,False,False,False,90,False,False,True,False,True,False,0,0,0,0,0,False,False,,,,
330656,2,4.5,2.0,0.0,0.0,9.0,0.0,2.0,10671,,9839,Pakistan v Zimbabwe T20Is - Men's,2,11,Pakistan Men,22,Zimbabwe Men,2020-11-10T17:53:17Z,6,False,695,Donald Tiripano,566,Fakhar Zaman,7127,Abdullah Shafique,196,69,Right,Mid Wicket,0,0,0,0,BackOfALength,DownLeg,NotOut,None,BackFoot,Worked,NoMovement,Over,Fast,Left,Null,NotReferred,Null,False,False,False,False,False,False,90,False,False,True,False,True,False,0,0,0,0,0,False,False,,,,
330657,3,5.0,6.0,0.0,0.0,15.0,0.0,6.0,10671,,9839,Pakistan v Zimbabwe T20Is - Men's,2,11,Pakistan Men,22,Zimbabwe Men,2020-11-10T17:54:01Z,1,False,2572,Blessing Muzarabani,7127,Abdullah Shafique,566,Fakhar Zaman,343,82,Left,Mid Wicket,1,0,1,1,BackOfALength,OutsideOff,NotOut,Gloved,BackFoot,Worked,NoMovement,Over,Fast,Left,Null,NotReferred,Null,False,False,False,False,False,False,28,False,False,True,False,True,False,1,0,0,0,0,False,False,,,,
330657,3,5.0,6.0,0.0,0.0,15.0,0.0,6.0,10671,,9839,Pakistan v Zimbabwe T20Is - Men's,2,11,Pakistan Men,22,Zimbabwe Men,2020-11-10T17:54:36Z,2,False,2572,Blessing Muzarabani,566,Fakhar Zaman,7127,Abdullah Shafique,238,25,Right,Short Leg,0,0,0,0,BackOfALength,DownLeg,NotOut,None,BackFoot,BackwardDefensive,NoMovement,Over,Fast,Left,Null,NotReferred,Null,False,False,False,False,False,False,28,False,False,True,False,True,False,0,0,0,0,0,False,False,,,,
330657,3,5.0,6.0,0.0,0.0,15.0,0.0,6.0,10671,,9839,Pakistan v Zimbabwe T20Is - Men's,2,11,Pakistan Men,22,Zimbabwe Men,2020-11-10T17:55:15Z,3,False,2572,Blessing Muzarabani,566,Fakhar Zaman,7127,Abdullah Shafique,14,200,Right,Deep Backward Point,4,0,4,4,Short,DownLeg,NotOut,WellTimed,BackFoot,Cut,NoMovement,Over,Fast,Left,Null,NotReferred,Null,False,False,False,False,False,False,28,False,False,True,False,True,False,4,0,0,0,0,False,True,,,,
330657,3,5.0,6.0,0.0,0.0,15.0,0.0,6.0,10671,,9839,Pakistan v Zimbabwe T20Is - Men's,2,11,Pakistan Men,22,Zimbabwe Men,2020-11-10T17:55:57Z,4,False,2572,Blessing Muzarabani,566,Fakhar Zaman,7127,Abdullah Shafique,57,49,Right,Second Slip,0,0,0,0,BackOfALength,DownLeg,NotOut,OutsideEdge,BackFoot,Pushed,NoMovement,Over,Fast,Left,Null,NotReferred,Null,False,False,False,False,False,False,28,False,False,True,False,True,False,0,0,0,0,0,False,False,,,,
330657,3,5.0,6.0,0.0,0.0,15.0,0.0,6.0,10671,,9839,Pakistan v Zimbabwe T20Is - Men's,2,11,Pakistan Men,22,Zimbabwe Men,2020-11-10T17:56:42Z,5,False,2572,Blessing Muzarabani,566,Fakhar Zaman,7127,Abdullah Shafique,230,96,Right,Mid On,1,0,1,1,BackOfALength,DownLeg,NotOut,None,BackFoot,Worked,NoMovement,Over,Fast,Left,Null,NotReferred,Null,False,False,False,False,False,False,28,False,False,True,False,True,False,1,0,0,0,0,False,False,,,,
330657,3,5.0,6.0,0.0,0.0,15.0,0.0,6.0,10671,,9839,Pakistan v Zimbabwe T20Is - Men's,2,11,Pakistan Men,22,Zimbabwe Men,2020-11-10T17:57:19Z,6,False,2572,Blessing Muzarabani,7127,Abdullah Shafique,566,Fakhar Zaman,284,64,Left,Silly Mid On,0,0,0,0,LengthBall,OutsideOff,NotOut,None,FrontFoot,ForwardDefensive,NoMovement,Over,Fast,Left,Null,NotReferred,Null,False,False,False,False,False,False,28,False,False,True,False,True,False,0,0,0,0,0,False,False,,,,
330658,4,4.75,4.0,0.0,1.0,19.0,0.0,4.0,10671,,9839,Pakistan v Zimbabwe T20Is - Men's,2,11,Pakistan Men,22,Zimbabwe Men,2020-11-10T17:58:44Z,1,False,7126,Faraz Akram,566,Fakhar Zaman,7127,Abdullah Shafique,291,86,Right,Mid Off,1,0,1,1,HalfVolley,OutsideOff,NotOut,None,FrontFoot,Pushed,NoMovement,Over,Medium,Left,Null,NotReferred,Null,False,False,False,False,False,False,90,False,False,True,False,True,False,1,0,0,0,0,False,False,,,,
330658,4,4.75,4.0,0.0,1.0,19.0,0.0,4.0,10671,,9839,Pakistan v Zimbabwe T20Is - Men's,2,11,Pakistan Men,22,Zimbabwe Men,2020-11-10T17:59:30Z,2,False,7126,Faraz Akram,7127,Abdullah Shafique,566,Fakhar Zaman,201,77,Left,Cover,0,0,0,0,FullToss,OutsideOff,NotOut,None,FrontFoot,Pushed,NoMovement,Over,Medium,Left,Null,NotReferred,Null,False,False,False,False,False,False,90,False,False,True,False,True,False,0,0,0,0,0,False,False,,,,
330658,4,4.75,4.0,0.0,1.0,19.0,0.0,4.0,10671,,9839,Pakistan v Zimbabwe T20Is - Men's,2,11,Pakistan Men,22,Zimbabwe Men,2020-11-10T18:00:00Z,3,False,7126,Faraz Akram,7127,Abdullah Shafique,566,Fakhar Zaman,90,48,Left,Wicketkeeper,0,0,0,0,BackOfALength,OutsideOff,NotOut,Missed,BackFoot,Steer,SeamAway,Over,Medium,Left,Null,NotReferred,Null,False,False,False,False,False,False,90,False,False,True,False,True,False,0,0,0,0,0,False,False,,,,
330658,4,4.75,4.0,0.0,1.0,19.0,0.0,4.0,10671,,9839,Pakistan v Zimbabwe T20Is - Men's,2,11,Pakistan Men,22,Zimbabwe Men,2020-11-10T18:00:34Z,4,False,7126,Faraz Akram,7127,Abdullah Shafique,566,Fakhar Zaman,90,48,Left,Wicketkeeper,1,1,1,0,LengthBall,LegStump,NotOut,PlayAndMissLegSide,FrontFoot,Glance,NoMovement,Over,Medium,Left,Null,NotReferred,Null,True,False,False,False,False,False,90,False,False,True,False,True,False,0,0,1,0,0,False,False,,,,
330658,4,4.75,4.0,0.0,1.0,19.0,0.0,4.0,10671,,9839,Pakistan v Zimbabwe T20Is - Men's,2,11,Pakistan Men,22,Zimbabwe Men,2020-11-10T18:01:00Z,4,False,7126,Faraz Akram,7127,Abdullah Shafique,566,Fakhar Zaman,349,158,Left,Deep Mid Wicket,1,0,1,1,HalfVolley,MiddleStump,NotOut,None,FrontFoot,Worked,InSwinger,Over,Medium,Left,Null,NotReferred,Null,False,False,False,False,False,False,90,False,False,True,False,True,False,1,0,0,0,0,False,False,,,,
330658,4,4.75,4.0,0.0,1.0,19.0,0.0,4.0,10671,,9839,Pakistan v Zimbabwe T20Is - Men's,2,11,Pakistan Men,22,Zimbabwe Men,2020-11-10T18:01:50Z,5,False,7126,Faraz Akram,566,Fakhar Zaman,7127,Abdullah Shafique,126,78,Right,Short Fine Leg,0,0,0,0,LengthBall,DownLeg,NotOut,None,BackFoot,Glance,NoMovement,Over,Medium,Left,Null,NotReferred,Null,False,False,False,False,False,False,90,False,False,True,False,True,False,0,0,0,0,0,False,False,,,,
330658,4,4.75,4.0,0.0,1.0,19.0,0.0,4.0,10671,,9839,Pakistan v Zimbabwe T20Is - Men's,2,11,Pakistan Men,22,Zimbabwe Men,2020-11-10T18:02:21Z,6,False,7126,Faraz Akram,566,Fakhar Zaman,7127,Abdullah Shafique,346,81,Right,Cover,1,0,1,1,LengthBall,LegStump,NotOut,None,FrontFoot,Pushed,NoMovement,Over,Medium,Left,Null,NotReferred,Null,False,False,False,False,False,False,90,False,False,True,False,True,False,1,0,0,0,0,False,False,,,,
330659,5,6.8,15.0,0.0,2.0,34.0,0.0,15.0,10671,,9839,Pakistan v Zimbabwe T20Is - Men's,2,11,Pakistan Men,22,Zimbabwe Men,2020-11-10T18:03:33Z,1,False,695,Donald Tiripano,566,Fakhar Zaman,7127,Abdullah Shafique,297,88,Right,Mid Off,1,0,1,1,LengthBall,LegStump,NotOut,None,FrontFoot,Pushed,NoMovement,Over,Fast,Left,Null,NotReferred,Null,False,False,False,False,False,False,28,False,False,True,False,True,False,1,0,0,0,0,False,False,,,,
330659,5,6.8,15.0,0.0,2.0,34.0,0.0,15.0,10671,,9839,Pakistan v Zimbabwe T20Is - Men's,2,11,Pakistan Men,22,Zimbabwe Men,2020-11-10T18:04:08Z,2,False,695,Donald Tiripano,7127,Abdullah Shafique,566,Fakhar Zaman,182,140,Left,Deep Point,2,0,2,2,LengthBall,OutsideOff,NotOut,MisTimed,FrontFoot,Drive,NoMovement,Over,Fast,Left,Null,NotReferred,Null,False,False,False,False,False,False,28,False,False,True,False,True,False,2,0,0,0,0,False,False,,,,
330659,5,6.8,15.0,0.0,2.0,34.0,0.0,15.0,10671,,9839,Pakistan v Zimbabwe T20Is - Men's,2,11,Pakistan Men,22,Zimbabwe Men,2020-11-10T18:04:41Z,3,False,695,Donald Tiripano,7127,Abdullah Shafique,566,Fakhar Zaman,347,153,Left,Deep Mid Wicket,1,0,1,1,LengthBall,LegStump,NotOut,None,FrontFoot,Flick,NoMovement,Over,Fast,Left,Null,NotReferred,Null,False,False,False,False,False,False,28,False,False,True,False,True,False,1,0,0,0,0,False,False,,,,
330659,5,6.8,15.0,0.0,2.0,34.0,0.0,15.0,10671,,9839,Pakistan v Zimbabwe T20Is - Men's,2,11,Pakistan Men,22,Zimbabwe Men,2020-11-10T18:05:27Z,4,False,695,Donald Tiripano,566,Fakhar Zaman,7127,Abdullah Shafique,243,233,Right,Long On,6,0,6,6,LengthBall,DownLeg,NotOut,Middled,DownTheTrack,Drive,NoMovement,Over,Fast,Left,Null,NotReferred,Null,False,False,False,False,True,False,28,False,False,True,False,True,False,6,0,0,0,0,False,True,,,,
330659,5,6.8,15.0,0.0,2.0,34.0,0.0,15.0,10671,,9839,Pakistan v Zimbabwe T20Is - Men's,2,11,Pakistan Men,22,Zimbabwe Men,2020-11-10T18:06:06Z,5,False,695,Donald Tiripano,566,Fakhar Zaman,7127,Abdullah Shafique,90,48,Right,Wicketkeeper,1,1,1,0,BackOfALength,OutsideOff,NotOut,Left,NoMovement,Leave,NoMovement,Over,Fast,Left,Null,NotReferred,Null,True,False,False,False,False,False,28,False,False,True,False,True,False,0,0,1,0,0,False,False,,,,
330659,5,6.8,15.0,0.0,2.0,34.0,0.0,15.0,10671,,9839,Pakistan v Zimbabwe T20Is - Men's,2,11,Pakistan Men,22,Zimbabwe Men,2020-11-10T18:06:36Z,5,False,695,Donald Tiripano,566,Fakhar Zaman,7127,Abdullah Shafique,234,90,Right,Mid On,1,0,1,1,LengthBall,MiddleStump,NotOut,None,FrontFoot,Worked,NoMovement,Over,Fast,Left,Null,NotReferred,Null,False,False,False,False,False,False,28,False,False,True,False,True,False,1,0,0,0,0,False,False,,,,
330659,5,6.8,15.0,0.0,2.0,34.0,0.0,15.0,10671,,9839,Pakistan v Zimbabwe T20Is - Men's,2,11,Pakistan Men,22,Zimbabwe Men,2020-11-10T18:07:13Z,6,False,695,Donald Tiripano,7127,Abdullah Shafique,566,Fakhar Zaman,90,48,Left,Wicketkeeper,1,1,1,0,LengthBall,MiddleStump,NotOut,PlayAndMissLegSide,FrontFoot,Glance,NoMovement,Over,Fast,Left,Null,NotReferred,Null,True,False,False,False,False,False,28,False,False,True,False,True,False,0,0,1,0,0,False,False,,,,
330659,5,6.8,15.0,0.0,2.0,34.0,0.0,15.0,10671,,9839,Pakistan v Zimbabwe T20Is - Men's,2,11,Pakistan Men,22,Zimbabwe Men,2020-11-10T18:07:46Z,6,False,695,Donald Tiripano,7127,Abdullah Shafique,566,Fakhar Zaman,24,144,Left,Deep Backward Square Leg,2,0,2,2,BackOfALength,OutsideOff,NotOut,None,BackFoot,Worked,NoMovement,Over,Fast,Left,Null,NotReferred,Null,False,False,False,False,False,False,28,False,False,True,False,True,False,2,0,0,0,0,False,False,,,,
330660,6,6.0,2.0,0.0,0.0,36.0,0.0,2.0,10671,,9839,Pakistan v Zimbabwe T20Is - Men's,2,11,Pakistan Men,22,Zimbabwe Men,2020-11-10T18:08:34Z,1,False,7126,Faraz Akram,566,Fakhar Zaman,7127,Abdullah Shafique,337,73,Right,Cover,0,0,0,0,FullToss,OutsideOff,NotOut,MisTimed,FrontFoot,Drive,NoMovement,Over,Medium,Left,Null,NotReferred,Null,False,False,False,False,False,False,90,False,False,True,False,True,False,0,0,0,0,0,False,False,,,,
330660,6,6.0,2.0,0.0,0.0,36.0,0.0,2.0,10671,,9839,Pakistan v Zimbabwe T20Is - Men's,2,11,Pakistan Men,22,Zimbabwe Men,2020-11-10T18:09:01Z,2,False,7126,Faraz Akram,566,Fakhar Zaman,7127,Abdullah Shafique,342,148,Right,Deep Cover,1,0,1,1,HalfVolley,OutsideOff,NotOut,None,FrontFoot,Drive,NoMovement,Over,Medium,Left,Null,NotReferred,Null,False,False,False,False,False,False,90,False,False,True,False,True,False,1,0,0,0,0,False,False,,,,
330660,6,6.0,2.0,0.0,0.0,36.0,0.0,2.0,10671,,9839,Pakistan v Zimbabwe T20Is - Men's,2,11,Pakistan Men,22,Zimbabwe Men,2020-11-10T18:09:43Z,3,False,7126,Faraz Akram,7127,Abdullah Shafique,566,Fakhar Zaman,90,48,Left,Wicketkeeper,0,0,0,0,LengthBall,OutsideOff,NotOut,Missed,DownTheTrack,Slog,AwaySwinger,Over,Medium,Left,Null,NotReferred,Null,False,False,False,False,False,False,90,False,False,True,False,True,False,0,0,0,0,0,False,False,,,,
330660,6,6.0,2.0,0.0,0.0,36.0,0.0,2.0,10671,,9839,Pakistan v Zimbabwe T20Is - Men's,2,11,Pakistan Men,22,Zimbabwe Men,2020-11-10T18:10:20Z,4,False,7126,Faraz Akram,7127,Abdullah Shafique,566,Fakhar Zaman,241,88,Left,Mid Off,0,0,0,0,FullToss,OutsideOff,NotOut,None,FrontFoot,Drive,NoMovement,Over,Medium,Left,Null,NotReferred,Null,False,False,False,False,False,False,90,False,False,True,False,True,False,0,0,0,0,0,False,False,,,,
330660,6,6.0,2.0,0.0,0.0,36.0,0.0,2.0,10671,,9839,Pakistan v Zimbabwe T20Is - Men's,2,11,Pakistan Men,22,Zimbabwe Men,2020-11-10T18:10:49Z,5,False,7126,Faraz Akram,7127,Abdullah Shafique,566,Fakhar Zaman,334,82,Left,Mid Wicket,1,0,1,1,HalfVolley,MiddleStump,NotOut,None,FrontFoot,Worked,NoMovement,Over,Medium,Left,Null,NotReferred,Null,False,False,False,False,False,False,90,False,False,True,False,True,False,1,0,0,0,0,False,False,,,,
330660,6,6.0,2.0,0.0,0.0,36.0,0.0,2.0,10671,,9839,Pakistan v Zimbabwe T20Is - Men's,2,11,Pakistan Men,22,Zimbabwe Men,2020-11-10T18:11:34Z,6,False,7126,Faraz Akram,566,Fakhar Zaman,7127,Abdullah Shafique,202,67,Right,Mid Wicket,0,0,0,0,Yorker,MiddleStump,NotOut,None,BackFoot,Worked,NoMovement,Over,Medium,Left,Null,NotReferred,Null,False,False,False,False,False,False,90,False,False,True,False,True,False,0,0,0,0,0,False,False,,,,
330661,7,5.71,4.0,1.0,0.0,40.0,1.0,4.0,10671,,9839,Pakistan v Zimbabwe T20Is - Men's,2,11,Pakistan Men,22,Zimbabwe Men,2020-11-10T18:12:41Z,1,False,687,Wellington Masakadza,7127,Abdullah Shafique,566,Fakhar Zaman,194,140,Left,Deep Cover,1,0,1,1,BackOfALength,OutsideOff,NotOut,None,BackFoot,Cut,StockBall,Round,Orthodox,Right,Null,NotReferred,Null,False,False,False,False,False,False,28,False,False,False,False,True,False,1,0,0,0,0,False,False,,,,
330661,7,5.71,4.0,1.0,0.0,40.0,1.0,4.0,10671,,9839,Pakistan v Zimbabwe T20Is - Men's,2,11,Pakistan Men,22,Zimbabwe Men,2020-11-10T18:13:08Z,2,False,687,Wellington Masakadza,566,Fakhar Zaman,7127,Abdullah Shafique,149,87,Right,Backward Square Leg,1,0,1,1,BackOfALength,DownLeg,NotOut,None,BackFoot,Worked,ArmBall,Round,Orthodox,Right,Null,NotReferred,Null,False,False,False,False,False,False,28,False,False,False,False,True,False,1,0,0,0,0,False,False,,,,
330661,7,5.71,4.0,1.0,0.0,40.0,1.0,4.0,10671,,9839,Pakistan v Zimbabwe T20Is - Men's,2,11,Pakistan Men,22,Zimbabwe Men,2020-11-10T18:13:35Z,3,False,687,Wellington Masakadza,7127,Abdullah Shafique,566,Fakhar Zaman,311,43,Left,Short Mid Wicket,0,0,0,0,BackOfALength,OutsideOff,NotOut,None,BackFoot,Worked,ArmBall,Round,Orthodox,Right,Null,NotReferred,Null,False,False,False,False,False,False,28,False,False,False,False,True,False,0,0,0,0,0,False,False,,,,
330661,7,5.71,4.0,1.0,0.0,40.0,1.0,4.0,10671,,9839,Pakistan v Zimbabwe T20Is - Men's,2,11,Pakistan Men,22,Zimbabwe Men,2020-11-10T18:13:47Z,4,False,687,Wellington Masakadza,7127,Abdullah Shafique,566,Fakhar Zaman,294,143,Left,Long On,1,0,1,1,LengthBall,OutsideOff,NotOut,MisTimed,DownTheTrack,Drive,StockBall,Round,Orthodox,Right,Null,NotReferred,Null,False,False,False,False,False,False,28,False,False,False,False,True,False,1,0,0,0,0,False,False,,,,
330661,7,5.71,4.0,1.0,0.0,40.0,1.0,4.0,10671,,9839,Pakistan v Zimbabwe T20Is - Men's,2,11,Pakistan Men,22,Zimbabwe Men,2020-11-10T18:14:16Z,5,True,687,Wellington Masakadza,566,Fakhar Zaman,7127,Abdullah Shafique,219,164,Right,Deep Mid Wicket,0,0,0,0,LengthBall,LegStump,NotOut,MisTimed,DownTheTrack,Slog,ArmBall,Round,Orthodox,Right,Out1stUmpire,NotReferred,Null,False,False,False,False,False,False,28,False,False,False,False,True,False,0,0,0,0,0,False,False,Caught,566.0,Fakhar Zaman,Caught
330661,7,5.71,4.0,1.0,0.0,40.0,1.0,4.0,10671,,9839,Pakistan v Zimbabwe T20Is - Men's,2,11,Pakistan Men,22,Zimbabwe Men,2020-11-10T18:16:04Z,6,False,687,Wellington Masakadza,4007,Haider Ali,7127,Abdullah Shafique,246,158,Left,Long Off,1,0,1,1,HalfVolley,OutsideOff,NotOut,None,FrontFoot,Drive,StockBall,Round,Orthodox,Right,Null,NotReferred,Null,False,False,False,False,False,False,28,False,False,False,False,True,False,1,0,0,0,0,False,False,,,,
330662,8,5.62,5.0,0.0,0.0,45.0,1.0,5.0,10671,,9839,Pakistan v Zimbabwe T20Is - Men's,2,11,Pakistan Men,22,Zimbabwe Men,2020-11-10T18:17:27Z,1,False,3098,Wesley Madhevere,4007,Haider Ali,7127,Abdullah Shafique,66,139,Left,Fine Leg,2,0,2,2,LengthBall,DownLeg,NotOut,None,FrontFoot,Glance,OffBreak,Round,OffSpin,Left,Null,NotReferred,Null,False,False,False,False,False,False,90,False,False,False,False,True,False,2,0,0,0,0,False,False,,,,
330662,8,5.62,5.0,0.0,0.0,45.0,1.0,5.0,10671,,9839,Pakistan v Zimbabwe T20Is - Men's,2,11,Pakistan Men,22,Zimbabwe Men,2020-11-10T18:17:54Z,2,False,3098,Wesley Madhevere,4007,Haider Ali,7127,Abdullah Shafique,300,154,Left,Long On,1,0,1,1,LengthBall,MiddleStump,NotOut,None,FrontFoot,Drive,OffBreak,Round,OffSpin,Left,Null,NotReferred,Null,False,False,False,False,False,False,90,False,False,False,False,True,False,1,0,0,0,0,False,False,,,,
330662,8,5.62,5.0,0.0,0.0,45.0,1.0,5.0,10671,,9839,Pakistan v Zimbabwe T20Is - Men's,2,11,Pakistan Men,22,Zimbabwe Men,2020-11-10T18:18:12Z,3,False,3098,Wesley Madhevere,7127,Abdullah Shafique,4007,Haider Ali,2,122,Left,Square Leg,1,0,1,1,LengthBall,DownLeg,NotOut,None,FrontFoot,Worked,OffBreak,Round,OffSpin,Left,Null,NotReferred,Null,False,False,False,False,False,False,90,False,False,False,False,True,False,1,0,0,0,0,False,False,,,,
330662,8,5.62,5.0,0.0,0.0,45.0,1.0,5.0,10671,,9839,Pakistan v Zimbabwe T20Is - Men's,2,11,Pakistan Men,22,Zimbabwe Men,2020-11-10T18:18:28Z,4,False,3098,Wesley Madhevere,4007,Haider Ali,7127,Abdullah Shafique,5,87,Left,Square Leg,0,0,0,0,LengthBall,DownLeg,NotOut,HitPad,FrontFoot,Sweep,OffBreak,Round,OffSpin,Left,Null,NotReferred,Null,False,False,False,False,False,False,90,False,False,False,False,True,False,0,0,0,0,0,False,False,,,,
330662,8,5.62,5.0,0.0,0.0,45.0,1.0,5.0,10671,,9839,Pakistan v Zimbabwe T20Is - Men's,2,11,Pakistan Men,22,Zimbabwe Men,2020-11-10T18:18:54Z,5,False,3098,Wesley Madhevere,4007,Haider Ali,7127,Abdullah Shafique,325,77,Left,Mid Wicket,0,0,0,0,BackOfALength,OffStump,NotOut,None,BackFoot,Worked,OffBreak,Round,OffSpin,Left,Null,NotReferred,Null,False,False,False,False,False,False,90,False,False,False,False,True,False,0,0,0,0,0,False,False,,,,
330662,8,5.62,5.0,0.0,0.0,45.0,1.0,5.0,10671,,9839,Pakistan v Zimbabwe T20Is - Men's,2,11,Pakistan Men,22,Zimbabwe Men,2020-11-10T18:19:12Z,6,False,3098,Wesley Madhevere,4007,Haider Ali,7127,Abdullah Shafique,129,80,Left,Short Third Man,1,0,1,1,LengthBall,OutsideOff,NotOut,None,BackFoot,Steer,QuickerBall,Round,OffSpin,Left,Null,NotReferred,Null,False,False,False,False,False,False,90,False,False,False,False,True,False,1,0,0,0,0,False,False,,,,
330663,9,6.67,15.0,0.0,0.0,60.0,1.0,15.0,10671,,9839,Pakistan v Zimbabwe T20Is - Men's,2,11,Pakistan Men,22,Zimbabwe Men,2020-11-10T18:19:59Z,1,False,687,Wellington Masakadza,4007,Haider Ali,7127,Abdullah Shafique,248,161,Left,Long Off,1,0,1,1,LengthBall,OutsideOff,NotOut,None,FrontFoot,Drive,StockBall,Round,Orthodox,Right,Null,NotReferred,Null,False,False,False,False,False,False,28,False,False,False,False,True,False,1,0,0,0,0,False,False,,,,
330663,9,6.67,15.0,0.0,0.0,60.0,1.0,15.0,10671,,9839,Pakistan v Zimbabwe T20Is - Men's,2,11,Pakistan Men,22,Zimbabwe Men,2020-11-10T18:20:14Z,2,False,687,Wellington Masakadza,7127,Abdullah Shafique,4007,Haider Ali,270,40,Left,Bowler,0,0,0,0,LengthBall,OutsideOff,NotOut,None,BackFoot,Worked,ArmBall,Round,Orthodox,Right,Null,NotReferred,Null,False,False,False,False,False,False,28,False,False,False,False,True,False,0,0,0,0,0,False,False,,,,
330663,9,6.67,15.0,0.0,0.0,60.0,1.0,15.0,10671,,9839,Pakistan v Zimbabwe T20Is - Men's,2,11,Pakistan Men,22,Zimbabwe Men,2020-11-10T18:20:34Z,3,False,687,Wellington Masakadza,7127,Abdullah Shafique,4007,Haider Ali,249,201,Left,Long Off,6,0,6,6,LengthBall,OutsideOff,NotOut,WellTimed,DownTheTrack,Drive,StockBall,Round,Orthodox,Right,Null,NotReferred,Null,False,False,False,False,True,False,28,False,False,False,False,True,False,6,0,0,0,0,False,True,,,,
330663,9,6.67,15.0,0.0,0.0,60.0,1.0,15.0,10671,,9839,Pakistan v Zimbabwe T20Is - Men's,2,11,Pakistan Men,22,Zimbabwe Men,2020-11-10T18:21:01Z,4,False,687,Wellington Masakadza,7127,Abdullah Shafique,4007,Haider Ali,1,143,Left,Deep Square Leg,1,0,1,1,LengthBall,OffStump,NotOut,None,FrontFoot,Worked,ArmBall,Round,Orthodox,Right,Null,NotReferred,Null,False,False,False,False,False,False,28,False,False,False,False,True,False,1,0,0,0,0,False,False,,,,
330663,9,6.67,15.0,0.0,0.0,60.0,1.0,15.0,10671,,9839,Pakistan v Zimbabwe T20Is - Men's,2,11,Pakistan Men,22,Zimbabwe Men,2020-11-10T18:21:24Z,5,False,687,Wellington Masakadza,4007,Haider Ali,7127,Abdullah Shafique,291,214,Left,Long On,6,0,6,6,HalfVolley,MiddleStump,NotOut,WellTimed,FrontFoot,Drive,ArmBall,Round,Orthodox,Right,Null,NotReferred,Null,False,False,False,False,True,False,28,False,False,False,False,True,False,6,0,0,0,0,False,True,,,,
330663,9,6.67,15.0,0.0,0.0,60.0,1.0,15.0,10671,,9839,Pakistan v Zimbabwe T20Is - Men's,2,11,Pakistan Men,22,Zimbabwe Men,2020-11-10T18:21:57Z,6,False,687,Wellington Masakadza,4007,Haider Ali,7127,Abdullah Shafique,337,156,Left,Deep Mid Wicket,1,0,1,1,LengthBall,OutsideOff,NotOut,None,BackFoot,Worked,ArmBall,Round,Orthodox,Right,Null,NotReferred,Null,False,False,False,False,False,False,28,False,False,False,False,True,False,1,0,0,0,0,False,False,,,,
330664,10,6.9,9.0,0.0,0.0,69.0,1.0,9.0,10671,,9839,Pakistan v Zimbabwe T20Is - Men's,2,11,Pakistan Men,22,Zimbabwe Men,2020-11-10T18:22:41Z,1,False,3098,Wesley Madhevere,4007,Haider Ali,7127,Abdullah Shafique,327,226,Left,Deep Mid Wicket,6,0,6,6,LengthBall,MiddleStump,NotOut,Middled,FrontFoot,Slog,OffBreak,Round,OffSpin,Left,Null,NotReferred,Null,False,False,False,False,True,False,90,False,False,False,False,True,False,6,0,0,0,0,False,True,,,,
330664,10,6.9,9.0,0.0,0.0,69.0,1.0,9.0,10671,,9839,Pakistan v Zimbabwe T20Is - Men's,2,11,Pakistan Men,22,Zimbabwe Men,2020-11-10T18:23:34Z,2,False,3098,Wesley Madhevere,4007,Haider Ali,7127,Abdullah Shafique,296,166,Left,Long On,1,0,1,1,LengthBall,LegStump,NotOut,None,FrontFoot,Drive,OffBreak,Round,OffSpin,Left,Null,NotReferred,Null,False,False,False,False,False,False,90,False,False,False,False,True,False,1,0,0,0,0,False,False,,,,
330664,10,6.9,9.0,0.0,0.0,69.0,1.0,9.0,10671,,9839,Pakistan v Zimbabwe T20Is - Men's,2,11,Pakistan Men,22,Zimbabwe Men,2020-11-10T18:23:53Z,3,False,3098,Wesley Madhevere,7127,Abdullah Shafique,4007,Haider Ali,270,40,Left,Bowler,0,0,0,0,LengthBall,MiddleStump,NotOut,None,FrontFoot,Pushed,OffBreak,Round,OffSpin,Left,Null,NotReferred,Null,False,False,False,False,False,False,90,False,False,False,False,True,False,0,0,0,0,0,False,False,,,,
330664,10,6.9,9.0,0.0,0.0,69.0,1.0,9.0,10671,,9839,Pakistan v Zimbabwe T20Is - Men's,2,11,Pakistan Men,22,Zimbabwe Men,2020-11-10T18:24:02Z,4,False,3098,Wesley Madhevere,7127,Abdullah Shafique,4007,Haider Ali,51,70,Left,Short Fine Leg,0,0,0,0,HalfVolley,DownLeg,NotOut,HitPad,FrontFoot,Sweep,OffBreak,Round,OffSpin,Left,Null,NotReferred,Null,False,False,False,False,False,False,90,False,False,False,False,True,False,0,0,0,0,0,False,False,,,,
330664,10,6.9,9.0,0.0,0.0,69.0,1.0,9.0,10671,,9839,Pakistan v Zimbabwe T20Is - Men's,2,11,Pakistan Men,22,Zimbabwe Men,2020-11-10T18:24:24Z,5,False,3098,Wesley Madhevere,7127,Abdullah Shafique,4007,Haider Ali,259,155,Left,Long Off,1,0,1,1,HalfVolley,OffStump,NotOut,None,FrontFoot,Drive,OffBreak,Round,OffSpin,Left,Null,NotReferred,Null,False,False,False,False,False,False,90,False,False,False,False,True,False,1,0,0,0,0,False,False,,,,
330664,10,6.9,9.0,0.0,0.0,69.0,1.0,9.0,10671,,9839,Pakistan v Zimbabwe T20Is - Men's,2,11,Pakistan Men,22,Zimbabwe Men,2020-11-10T18:24:40Z,6,False,3098,Wesley Madhevere,4007,Haider Ali,7127,Abdullah Shafique,293,159,Left,Long On,1,0,1,1,HalfVolley,MiddleStump,NotOut,None,FrontFoot,Drive,OffBreak,Round,OffSpin,Left,Null,NotReferred,Null,False,False,False,False,False,False,90,False,False,False,False,True,False,1,0,0,0,0,False,False,,,,
330665,11,6.82,5.0,0.0,0.0,75.0,1.0,5.0,10671,,9839,Pakistan v Zimbabwe T20Is - Men's,2,11,Pakistan Men,22,Zimbabwe Men,2020-11-10T18:25:38Z,1,False,2663,Ryan Burl,4007,Haider Ali,7127,Abdullah Shafique,336,157,Left,Deep Mid Wicket,1,0,1,1,BackOfALength,LegStump,NotOut,None,BackFoot,Pull,LegSpinner,Over,LegSpin,Left,Null,NotReferred,Null,False,False,False,False,True,False,28,False,False,False,False,True,False,1,0,0,0,0,False,False,,,,
330665,11,6.82,5.0,0.0,0.0,75.0,1.0,5.0,10671,,9839,Pakistan v Zimbabwe T20Is - Men's,2,11,Pakistan Men,22,Zimbabwe Men,2020-11-10T18:26:07Z,2,False,2663,Ryan Burl,7127,Abdullah Shafique,4007,Haider Ali,342,153,Left,Deep Mid Wicket,2,0,2,2,BackOfALength,MiddleStump,NotOut,None,BackFoot,Pull,Googly,Over,LegSpin,Left,Null,NotReferred,Null,False,False,False,False,False,False,28,False,False,False,False,True,False,2,0,0,0,0,False,False,,,,
330665,11,6.82,5.0,0.0,0.0,75.0,1.0,5.0,10671,,9839,Pakistan v Zimbabwe T20Is - Men's,2,11,Pakistan Men,22,Zimbabwe Men,2020-11-10T18:26:35Z,3,False,2663,Ryan Burl,7127,Abdullah Shafique,4007,Haider Ali,341,149,Left,Deep Mid Wicket,1,0,1,1,BackOfALength,OutsideOff,NotOut,None,BackFoot,Worked,Googly,Over,LegSpin,Left,Null,NotReferred,Null,False,False,False,False,False,False,28,False,False,False,False,True,False,1,0,0,0,0,False,False,,,,
330665,11,6.82,5.0,0.0,0.0,75.0,1.0,5.0,10671,,9839,Pakistan v Zimbabwe T20Is - Men's,2,11,Pakistan Men,22,Zimbabwe Men,2020-11-10T18:26:48Z,4,False,2663,Ryan Burl,4007,Haider Ali,7127,Abdullah Shafique,90,48,Left,Wicketkeeper,0,0,0,0,LengthBall,OutsideOff,NotOut,Missed,BacksAway,Cut,LegSpinner,Over,LegSpin,Left,Null,NotReferred,Null,False,False,False,False,False,False,28,False,False,False,False,True,False,0,0,0,0,0,False,False,,,,
330665,11,6.82,5.0,0.0,0.0,75.0,1.0,5.0,10671,,9839,Pakistan v Zimbabwe T20Is - Men's,2,11,Pakistan Men,22,Zimbabwe Men,2020-11-10T18:27:08Z,5,False,2663,Ryan Burl,4007,Haider Ali,7127,Abdullah Shafique,166,75,Left,Backward Point,0,0,0,0,LengthBall,OutsideOff,NotOut,None,BacksAway,Cut,LegSpinner,Over,LegSpin,Left,Null,NotReferred,Null,False,False,False,False,False,False,28,False,False,False,False,True,False,0,0,0,0,0,False,False,,,,
330665,11,6.82,5.0,0.0,0.0,75.0,1.0,5.0,10671,,9839,Pakistan v Zimbabwe T20Is - Men's,2,11,Pakistan Men,22,Zimbabwe Men,2020-11-10T18:27:33Z,6,False,2663,Ryan Burl,4007,Haider Ali,7127,Abdullah Shafique,194,155,Left,Deep Cover,1,0,1,1,Short,OutsideOff,NotOut,None,FrontFoot,Cut,LegSpinner,Over,LegSpin,Left,Null,NotReferred,Null,False,False,False,False,False,False,28,False,False,False,False,True,False,1,0,0,0,0,False,False,,,,
330666,12,7.0,10.0,1.0,1.0,84.0,2.0,10.0,10671,,9839,Pakistan v Zimbabwe T20Is - Men's,2,11,Pakistan Men,22,Zimbabwe Men,2020-11-10T18:28:44Z,1,False,3978,Milton Shumba,4007,Haider Ali,7127,Abdullah Shafique,90,48,Left,Wicketkeeper,1,1,1,0,LengthBall,OutsideOff,NotOut,Missed,FrontFoot,Drive,StockBall,Round,Orthodox,Right,Null,NotReferred,Null,True,False,False,False,False,False,90,False,False,False,False,True,False,0,0,1,0,0,False,False,,,,
330666,12,7.0,10.0,1.0,1.0,84.0,2.0,10.0,10671,,9839,Pakistan v Zimbabwe T20Is - Men's,2,11,Pakistan Men,22,Zimbabwe Men,2020-11-10T18:28:59Z,1,False,3978,Milton Shumba,4007,Haider Ali,7127,Abdullah Shafique,270,40,Left,Bowler,0,0,0,0,LengthBall,OutsideOff,NotOut,None,FrontFoot,Worked,StockBall,Round,Orthodox,Right,Null,NotReferred,Null,False,False,False,False,False,False,90,False,False,False,False,True,False,0,0,0,0,0,False,False,,,,
330666,12,7.0,10.0,1.0,1.0,84.0,2.0,10.0,10671,,9839,Pakistan v Zimbabwe T20Is - Men's,2,11,Pakistan Men,22,Zimbabwe Men,2020-11-10T18:29:13Z,2,False,3978,Milton Shumba,4007,Haider Ali,7127,Abdullah Shafique,216,231,Left,Deep Extra Cover,4,0,4,4,HalfVolley,OutsideOff,NotOut,WellTimed,FrontFoot,Drive,StockBall,Round,Orthodox,Right,Null,NotReferred,Null,False,False,False,False,False,False,90,False,False,False,False,True,False,4,0,0,0,0,False,False,,,,
330666,12,7.0,10.0,1.0,1.0,84.0,2.0,10.0,10671,,9839,Pakistan v Zimbabwe T20Is - Men's,2,11,Pakistan Men,22,Zimbabwe Men,2020-11-10T18:29:42Z,3,False,3978,Milton Shumba,4007,Haider Ali,7127,Abdullah Shafique,270,40,Left,Bowler,0,0,0,0,LengthBall,OutsideOff,NotOut,None,FrontFoot,Worked,StockBall,Round,Orthodox,Right,Null,NotReferred,Null,False,False,False,False,False,False,90,False,False,False,False,True,False,0,0,0,0,0,False,False,,,,
330666,12,7.0,10.0,1.0,1.0,84.0,2.0,10.0,10671,,9839,Pakistan v Zimbabwe T20Is - Men's,2,11,Pakistan Men,22,Zimbabwe Men,2020-11-10T18:30:01Z,4,True,3978,Milton Shumba,4007,Haider Ali,7127,Abdullah Shafique,90,48,Left,Wicketkeeper,0,0,0,0,LengthBall,OutsideOff,NotOut,OutsideEdge,FrontFoot,Drive,StockBall,Round,Orthodox,Right,Out2ndUmpire,NotReferred,Null,False,False,False,False,False,False,90,False,False,False,False,True,False,0,0,0,0,0,False,False,Caught,4007.0,Haider Ali,Caught
330666,12,7.0,10.0,1.0,1.0,84.0,2.0,10.0,10671,,9839,Pakistan v Zimbabwe T20Is - Men's,2,11,Pakistan Men,22,Zimbabwe Men,2020-11-10T18:31:29Z,5,False,3978,Milton Shumba,3728,Khushdil Shah,7127,Abdullah Shafique,249,149,Right,Long On,1,0,1,1,HalfVolley,MiddleStump,NotOut,None,FrontFoot,Drive,ArmBall,Round,Orthodox,Right,Null,NotReferred,Null,False,False,False,False,False,False,90,False,False,False,False,True,False,1,0,0,0,0,False,False,,,,
330666,12,7.0,10.0,1.0,1.0,84.0,2.0,10.0,10671,,9839,Pakistan v Zimbabwe T20Is - Men's,2,11,Pakistan Men,22,Zimbabwe Men,2020-11-10T18:31:51Z,6,False,3978,Milton Shumba,7127,Abdullah Shafique,3728,Khushdil Shah,219,213,Left,Deep Extra Cover,4,0,4,4,LengthBall,OutsideOff,NotOut,WellTimed,FrontFoot,Drive,StockBall,Round,Orthodox,Right,Null,NotReferred,Null,False,False,False,False,True,False,90,False,False,False,False,True,False,4,0,0,0,0,False,False,,,,
330667,13,7.15,9.0,0.0,0.0,93.0,2.0,9.0,10671,,9839,Pakistan v Zimbabwe T20Is - Men's,2,11,Pakistan Men,22,Zimbabwe Men,2020-11-10T18:32:58Z,1,False,2663,Ryan Burl,3728,Khushdil Shah,7127,Abdullah Shafique,326,74,Right,Extra Cover,0,0,0,0,LengthBall,MiddleStump,NotOut,None,BackFoot,Pushed,Googly,Over,LegSpin,Left,Null,NotReferred,Null,False,False,False,False,False,False,28,False,False,False,False,True,False,0,0,0,0,0,False,False,,,,
330667,13,7.15,9.0,0.0,0.0,93.0,2.0,9.0,10671,,9839,Pakistan v Zimbabwe T20Is - Men's,2,11,Pakistan Men,22,Zimbabwe Men,2020-11-10T18:33:17Z,2,False,2663,Ryan Burl,3728,Khushdil Shah,7127,Abdullah Shafique,138,183,Right,Fine Leg,4,0,4,4,HalfVolley,MiddleStump,NotOut,InsideEdge,FrontFoot,Sweep,LegSpinner,Over,LegSpin,Left,Null,NotReferred,Null,False,False,False,False,False,False,28,False,False,False,False,True,False,4,0,0,0,0,False,True,,,,
330667,13,7.15,9.0,0.0,0.0,93.0,2.0,9.0,10671,,9839,Pakistan v Zimbabwe T20Is - Men's,2,11,Pakistan Men,22,Zimbabwe Men,2020-11-10T18:33:50Z,3,False,2663,Ryan Burl,3728,Khushdil Shah,7127,Abdullah Shafique,245,156,Right,Long On,1,0,1,1,BackOfALength,OffStump,NotOut,None,BackFoot,Pull,Googly,Over,LegSpin,Left,Null,NotReferred,Null,False,False,False,False,False,False,28,False,False,False,False,True,False,1,0,0,0,0,False,False,,,,
330667,13,7.15,9.0,0.0,0.0,93.0,2.0,9.0,10671,,9839,Pakistan v Zimbabwe T20Is - Men's,2,11,Pakistan Men,22,Zimbabwe Men,2020-11-10T18:34:20Z,4,False,2663,Ryan Burl,7127,Abdullah Shafique,3728,Khushdil Shah,13,81,Left,Backward Square Leg,0,0,0,0,BackOfALength,OffStump,NotOut,None,BackFoot,Worked,Googly,Over,LegSpin,Left,Null,NotReferred,Null,False,False,False,False,False,False,28,False,False,False,False,True,False,0,0,0,0,0,False,False,,,,
330667,13,7.15,9.0,0.0,0.0,93.0,2.0,9.0,10671,,9839,Pakistan v Zimbabwe T20Is - Men's,2,11,Pakistan Men,22,Zimbabwe Men,2020-11-10T18:34:40Z,5,False,2663,Ryan Burl,7127,Abdullah Shafique,3728,Khushdil Shah,180,66,Left,Point,0,0,0,0,LengthBall,OutsideOff,NotOut,None,FrontFoot,Pushed,LegSpinner,Over,LegSpin,Left,Null,NotReferred,Null,False,False,False,False,False,False,28,False,False,False,False,True,False,0,0,0,0,0,False,False,,,,
330667,13,7.15,9.0,0.0,0.0,93.0,2.0,9.0,10671,,9839,Pakistan v Zimbabwe T20Is - Men's,2,11,Pakistan Men,22,Zimbabwe Men,2020-11-10T18:35:00Z,6,False,2663,Ryan Burl,7127,Abdullah Shafique,3728,Khushdil Shah,161,199,Left,Deep Backward Point,4,0,4,4,BackOfALength,OutsideOff,NotOut,WellTimed,BackFoot,Cut,LegSpinner,Over,LegSpin,Left,Null,NotReferred,Null,False,False,False,False,False,False,28,False,False,False,False,True,False,4,0,0,0,0,False,True,,,,
330668,14,7.93,18.0,0.0,0.0,111.0,2.0,18.0,10671,,9839,Pakistan v Zimbabwe T20Is - Men's,2,11,Pakistan Men,22,Zimbabwe Men,2020-11-10T18:36:03Z,1,False,3978,Milton Shumba,3728,Khushdil Shah,7127,Abdullah Shafique,207,203,Right,Deep Mid Wicket,6,0,6,6,FullToss,OffStump,NotOut,Middled,DownTheTrack,Slog,StockBall,Round,Orthodox,Right,Null,NotReferred,Null,False,False,False,False,True,False,90,False,False,False,False,True,False,6,0,0,0,0,False,True,,,,
330668,14,7.93,18.0,0.0,0.0,111.0,2.0,18.0,10671,,9839,Pakistan v Zimbabwe T20Is - Men's,2,11,Pakistan Men,22,Zimbabwe Men,2020-11-10T18:37:04Z,2,False,3978,Milton Shumba,3728,Khushdil Shah,7127,Abdullah Shafique,207,208,Right,Deep Mid Wicket,6,0,6,6,HalfVolley,OffStump,NotOut,Middled,DownTheTrack,Slog,StockBall,Round,Orthodox,Right,Null,NotReferred,Null,False,False,False,False,True,False,90,False,False,False,False,True,False,6,0,0,0,0,False,True,,,,
330668,14,7.93,18.0,0.0,0.0,111.0,2.0,18.0,10671,,9839,Pakistan v Zimbabwe T20Is - Men's,2,11,Pakistan Men,22,Zimbabwe Men,2020-11-10T18:37:56Z,3,False,3978,Milton Shumba,3728,Khushdil Shah,7127,Abdullah Shafique,243,160,Right,Long On,1,0,1,1,FullToss,OutsideOff,NotOut,None,DownTheTrack,Drive,StockBall,Round,Orthodox,Right,Null,NotReferred,Null,False,False,False,False,False,False,90,False,False,False,False,True,False,1,0,0,0,0,False,False,,,,
330668,14,7.93,18.0,0.0,0.0,111.0,2.0,18.0,10671,,9839,Pakistan v Zimbabwe T20Is - Men's,2,11,Pakistan Men,22,Zimbabwe Men,2020-11-10T18:38:25Z,4,False,3978,Milton Shumba,7127,Abdullah Shafique,3728,Khushdil Shah,286,150,Left,Long On,1,0,1,1,HalfVolley,LegStump,NotOut,None,DownTheTrack,Drive,ArmBall,Round,Orthodox,Right,Null,NotReferred,Null,False,False,False,False,False,False,90,False,False,False,False,True,False,1,0,0,0,0,False,False,,,,
330668,14,7.93,18.0,0.0,0.0,111.0,2.0,18.0,10671,,9839,Pakistan v Zimbabwe T20Is - Men's,2,11,Pakistan Men,22,Zimbabwe Men,2020-11-10T18:38:47Z,5,False,3978,Milton Shumba,3728,Khushdil Shah,7127,Abdullah Shafique,5,192,Right,Deep Point,4,0,4,4,BackOfALength,OutsideOff,NotOut,WellTimed,BackFoot,Cut,ArmBall,Round,Orthodox,Right,Null,NotReferred,Null,False,False,False,False,False,False,90,False,False,False,False,True,False,4,0,0,0,0,False,True,,,,
330668,14,7.93,18.0,0.0,0.0,111.0,2.0,18.0,10671,,9839,Pakistan v Zimbabwe T20Is - Men's,2,11,Pakistan Men,22,Zimbabwe Men,2020-11-10T18:39:19Z,6,False,3978,Milton Shumba,3728,Khushdil Shah,7127,Abdullah Shafique,347,94,Right,Cover,0,0,0,0,BackOfALength,OffStump,NotOut,None,DownTheTrack,Pushed,ArmBall,Round,Orthodox,Right,Null,NotReferred,Null,False,False,False,False,False,False,90,False,False,False,False,True,False,0,0,0,0,0,False,False,,,,
330669,15,8.27,13.0,0.0,1.0,124.0,2.0,13.0,10671,,9839,Pakistan v Zimbabwe T20Is - Men's,2,11,Pakistan Men,22,Zimbabwe Men,2020-11-10T18:40:25Z,1,False,2663,Ryan Burl,7127,Abdullah Shafique,3728,Khushdil Shah,225,212,Left,Deep Extra Cover,4,0,4,4,HalfVolley,OutsideOff,NotOut,WellTimed,DownTheTrack,Drive,LegSpinner,Over,LegSpin,Left,Null,NotReferred,Null,False,False,False,False,True,False,28,False,False,False,False,True,False,4,0,0,0,0,False,True,,,,
330669,15,8.27,13.0,0.0,1.0,124.0,2.0,13.0,10671,,9839,Pakistan v Zimbabwe T20Is - Men's,2,11,Pakistan Men,22,Zimbabwe Men,2020-11-10T18:40:59Z,2,False,2663,Ryan Burl,7127,Abdullah Shafique,3728,Khushdil Shah,247,162,Left,Long Off,1,0,1,1,HalfVolley,OutsideOff,NotOut,None,FrontFoot,Drive,LegSpinner,Over,LegSpin,Left,Null,NotReferred,Null,False,False,False,False,False,False,28,False,False,False,False,True,False,1,0,0,0,0,False,False,,,,
330669,15,8.27,13.0,0.0,1.0,124.0,2.0,13.0,10671,,9839,Pakistan v Zimbabwe T20Is - Men's,2,11,Pakistan Men,22,Zimbabwe Men,2020-11-10T18:41:35Z,3,False,2663,Ryan Burl,3728,Khushdil Shah,7127,Abdullah Shafique,208,158,Right,Deep Mid Wicket,2,0,2,2,HalfVolley,MiddleStump,NotOut,MisTimed,FrontFoot,SlogSweep,Googly,Over,LegSpin,Left,Null,NotReferred,Null,False,False,False,False,False,False,28,False,False,False,False,True,False,2,0,0,0,0,False,False,,,,
330669,15,8.27,13.0,0.0,1.0,124.0,2.0,13.0,10671,,9839,Pakistan v Zimbabwe T20Is - Men's,2,11,Pakistan Men,22,Zimbabwe Men,2020-11-10T18:42:10Z,4,False,2663,Ryan Burl,3728,Khushdil Shah,7127,Abdullah Shafique,90,48,Right,Wicketkeeper,1,1,1,0,HalfVolley,DownLeg,NotOut,PlayAndMissLegSide,FrontFoot,Sweep,Googly,Over,LegSpin,Left,Null,NotReferred,Null,True,False,False,False,False,False,28,False,False,False,False,True,False,0,0,1,0,0,False,False,,,,
330669,15,8.27,13.0,0.0,1.0,124.0,2.0,13.0,10671,,9839,Pakistan v Zimbabwe T20Is - Men's,2,11,Pakistan Men,22,Zimbabwe Men,2020-11-10T18:42:50Z,4,False,2663,Ryan Burl,3728,Khushdil Shah,7127,Abdullah Shafique,343,69,Right,Cover,0,0,0,0,LengthBall,DownLeg,NotOut,HitPad,BackFoot,Worked,Googly,Over,LegSpin,Left,Null,NotReferred,Null,False,False,False,False,False,False,28,False,False,False,False,True,False,0,0,0,0,0,False,False,,,,
330669,15,8.27,13.0,0.0,1.0,124.0,2.0,13.0,10671,,9839,Pakistan v Zimbabwe T20Is - Men's,2,11,Pakistan Men,22,Zimbabwe Men,2020-11-10T18:43:06Z,5,False,2663,Ryan Burl,3728,Khushdil Shah,7127,Abdullah Shafique,272,202,Right,Long Off,4,0,4,4,HalfVolley,OffStump,NotOut,WellTimed,FrontFoot,Drive,LegSpinner,Over,LegSpin,Left,Null,NotReferred,Null,False,False,False,False,True,False,28,False,False,False,False,True,False,4,0,0,0,0,False,False,,,,
330669,15,8.27,13.0,0.0,1.0,124.0,2.0,13.0,10671,,9839,Pakistan v Zimbabwe T20Is - Men's,2,11,Pakistan Men,22,Zimbabwe Men,2020-11-10T18:43:32Z,6,False,2663,Ryan Burl,3728,Khushdil Shah,7127,Abdullah Shafique,214,153,Right,Deep Mid Wicket,1,0,1,1,HalfVolley,OffStump,NotOut,None,FrontFoot,Slog,LegSpinner,Over,LegSpin,Left,Null,NotReferred,Null,False,False,False,False,False,False,28,False,False,False,False,True,False,1,0,0,0,0,False,False,,,,
330670,16,8.55,6.0,0.0,0.0,130.0,2.0,6.0,10671,,9839,Pakistan v Zimbabwe T20Is - Men's,2,11,Pakistan Men,22,Zimbabwe Men,2020-11-10T18:44:51Z,1,False,7126,Faraz Akram,3728,Khushdil Shah,7127,Abdullah Shafique,270,40,Right,Bowler,0,0,0,0,FullToss,OffStump,NotOut,None,FrontFoot,Pushed,NoMovement,Over,Medium,Left,Null,NotReferred,Null,False,False,False,False,False,False,90,False,False,False,False,True,False,0,0,0,0,0,False,False,,,,
330670,16,8.55,6.0,0.0,0.0,130.0,2.0,6.0,10671,,9839,Pakistan v Zimbabwe T20Is - Men's,2,11,Pakistan Men,22,Zimbabwe Men,2020-11-10T18:45:17Z,2,False,7126,Faraz Akram,3728,Khushdil Shah,7127,Abdullah Shafique,223,209,Right,Long On,6,0,6,6,HalfVolley,MiddleStump,NotOut,Middled,DownTheTrack,Slog,LegCutter,Over,Medium,Left,Null,NotReferred,Null,False,False,False,False,True,False,90,False,False,False,False,True,False,6,0,0,0,0,False,True,,,,
