over_id,over_overNumber,over_runrate,over_runsConceded,over_wickets,over_runsExtras,over_totalInningRuns,over_totalInningWickets,over_totalRuns,id,matchName,fixtureId,fixtureName,inningNumber,battingTeamId,battingTeamName,bowlingTeamId,bowlingTeamName,ballDateTime,ballNumber,isWicket,bowlerPlayerId,bowlerPlayerName,battingPlayerId,battingPlayerName,nonStrikeBattingPlayerId,nonStrikeBattingPlayerName,shotAngle,shotMagnitude,battingHandId,fieldingPosition,runsConceded,extras,runs,runsScored,lengthTypeId,lineTypeId,appealDismissalTypeId,battingConnectionId,battingFeetId,battingShotTypeId,bowlingDetailId,bowlingFromId,bowlingTypeId,bowlingHandId,outcomeId,referralOutcomeId,noBallReasonId,isWide,isNoBall,isByes,isLegByes,isAirControlled,isAppeal,decisionOfficialId,isFreeHit,isNewBall,isPowerPlay,isBattingPowerPlay,isFloodLit,isReferred,teamRuns,runsByes,runsWide,runsLegByes,noBallsCount,isBoundry,isAirNotControlled,dismissalTypeId,dismissalPlayerId,dismissalPlayerName,dismissalType
403525,1,2.0,2.0,0.0,0.0,2.0,0.0,2.0,11976,,10817,Rachael Heyhoe Flint Trophy 2021,1,1067,South East Stars,1064,Northern Diamonds,2021-06-12T10:28:27Z,1,False,426,Beth Langston,386,Bryony Smith,422,Alice Davidson-Richards,301,79,Left,Mid On,0,0,0,0,LengthBall,Null,NotOut,Played,0,BackwardDefensive,Null,Over,Medium,Left,Null,NotReferred,Null,False,False,False,False,False,False,48,False,True,True,False,False,False,0,0,0,0,0,False,False,,,,
403525,1,2.0,2.0,0.0,0.0,2.0,0.0,2.0,11976,,10817,Rachael Heyhoe Flint Trophy 2021,1,1067,South East Stars,1064,Northern Diamonds,2021-06-12T10:29:01Z,2,False,426,Beth Langston,386,Bryony Smith,422,Alice Davidson-Richards,90,48,Left,Wicketkeeper,0,0,0,0,HalfVolley,Null,NotOut,NoShot,0,Leave,Null,Over,Medium,Left,Null,NotReferred,Null,False,False,False,False,False,False,48,False,False,True,False,False,False,0,0,0,0,0,False,False,,,,
403525,1,2.0,2.0,0.0,0.0,2.0,0.0,2.0,11976,,10817,Rachael Heyhoe Flint Trophy 2021,1,1067,South East Stars,1064,Northern Diamonds,2021-06-12T10:29:29Z,3,False,426,Beth Langston,386,Bryony Smith,422,Alice Davidson-Richards,90,48,Left,Wicketkeeper,0,0,0,0,LengthBall,Null,NotOut,Missed,0,Drive,Null,Over,Medium,Left,Null,NotReferred,Null,False,False,False,False,False,False,48,False,False,True,False,False,False,0,0,0,0,0,False,False,,,,
403525,1,2.0,2.0,0.0,0.0,2.0,0.0,2.0,11976,,10817,Rachael Heyhoe Flint Trophy 2021,1,1067,South East Stars,1064,Northern Diamonds,2021-06-12T10:29:59Z,4,False,426,Beth Langston,386,Bryony Smith,422,Alice Davidson-Richards,121,149,Left,Third Man,1,0,1,1,BackOfALength,Null,NotOut,Played,0,Steer,Null,Over,Medium,Left,Null,NotReferred,Null,False,False,False,False,False,False,48,False,False,True,False,False,False,1,0,0,0,0,False,False,,,,
403525,1,2.0,2.0,0.0,0.0,2.0,0.0,2.0,11976,,10817,Rachael Heyhoe Flint Trophy 2021,1,1067,South East Stars,1064,Northern Diamonds,2021-06-12T10:30:35Z,5,False,426,Beth Langston,422,Alice Davidson-Richards,386,Bryony Smith,90,48,Left,Wicketkeeper,0,0,0,0,HalfVolley,Null,NotOut,NoShot,0,Leave,Null,Over,Medium,Left,Null,NotReferred,Null,False,False,False,False,False,False,48,False,False,True,False,False,False,0,0,0,0,0,False,False,,,,
403525,1,2.0,2.0,0.0,0.0,2.0,0.0,2.0,11976,,10817,Rachael Heyhoe Flint Trophy 2021,1,1067,South East Stars,1064,Northern Diamonds,2021-06-12T10:31:04Z,6,False,426,Beth Langston,422,Alice Davidson-Richards,386,Bryony Smith,129,135,Left,Third Man,1,0,1,1,LengthBall,Null,NotOut,Edged,0,Worked,Null,Over,Medium,Left,Null,NotReferred,Null,False,False,False,False,False,False,48,False,False,True,False,False,False,1,0,0,0,0,False,False,,,,
403528,2,1.0,0.0,0.0,0.0,2.0,0.0,0.0,11976,,10817,Rachael Heyhoe Flint Trophy 2021,1,1067,South East Stars,1064,Northern Diamonds,2021-06-12T10:32:21Z,1,False,7078,Phoebe Graham,422,Alice Davidson-Richards,386,Bryony Smith,174,76,Left,Point,0,0,0,0,HalfVolley,Null,NotOut,MisTimed,0,Drive,Null,Over,Medium,Left,Null,NotReferred,Null,False,False,False,False,False,False,870,False,True,True,False,False,False,0,0,0,0,0,False,False,,,,
403528,2,1.0,0.0,0.0,0.0,2.0,0.0,0.0,11976,,10817,Rachael Heyhoe Flint Trophy 2021,1,1067,South East Stars,1064,Northern Diamonds,2021-06-12T10:32:45Z,2,False,7078,Phoebe Graham,422,Alice Davidson-Richards,386,Bryony Smith,90,48,Left,Wicketkeeper,0,0,0,0,BackOfALength,Null,NotOut,Edged,0,Steer,Null,Over,Medium,Left,Null,NotReferred,Null,False,False,False,False,False,False,870,False,False,True,False,False,False,0,0,0,0,0,False,False,,,,
403528,2,1.0,0.0,0.0,0.0,2.0,0.0,0.0,11976,,10817,Rachael Heyhoe Flint Trophy 2021,1,1067,South East Stars,1064,Northern Diamonds,2021-06-12T10:33:17Z,3,False,7078,Phoebe Graham,422,Alice Davidson-Richards,386,Bryony Smith,90,48,Left,Wicketkeeper,0,0,0,0,LengthBall,Null,NotOut,Missed,0,LateCut,Null,Over,Medium,Left,Null,NotReferred,Null,False,False,False,False,False,False,870,False,False,True,False,False,False,0,0,0,0,0,False,False,,,,
403528,2,1.0,0.0,0.0,0.0,2.0,0.0,0.0,11976,,10817,Rachael Heyhoe Flint Trophy 2021,1,1067,South East Stars,1064,Northern Diamonds,2021-06-12T10:33:46Z,4,False,7078,Phoebe Graham,422,Alice Davidson-Richards,386,Bryony Smith,217,57,Left,Short Extra Cover,0,0,0,0,LengthBall,Null,NotOut,Played,0,ForwardDefensive,Null,Over,Medium,Left,Null,NotReferred,Null,False,False,False,False,False,False,870,False,False,True,False,False,False,0,0,0,0,0,False,False,,,,
403528,2,1.0,0.0,0.0,0.0,2.0,0.0,0.0,11976,,10817,Rachael Heyhoe Flint Trophy 2021,1,1067,South East Stars,1064,Northern Diamonds,2021-06-12T10:34:12Z,5,False,7078,Phoebe Graham,422,Alice Davidson-Richards,386,Bryony Smith,309,63,Left,Short Mid Wicket,0,0,0,0,LengthBall,Null,NotOut,Played,0,ForwardDefensive,Null,Over,Medium,Left,Null,NotReferred,Null,False,False,False,False,False,False,870,False,False,True,False,False,False,0,0,0,0,0,False,False,,,,
403528,2,1.0,0.0,0.0,0.0,2.0,0.0,0.0,11976,,10817,Rachael Heyhoe Flint Trophy 2021,1,1067,South East Stars,1064,Northern Diamonds,2021-06-12T10:34:37Z,6,False,7078,Phoebe Graham,422,Alice Davidson-Richards,386,Bryony Smith,236,96,Left,Mid Off,0,0,0,0,HalfVolley,Null,NotOut,Played,0,Drive,Null,Over,Medium,Left,Null,NotReferred,Null,False,False,False,False,False,False,870,False,False,True,False,False,False,0,0,0,0,0,False,False,,,,
403530,3,2.67,6.0,0.0,0.0,8.0,0.0,6.0,11976,,10817,Rachael Heyhoe Flint Trophy 2021,1,1067,South East Stars,1064,Northern Diamonds,2021-06-12T10:35:22Z,1,False,426,Beth Langston,386,Bryony Smith,422,Alice Davidson-Richards,55,196,Left,Fine Leg,4,0,4,4,BackOfALength,Null,NotOut,HitHard,0,Pull,Null,Over,Medium,Left,Null,NotReferred,Null,False,False,False,False,False,False,48,False,False,True,False,False,False,4,0,0,0,0,False,True,,,,
403530,3,2.67,6.0,0.0,0.0,8.0,0.0,6.0,11976,,10817,Rachael Heyhoe Flint Trophy 2021,1,1067,South East Stars,1064,Northern Diamonds,2021-06-12T10:35:59Z,2,False,426,Beth Langston,386,Bryony Smith,422,Alice Davidson-Richards,155,147,Left,Deep Backward Point,2,0,2,2,Yorker,Null,NotOut,Played,0,Steer,Null,Over,Medium,Left,Null,NotReferred,Null,False,False,False,False,False,False,48,False,False,True,False,False,False,2,0,0,0,0,False,False,,,,
403530,3,2.67,6.0,0.0,0.0,8.0,0.0,6.0,11976,,10817,Rachael Heyhoe Flint Trophy 2021,1,1067,South East Stars,1064,Northern Diamonds,2021-06-12T10:36:39Z,3,False,426,Beth Langston,386,Bryony Smith,422,Alice Davidson-Richards,270,40,Left,Bowler,0,0,0,0,LengthBall,Null,NotOut,Played,0,BackwardDefensive,Null,Over,Medium,Left,Null,NotReferred,Null,False,False,False,False,False,False,48,False,False,True,False,False,False,0,0,0,0,0,False,False,,,,
403530,3,2.67,6.0,0.0,0.0,8.0,0.0,6.0,11976,,10817,Rachael Heyhoe Flint Trophy 2021,1,1067,South East Stars,1064,Northern Diamonds,2021-06-12T10:37:11Z,4,False,426,Beth Langston,386,Bryony Smith,422,Alice Davidson-Richards,90,48,Left,Wicketkeeper,0,0,0,0,LengthBall,Null,NotOut,NoShot,0,Leave,Null,Over,Medium,Left,Null,NotReferred,Null,False,False,False,False,False,False,48,False,False,True,False,False,False,0,0,0,0,0,False,False,,,,
403530,3,2.67,6.0,0.0,0.0,8.0,0.0,6.0,11976,,10817,Rachael Heyhoe Flint Trophy 2021,1,1067,South East Stars,1064,Northern Diamonds,2021-06-12T10:37:45Z,5,False,426,Beth Langston,386,Bryony Smith,422,Alice Davidson-Richards,210,77,Left,Extra Cover,0,0,0,0,LengthBall,Null,NotOut,Played,0,Pushed,Null,Over,Medium,Left,Null,NotReferred,Null,False,False,False,False,False,False,48,False,False,True,False,False,False,0,0,0,0,0,False,False,,,,
403530,3,2.67,6.0,0.0,0.0,8.0,0.0,6.0,11976,,10817,Rachael Heyhoe Flint Trophy 2021,1,1067,South East Stars,1064,Northern Diamonds,2021-06-12T10:38:12Z,6,False,426,Beth Langston,386,Bryony Smith,422,Alice Davidson-Richards,90,48,Left,Wicketkeeper,0,0,0,0,LengthBall,Null,NotOut,NoShot,0,Leave,Null,Over,Medium,Left,Null,NotReferred,Null,False,False,False,False,False,False,48,False,False,True,False,False,False,0,0,0,0,0,False,False,,,,
403533,4,2.5,2.0,0.0,2.0,10.0,0.0,2.0,11976,,10817,Rachael Heyhoe Flint Trophy 2021,1,1067,South East Stars,1064,Northern Diamonds,2021-06-12T10:38:59Z,1,False,7078,Phoebe Graham,422,Alice Davidson-Richards,386,Bryony Smith,178,37,Left,Point,0,0,0,0,LengthBall,Null,NotOut,Played,0,ForwardDefensive,Null,Over,Medium,Left,Null,NotReferred,Null,False,False,False,False,False,False,870,False,False,True,False,False,False,0,0,0,0,0,False,False,,,,
403533,4,2.5,2.0,0.0,2.0,10.0,0.0,2.0,11976,,10817,Rachael Heyhoe Flint Trophy 2021,1,1067,South East Stars,1064,Northern Diamonds,2021-06-12T10:39:26Z,2,False,7078,Phoebe Graham,422,Alice Davidson-Richards,386,Bryony Smith,90,48,Left,Wicketkeeper,1,1,1,0,HalfVolley,Null,NotOut,NoShot,0,Leave,Null,Over,Medium,Left,Null,NotReferred,Null,True,False,False,False,False,False,870,False,False,True,False,False,False,0,0,1,0,0,False,False,,,,
403533,4,2.5,2.0,0.0,2.0,10.0,0.0,2.0,11976,,10817,Rachael Heyhoe Flint Trophy 2021,1,1067,South East Stars,1064,Northern Diamonds,2021-06-12T10:39:51Z,2,False,7078,Phoebe Graham,422,Alice Davidson-Richards,386,Bryony Smith,90,48,Left,Wicketkeeper,0,0,0,0,BackOfALength,Null,NotOut,Missed,0,Cut,Null,Over,Medium,Left,Null,NotReferred,Null,False,False,False,False,False,False,870,False,False,True,False,False,False,0,0,0,0,0,False,False,,,,
403533,4,2.5,2.0,0.0,2.0,10.0,0.0,2.0,11976,,10817,Rachael Heyhoe Flint Trophy 2021,1,1067,South East Stars,1064,Northern Diamonds,2021-06-12T10:40:19Z,3,False,7078,Phoebe Graham,422,Alice Davidson-Richards,386,Bryony Smith,270,40,Left,Bowler,0,0,0,0,BackOfALength,Null,NotOut,Played,0,Dropped,Null,Over,Medium,Left,Null,NotReferred,Null,False,False,False,False,False,False,870,False,False,True,False,False,False,0,0,0,0,0,False,False,,,,
403533,4,2.5,2.0,0.0,2.0,10.0,0.0,2.0,11976,,10817,Rachael Heyhoe Flint Trophy 2021,1,1067,South East Stars,1064,Northern Diamonds,2021-06-12T10:40:47Z,4,False,7078,Phoebe Graham,422,Alice Davidson-Richards,386,Bryony Smith,90,48,Left,Wicketkeeper,0,0,0,0,LengthBall,Null,NotOut,Missed,0,Drive,Null,Over,Medium,Left,Null,NotReferred,Null,False,False,False,False,False,False,870,False,False,True,False,False,False,0,0,0,0,0,False,False,,,,
403533,4,2.5,2.0,0.0,2.0,10.0,0.0,2.0,11976,,10817,Rachael Heyhoe Flint Trophy 2021,1,1067,South East Stars,1064,Northern Diamonds,2021-06-12T10:41:16Z,5,False,7078,Phoebe Graham,422,Alice Davidson-Richards,386,Bryony Smith,242,96,Left,Mid Off,0,0,0,0,HalfVolley,Null,NotOut,Played,0,Pushed,Null,Over,Medium,Left,Null,NotReferred,Null,False,False,False,False,False,False,870,False,False,True,False,False,False,0,0,0,0,0,False,False,,,,
403533,4,2.5,2.0,0.0,2.0,10.0,0.0,2.0,11976,,10817,Rachael Heyhoe Flint Trophy 2021,1,1067,South East Stars,1064,Northern Diamonds,2021-06-12T10:41:40Z,6,False,7078,Phoebe Graham,422,Alice Davidson-Richards,386,Bryony Smith,90,48,Left,Wicketkeeper,1,1,1,0,LengthBall,Null,NotOut,NoShot,0,Leave,Null,Over,Medium,Left,Null,NotReferred,Null,True,False,False,False,False,False,870,False,False,True,False,False,False,0,0,1,0,0,False,False,,,,
403533,4,2.5,2.0,0.0,2.0,10.0,0.0,2.0,11976,,10817,Rachael Heyhoe Flint Trophy 2021,1,1067,South East Stars,1064,Northern Diamonds,2021-06-12T10:42:10Z,6,False,7078,Phoebe Graham,422,Alice Davidson-Richards,386,Bryony Smith,90,48,Left,Wicketkeeper,0,0,0,0,HalfVolley,Null,NotOut,MissedLegSide,0,Glance,Null,Over,Medium,Left,Null,NotReferred,Null,False,False,False,False,False,False,870,False,False,True,False,False,False,0,0,0,0,0,False,False,,,,
403536,5,3.0,5.0,0.0,0.0,15.0,0.0,5.0,11976,,10817,Rachael Heyhoe Flint Trophy 2021,1,1067,South East Stars,1064,Northern Diamonds,2021-06-12T10:42:59Z,1,False,426,Beth Langston,386,Bryony Smith,422,Alice Davidson-Richards,128,155,Left,Third Man,1,0,1,1,BackOfALength,Null,NotOut,MisTimed,0,Cut,Null,Over,Medium,Left,Null,NotReferred,Null,False,False,False,False,False,False,48,False,False,True,False,False,False,1,0,0,0,0,False,False,,,,
403536,5,3.0,5.0,0.0,0.0,15.0,0.0,5.0,11976,,10817,Rachael Heyhoe Flint Trophy 2021,1,1067,South East Stars,1064,Northern Diamonds,2021-06-12T10:43:36Z,2,False,426,Beth Langston,422,Alice Davidson-Richards,386,Bryony Smith,90,48,Left,Wicketkeeper,0,0,0,0,LengthBall,Null,NotOut,NoShot,0,Leave,Null,Over,Medium,Left,Null,NotReferred,Null,False,False,False,False,False,False,48,False,False,True,False,False,False,0,0,0,0,0,False,False,,,,
403536,5,3.0,5.0,0.0,0.0,15.0,0.0,5.0,11976,,10817,Rachael Heyhoe Flint Trophy 2021,1,1067,South East Stars,1064,Northern Diamonds,2021-06-12T10:44:08Z,3,False,426,Beth Langston,422,Alice Davidson-Richards,386,Bryony Smith,343,200,Left,Deep Mid Wicket,4,0,4,4,BackOfALength,Null,NotOut,HitHard,0,Pull,Null,Over,Medium,Left,Null,NotReferred,Null,False,False,False,False,False,False,48,False,False,True,False,False,False,4,0,0,0,0,False,True,,,,
403536,5,3.0,5.0,0.0,0.0,15.0,0.0,5.0,11976,,10817,Rachael Heyhoe Flint Trophy 2021,1,1067,South East Stars,1064,Northern Diamonds,2021-06-12T10:44:40Z,4,False,426,Beth Langston,422,Alice Davidson-Richards,386,Bryony Smith,189,57,Left,Point,0,0,0,0,HalfVolley,Null,NotOut,Played,0,Pushed,Null,Over,Medium,Left,Null,NotReferred,Null,False,False,False,False,False,False,48,False,False,True,False,False,False,0,0,0,0,0,False,False,,,,
403536,5,3.0,5.0,0.0,0.0,15.0,0.0,5.0,11976,,10817,Rachael Heyhoe Flint Trophy 2021,1,1067,South East Stars,1064,Northern Diamonds,2021-06-12T10:45:12Z,5,False,426,Beth Langston,422,Alice Davidson-Richards,386,Bryony Smith,327,76,Left,Mid Wicket,0,0,0,0,LengthBall,Null,NotOut,Played,0,Pushed,Null,Over,Medium,Left,Null,NotReferred,Null,False,False,False,False,False,False,48,False,False,True,False,False,False,0,0,0,0,0,False,False,,,,
403536,5,3.0,5.0,0.0,0.0,15.0,0.0,5.0,11976,,10817,Rachael Heyhoe Flint Trophy 2021,1,1067,South East Stars,1064,Northern Diamonds,2021-06-12T10:45:50Z,6,False,426,Beth Langston,422,Alice Davidson-Richards,386,Bryony Smith,145,50,Left,Fourth Slip,0,0,0,0,LengthBall,Null,Lbw,HitPad,0,ForwardDefensive,Null,Over,Medium,Left,NotOut1stUmpire,NotReferred,Null,False,False,False,False,False,True,48,False,False,True,False,False,False,0,0,0,0,0,False,False,,,,
403539,6,3.17,4.0,0.0,0.0,19.0,0.0,4.0,11976,,10817,Rachael Heyhoe Flint Trophy 2021,1,1067,South East Stars,1064,Northern Diamonds,2021-06-12T10:46:54Z,1,False,7078,Phoebe Graham,386,Bryony Smith,422,Alice Davidson-Richards,90,48,Left,Wicketkeeper,0,0,0,0,LengthBall,Null,NotOut,Missed,0,Cut,Null,Over,Medium,Left,Null,NotReferred,Null,False,False,False,False,False,False,870,False,False,True,False,False,False,0,0,0,0,0,False,False,,,,
403539,6,3.17,4.0,0.0,0.0,19.0,0.0,4.0,11976,,10817,Rachael Heyhoe Flint Trophy 2021,1,1067,South East Stars,1064,Northern Diamonds,2021-06-12T10:47:24Z,2,False,7078,Phoebe Graham,386,Bryony Smith,422,Alice Davidson-Richards,176,76,Left,Point,0,0,0,0,BackOfALength,Null,NotOut,Played,0,Cut,Null,Over,Medium,Left,Null,NotReferred,Null,False,False,False,False,False,False,870,False,False,True,False,False,False,0,0,0,0,0,False,False,,,,
403539,6,3.17,4.0,0.0,0.0,19.0,0.0,4.0,11976,,10817,Rachael Heyhoe Flint Trophy 2021,1,1067,South East Stars,1064,Northern Diamonds,2021-06-12T10:47:49Z,3,False,7078,Phoebe Graham,386,Bryony Smith,422,Alice Davidson-Richards,300,112,Left,Mid On,0,0,0,0,Yorker,Null,NotOut,Played,0,Pushed,Null,Over,Medium,Left,Null,NotReferred,Null,False,False,False,False,False,False,870,False,False,True,False,False,False,0,0,0,0,0,False,False,,,,
403539,6,3.17,4.0,0.0,0.0,19.0,0.0,4.0,11976,,10817,Rachael Heyhoe Flint Trophy 2021,1,1067,South East Stars,1064,Northern Diamonds,2021-06-12T10:48:17Z,4,False,7078,Phoebe Graham,386,Bryony Smith,422,Alice Davidson-Richards,90,48,Left,Wicketkeeper,0,0,0,0,LengthBall,Null,NotOut,Missed,0,Cut,Null,Over,Medium,Left,Null,NotReferred,Null,False,False,False,False,False,False,870,False,False,True,False,False,False,0,0,0,0,0,False,False,,,,
403539,6,3.17,4.0,0.0,0.0,19.0,0.0,4.0,11976,,10817,Rachael Heyhoe Flint Trophy 2021,1,1067,South East Stars,1064,Northern Diamonds,2021-06-12T10:48:45Z,5,False,7078,Phoebe Graham,386,Bryony Smith,422,Alice Davidson-Richards,164,65,Left,Gully,0,0,0,0,LengthBall,Null,NotOut,Played,0,ForwardDefensive,Null,Over,Medium,Left,Null,NotReferred,Null,False,False,False,False,False,False,870,False,False,True,False,False,False,0,0,0,0,0,False,False,,,,
403539,6,3.17,4.0,0.0,0.0,19.0,0.0,4.0,11976,,10817,Rachael Heyhoe Flint Trophy 2021,1,1067,South East Stars,1064,Northern Diamonds,2021-06-12T10:49:12Z,6,False,7078,Phoebe Graham,386,Bryony Smith,422,Alice Davidson-Richards,18,202,Left,Deep Backward Square Leg,4,0,4,4,BackOfALength,Null,NotOut,HitHard,0,Pull,Null,Over,Medium,Left,Null,NotReferred,Null,False,False,False,False,True,False,870,False,False,True,False,False,False,4,0,0,0,0,False,True,,,,
403541,7,3.14,3.0,0.0,0.0,22.0,0.0,3.0,11976,,10817,Rachael Heyhoe Flint Trophy 2021,1,1067,South East Stars,1064,Northern Diamonds,2021-06-12T10:50:21Z,1,False,426,Beth Langston,422,Alice Davidson-Richards,386,Bryony Smith,90,48,Left,Wicketkeeper,0,0,0,0,LengthBall,Null,NotOut,Missed,0,ForwardDefensive,Null,Over,Medium,Left,Null,NotReferred,Null,False,False,False,False,False,False,48,False,False,True,False,False,False,0,0,0,0,0,False,False,,,,
403541,7,3.14,3.0,0.0,0.0,22.0,0.0,3.0,11976,,10817,Rachael Heyhoe Flint Trophy 2021,1,1067,South East Stars,1064,Northern Diamonds,2021-06-12T10:50:50Z,2,False,426,Beth Langston,422,Alice Davidson-Richards,386,Bryony Smith,279,94,Left,Mid On,1,0,1,1,HalfVolley,Null,NotOut,Played,0,Drive,Null,Over,Medium,Left,Null,NotReferred,Null,False,False,False,False,False,False,48,False,False,True,False,False,False,1,0,0,0,0,False,False,,,,
403541,7,3.14,3.0,0.0,0.0,22.0,0.0,3.0,11976,,10817,Rachael Heyhoe Flint Trophy 2021,1,1067,South East Stars,1064,Northern Diamonds,2021-06-12T10:51:25Z,3,False,426,Beth Langston,386,Bryony Smith,422,Alice Davidson-Richards,324,44,Left,Short Mid Wicket,0,0,0,0,BackOfALength,Null,NotOut,Played,0,Dropped,Null,Over,Medium,Left,Null,NotReferred,Null,False,False,False,False,False,False,48,False,False,True,False,False,False,0,0,0,0,0,False,False,,,,
403541,7,3.14,3.0,0.0,0.0,22.0,0.0,3.0,11976,,10817,Rachael Heyhoe Flint Trophy 2021,1,1067,South East Stars,1064,Northern Diamonds,2021-06-12T10:51:54Z,4,False,426,Beth Langston,386,Bryony Smith,422,Alice Davidson-Richards,166,150,Left,Deep Backward Point,2,0,2,2,BackOfALength,Null,NotOut,Played,0,LateCut,Null,Over,Medium,Left,Null,NotReferred,Null,False,False,False,False,False,False,48,False,False,True,False,False,False,2,0,0,0,0,False,False,,,,
403541,7,3.14,3.0,0.0,0.0,22.0,0.0,3.0,11976,,10817,Rachael Heyhoe Flint Trophy 2021,1,1067,South East Stars,1064,Northern Diamonds,2021-06-12T10:52:40Z,5,False,426,Beth Langston,386,Bryony Smith,422,Alice Davidson-Richards,294,92,Left,Mid On,0,0,0,0,LengthBall,Null,NotOut,Played,0,BackwardDefensive,Null,Over,Medium,Left,Null,NotReferred,Null,False,False,False,False,False,False,48,False,False,True,False,False,False,0,0,0,0,0,False,False,,,,
403541,7,3.14,3.0,0.0,0.0,22.0,0.0,3.0,11976,,10817,Rachael Heyhoe Flint Trophy 2021,1,1067,South East Stars,1064,Northern Diamonds,2021-06-12T10:53:14Z,6,False,426,Beth Langston,386,Bryony Smith,422,Alice Davidson-Richards,315,50,Left,Short Mid Wicket,0,0,0,0,BackOfALength,Null,NotOut,Played,0,Dropped,Null,Over,Medium,Left,Null,NotReferred,Null,False,False,False,False,False,False,48,False,False,True,False,False,False,0,0,0,0,0,False,False,,,,
403544,8,3.25,4.0,0.0,0.0,26.0,0.0,4.0,11976,,10817,Rachael Heyhoe Flint Trophy 2021,1,1067,South East Stars,1064,Northern Diamonds,2021-06-12T10:54:02Z,1,False,7078,Phoebe Graham,422,Alice Davidson-Richards,386,Bryony Smith,242,94,Left,Mid Off,0,0,0,0,HalfVolley,Null,NotOut,MisTimed,0,Drive,Null,Over,Medium,Left,Null,NotReferred,Null,False,False,False,False,False,False,870,False,False,True,False,False,False,0,0,0,0,0,False,False,,,,
403544,8,3.25,4.0,0.0,0.0,26.0,0.0,4.0,11976,,10817,Rachael Heyhoe Flint Trophy 2021,1,1067,South East Stars,1064,Northern Diamonds,2021-06-12T10:54:28Z,2,False,7078,Phoebe Graham,422,Alice Davidson-Richards,386,Bryony Smith,90,48,Left,Wicketkeeper,0,0,0,0,BackOfALength,Null,NotOut,Missed,0,Cut,Null,Over,Medium,Left,Null,NotReferred,Null,False,False,False,False,False,False,870,False,False,True,False,False,False,0,0,0,0,0,False,False,,,,
403544,8,3.25,4.0,0.0,0.0,26.0,0.0,4.0,11976,,10817,Rachael Heyhoe Flint Trophy 2021,1,1067,South East Stars,1064,Northern Diamonds,2021-06-12T10:54:56Z,3,False,7078,Phoebe Graham,422,Alice Davidson-Richards,386,Bryony Smith,161,198,Left,Deep Backward Point,4,0,4,4,HalfVolley,Null,NotOut,HitHard,0,Drive,Null,Over,Medium,Left,Null,NotReferred,Null,False,False,False,False,False,False,870,False,False,True,False,False,False,4,0,0,0,0,False,True,,,,
403544,8,3.25,4.0,0.0,0.0,26.0,0.0,4.0,11976,,10817,Rachael Heyhoe Flint Trophy 2021,1,1067,South East Stars,1064,Northern Diamonds,2021-06-12T10:55:28Z,4,False,7078,Phoebe Graham,422,Alice Davidson-Richards,386,Bryony Smith,90,48,Left,Wicketkeeper,0,0,0,0,LengthBall,Null,NotOut,NoShot,0,Leave,Null,Over,Medium,Left,Null,NotReferred,Null,False,False,False,False,False,False,870,False,False,True,False,False,False,0,0,0,0,0,False,False,,,,
403544,8,3.25,4.0,0.0,0.0,26.0,0.0,4.0,11976,,10817,Rachael Heyhoe Flint Trophy 2021,1,1067,South East Stars,1064,Northern Diamonds,2021-06-12T10:55:56Z,5,False,7078,Phoebe Graham,422,Alice Davidson-Richards,386,Bryony Smith,296,101,Left,Mid On,0,0,0,0,HalfVolley,Null,NotOut,Played,0,Pushed,Null,Over,Medium,Left,Null,NotReferred,Null,False,False,False,False,False,False,870,False,False,True,False,False,False,0,0,0,0,0,False,False,,,,
403544,8,3.25,4.0,0.0,0.0,26.0,0.0,4.0,11976,,10817,Rachael Heyhoe Flint Trophy 2021,1,1067,South East Stars,1064,Northern Diamonds,2021-06-12T10:56:22Z,6,False,7078,Phoebe Graham,422,Alice Davidson-Richards,386,Bryony Smith,270,40,Left,Bowler,0,0,0,0,Yorker,Null,NotOut,Played,0,ForwardDefensive,Null,Over,Medium,Left,Null,NotReferred,Null,False,False,False,False,False,False,870,False,False,True,False,False,False,0,0,0,0,0,False,False,,,,
403547,9,3.78,8.0,0.0,0.0,34.0,0.0,8.0,11976,,10817,Rachael Heyhoe Flint Trophy 2021,1,1067,South East Stars,1064,Northern Diamonds,2021-06-12T10:57:12Z,1,False,426,Beth Langston,386,Bryony Smith,422,Alice Davidson-Richards,326,162,Left,Deep Mid Wicket,2,0,2,2,BackOfALength,Null,NotOut,Played,0,Worked,Null,Over,Medium,Left,Null,NotReferred,Null,False,False,False,False,False,False,48,False,False,True,False,False,False,2,0,0,0,0,False,False,,,,
403547,9,3.78,8.0,0.0,0.0,34.0,0.0,8.0,11976,,10817,Rachael Heyhoe Flint Trophy 2021,1,1067,South East Stars,1064,Northern Diamonds,2021-06-12T10:57:55Z,2,False,426,Beth Langston,386,Bryony Smith,422,Alice Davidson-Richards,276,205,Left,Long On,4,0,4,4,HalfVolley,Null,NotOut,HitHard,0,Drive,Null,Over,Medium,Left,Null,NotReferred,Null,False,False,False,False,False,False,48,False,False,True,False,False,False,4,0,0,0,0,False,True,,,,
403547,9,3.78,8.0,0.0,0.0,34.0,0.0,8.0,11976,,10817,Rachael Heyhoe Flint Trophy 2021,1,1067,South East Stars,1064,Northern Diamonds,2021-06-12T10:58:32Z,3,False,426,Beth Langston,386,Bryony Smith,422,Alice Davidson-Richards,311,50,Left,Short Mid Wicket,0,0,0,0,BackOfALength,Null,NotOut,Played,0,Dropped,Null,Over,Medium,Left,Null,NotReferred,Null,False,False,False,False,False,False,48,False,False,True,False,False,False,0,0,0,0,0,False,False,,,,
403547,9,3.78,8.0,0.0,0.0,34.0,0.0,8.0,11976,,10817,Rachael Heyhoe Flint Trophy 2021,1,1067,South East Stars,1064,Northern Diamonds,2021-06-12T10:59:02Z,4,False,426,Beth Langston,386,Bryony Smith,422,Alice Davidson-Richards,322,62,Left,Short Mid Wicket,0,0,0,0,BackOfALength,Null,NotOut,Played,0,Dropped,Null,Over,Medium,Left,Null,NotReferred,Null,False,False,False,False,False,False,48,False,False,True,False,False,False,0,0,0,0,0,False,False,,,,
403547,9,3.78,8.0,0.0,0.0,34.0,0.0,8.0,11976,,10817,Rachael Heyhoe Flint Trophy 2021,1,1067,South East Stars,1064,Northern Diamonds,2021-06-12T10:59:32Z,5,False,426,Beth Langston,386,Bryony Smith,422,Alice Davidson-Richards,172,70,Left,Point,0,0,0,0,LengthBall,Null,NotOut,Played,0,Steer,Null,Over,Medium,Left,Null,NotReferred,Null,False,False,False,False,False,False,48,False,False,True,False,False,False,0,0,0,0,0,False,False,,,,
403547,9,3.78,8.0,0.0,0.0,34.0,0.0,8.0,11976,,10817,Rachael Heyhoe Flint Trophy 2021,1,1067,South East Stars,1064,Northern Diamonds,2021-06-12T11:00:03Z,6,False,426,Beth Langston,386,Bryony Smith,422,Alice Davidson-Richards,162,143,Left,Deep Backward Point,2,0,2,2,LengthBall,Null,NotOut,MisTimed,0,Drive,Null,Over,Medium,Left,Null,NotReferred,Null,False,False,False,False,False,False,48,False,False,True,False,False,False,2,0,0,0,0,False,False,,,,
403550,10,3.8,4.0,0.0,0.0,38.0,0.0,4.0,11976,,10817,Rachael Heyhoe Flint Trophy 2021,1,1067,South East Stars,1064,Northern Diamonds,2021-06-12T11:00:56Z,1,False,7078,Phoebe Graham,422,Alice Davidson-Richards,386,Bryony Smith,163,184,Left,Deep Backward Point,4,0,4,4,BackOfALength,Null,NotOut,Played,0,LateCut,Null,Over,Medium,Left,Null,NotReferred,Null,False,False,False,False,False,False,870,False,False,True,False,False,False,4,0,0,0,0,False,True,,,,
403550,10,3.8,4.0,0.0,0.0,38.0,0.0,4.0,11976,,10817,Rachael Heyhoe Flint Trophy 2021,1,1067,South East Stars,1064,Northern Diamonds,2021-06-12T11:01:29Z,2,False,7078,Phoebe Graham,422,Alice Davidson-Richards,386,Bryony Smith,270,40,Left,Bowler,0,0,0,0,BackOfALength,Null,NotOut,Played,0,BackwardDefensive,Null,Over,Medium,Left,Null,NotReferred,Null,False,False,False,False,False,False,870,False,False,True,False,False,False,0,0,0,0,0,False,False,,,,
403550,10,3.8,4.0,0.0,0.0,38.0,0.0,4.0,11976,,10817,Rachael Heyhoe Flint Trophy 2021,1,1067,South East Stars,1064,Northern Diamonds,2021-06-12T11:01:56Z,3,False,7078,Phoebe Graham,422,Alice Davidson-Richards,386,Bryony Smith,214,87,Left,Extra Cover,0,0,0,0,LengthBall,Null,NotOut,MisTimed,0,Drive,Null,Over,Medium,Left,Null,NotReferred,Null,False,False,False,False,False,False,870,False,False,True,False,False,False,0,0,0,0,0,False,False,,,,
403550,10,3.8,4.0,0.0,0.0,38.0,0.0,4.0,11976,,10817,Rachael Heyhoe Flint Trophy 2021,1,1067,South East Stars,1064,Northern Diamonds,2021-06-12T11:02:22Z,4,False,7078,Phoebe Graham,422,Alice Davidson-Richards,386,Bryony Smith,90,48,Left,Wicketkeeper,0,0,0,0,BackOfALength,Null,NotOut,Missed,0,Cut,Null,Over,Medium,Left,Null,NotReferred,Null,False,False,False,False,False,False,870,False,False,True,False,False,False,0,0,0,0,0,False,False,,,,
403550,10,3.8,4.0,0.0,0.0,38.0,0.0,4.0,11976,,10817,Rachael Heyhoe Flint Trophy 2021,1,1067,South East Stars,1064,Northern Diamonds,2021-06-12T11:02:52Z,5,False,7078,Phoebe Graham,422,Alice Davidson-Richards,386,Bryony Smith,90,48,Left,Wicketkeeper,0,0,0,0,LengthBall,Null,NotOut,Missed,0,ForwardDefensive,Null,Over,Medium,Left,Null,NotReferred,Null,False,False,False,False,False,False,870,False,False,True,False,False,False,0,0,0,0,0,False,False,,,,
403550,10,3.8,4.0,0.0,0.0,38.0,0.0,4.0,11976,,10817,Rachael Heyhoe Flint Trophy 2021,1,1067,South East Stars,1064,Northern Diamonds,2021-06-12T11:03:22Z,6,False,7078,Phoebe Graham,422,Alice Davidson-Richards,386,Bryony Smith,199,43,Left,Point,0,0,0,0,Yorker,Null,NotOut,Played,0,ForwardDefensive,Null,Over,Medium,Left,Null,NotReferred,Null,False,False,False,False,False,False,870,False,False,True,False,False,False,0,0,0,0,0,False,False,,,,
403554,11,3.82,4.0,0.0,3.0,42.0,0.0,4.0,11976,,10817,Rachael Heyhoe Flint Trophy 2021,1,1067,South East Stars,1064,Northern Diamonds,2021-06-12T11:04:34Z,1,False,413,Jenny Gunn,386,Bryony Smith,422,Alice Davidson-Richards,341,78,Left,Mid Wicket,0,0,0,0,BackOfALength,Null,NotOut,MisTimed,0,Worked,Null,Over,Fast,Left,Null,NotReferred,Null,False,False,False,False,False,False,48,False,False,False,False,False,False,0,0,0,0,0,False,False,,,,
403554,11,3.82,4.0,0.0,3.0,42.0,0.0,4.0,11976,,10817,Rachael Heyhoe Flint Trophy 2021,1,1067,South East Stars,1064,Northern Diamonds,2021-06-12T11:04:57Z,2,False,413,Jenny Gunn,386,Bryony Smith,422,Alice Davidson-Richards,270,40,Left,Bowler,0,0,0,0,HalfVolley,Null,NotOut,Played,0,Pushed,Null,Over,Fast,Left,Null,NotReferred,Null,False,False,False,False,False,False,48,False,False,False,False,False,False,0,0,0,0,0,False,False,,,,
403554,11,3.82,4.0,0.0,3.0,42.0,0.0,4.0,11976,,10817,Rachael Heyhoe Flint Trophy 2021,1,1067,South East Stars,1064,Northern Diamonds,2021-06-12T11:05:16Z,3,False,413,Jenny Gunn,386,Bryony Smith,422,Alice Davidson-Richards,46,137,Left,Fine Leg,1,0,1,1,LengthBall,Null,NotOut,Played,0,Sweep,Null,Over,Fast,Left,Null,NotReferred,Null,False,False,False,False,False,False,48,False,False,False,False,False,False,1,0,0,0,0,False,False,,,,
403554,11,3.82,4.0,0.0,3.0,42.0,0.0,4.0,11976,,10817,Rachael Heyhoe Flint Trophy 2021,1,1067,South East Stars,1064,Northern Diamonds,2021-06-12T11:05:41Z,4,False,413,Jenny Gunn,422,Alice Davidson-Richards,386,Bryony Smith,78,148,Left,Fine Leg,3,3,3,0,LengthBall,Null,NotOut,MissedLegSide,0,Glance,Null,Over,Fast,Left,Null,NotReferred,Null,True,False,False,False,False,False,48,False,False,False,False,False,False,0,0,3,0,0,False,False,,,,
403554,11,3.82,4.0,0.0,3.0,42.0,0.0,4.0,11976,,10817,Rachael Heyhoe Flint Trophy 2021,1,1067,South East Stars,1064,Northern Diamonds,2021-06-12T11:06:14Z,4,False,413,Jenny Gunn,422,Alice Davidson-Richards,386,Bryony Smith,338,74,Left,Mid Wicket,0,0,0,0,LengthBall,Null,NotOut,Played,0,Worked,Null,Over,Fast,Left,Null,NotReferred,Null,False,False,False,False,False,False,48,False,False,False,False,False,False,0,0,0,0,0,False,False,,,,
403554,11,3.82,4.0,0.0,3.0,42.0,0.0,4.0,11976,,10817,Rachael Heyhoe Flint Trophy 2021,1,1067,South East Stars,1064,Northern Diamonds,2021-06-12T11:06:34Z,5,False,413,Jenny Gunn,422,Alice Davidson-Richards,386,Bryony Smith,329,65,Left,Mid Wicket,0,0,0,0,LengthBall,Null,NotOut,Played,0,ForwardDefensive,Null,Over,Fast,Left,Null,NotReferred,Null,False,False,False,False,False,False,48,False,False,False,False,False,False,0,0,0,0,0,False,False,,,,
403554,11,3.82,4.0,0.0,3.0,42.0,0.0,4.0,11976,,10817,Rachael Heyhoe Flint Trophy 2021,1,1067,South East Stars,1064,Northern Diamonds,2021-06-12T11:06:56Z,6,False,413,Jenny Gunn,422,Alice Davidson-Richards,386,Bryony Smith,241,99,Left,Mid Off,0,0,0,0,LengthBall,Null,NotOut,Played,0,Drive,Null,Over,Fast,Left,Null,NotReferred,Null,False,False,False,False,False,False,48,False,False,False,False,False,False,0,0,0,0,0,False,False,,,,
403556,12,4.17,8.0,0.0,0.0,50.0,0.0,8.0,11976,,10817,Rachael Heyhoe Flint Trophy 2021,1,1067,South East Stars,1064,Northern Diamonds,2021-06-12T11:07:55Z,1,False,428,Katie Levick,386,Bryony Smith,422,Alice Davidson-Richards,15,85,Left,Backward Square Leg,0,0,0,0,LengthBall,Null,NotOut,Played,0,Sweep,Null,Over,LegSpin,Left,Null,NotReferred,Null,False,False,False,False,False,False,870,False,False,False,False,False,False,0,0,0,0,0,False,False,,,,
403556,12,4.17,8.0,0.0,0.0,50.0,0.0,8.0,11976,,10817,Rachael Heyhoe Flint Trophy 2021,1,1067,South East Stars,1064,Northern Diamonds,2021-06-12T11:08:13Z,2,False,428,Katie Levick,386,Bryony Smith,422,Alice Davidson-Richards,309,215,Left,Long On,4,0,4,4,HalfVolley,Null,NotOut,HitHard,0,Slog,Null,Over,LegSpin,Left,Null,NotReferred,Null,False,False,False,False,False,False,870,False,False,False,False,False,False,4,0,0,0,0,False,True,,,,
403556,12,4.17,8.0,0.0,0.0,50.0,0.0,8.0,11976,,10817,Rachael Heyhoe Flint Trophy 2021,1,1067,South East Stars,1064,Northern Diamonds,2021-06-12T11:08:41Z,3,False,428,Katie Levick,386,Bryony Smith,422,Alice Davidson-Richards,90,48,Left,Wicketkeeper,0,0,0,0,LengthBall,Null,NotOut,NoShot,0,Leave,Null,Over,LegSpin,Left,Null,NotReferred,Null,False,False,False,False,False,False,870,False,False,False,False,False,False,0,0,0,0,0,False,False,,,,
403556,12,4.17,8.0,0.0,0.0,50.0,0.0,8.0,11976,,10817,Rachael Heyhoe Flint Trophy 2021,1,1067,South East Stars,1064,Northern Diamonds,2021-06-12T11:08:58Z,4,False,428,Katie Levick,386,Bryony Smith,422,Alice Davidson-Richards,28,73,Left,Leg Gully,0,0,0,0,LengthBall,Null,NotOut,Played,0,Sweep,Null,Over,LegSpin,Left,Null,NotReferred,Null,False,False,False,False,False,False,870,False,False,False,False,False,False,0,0,0,0,0,False,False,,,,
403556,12,4.17,8.0,0.0,0.0,50.0,0.0,8.0,11976,,10817,Rachael Heyhoe Flint Trophy 2021,1,1067,South East Stars,1064,Northern Diamonds,2021-06-12T11:09:15Z,5,False,428,Katie Levick,386,Bryony Smith,422,Alice Davidson-Richards,342,203,Left,Deep Mid Wicket,4,0,4,4,BackOfALength,Null,NotOut,HitHard,0,Pull,Null,Over,LegSpin,Left,Null,NotReferred,Null,False,False,False,False,False,False,870,False,False,False,False,False,False,4,0,0,0,0,False,True,,,,
403556,12,4.17,8.0,0.0,0.0,50.0,0.0,8.0,11976,,10817,Rachael Heyhoe Flint Trophy 2021,1,1067,South East Stars,1064,Northern Diamonds,2021-06-12T11:09:49Z,6,False,428,Katie Levick,386,Bryony Smith,422,Alice Davidson-Richards,222,91,Left,Extra Cover,0,0,0,0,HalfVolley,Null,NotOut,Played,0,Drive,Null,Over,LegSpin,Left,Null,NotReferred,Null,False,False,False,False,False,False,870,False,False,False,False,False,False,0,0,0,0,0,False,False,,,,
403559,13,3.85,0.0,1.0,0.0,50.0,1.0,0.0,11976,,10817,Rachael Heyhoe Flint Trophy 2021,1,1067,South East Stars,1064,Northern Diamonds,2021-06-12T11:10:46Z,1,False,413,Jenny Gunn,422,Alice Davidson-Richards,386,Bryony Smith,203,37,Left,Short Extra Cover,0,0,0,0,LengthBall,Null,NotOut,Played,0,ForwardDefensive,Null,Over,Fast,Left,Null,NotReferred,Null,False,False,False,False,False,False,48,False,False,False,False,False,False,0,0,0,0,0,False,False,,,,
403559,13,3.85,0.0,1.0,0.0,50.0,1.0,0.0,11976,,10817,Rachael Heyhoe Flint Trophy 2021,1,1067,South East Stars,1064,Northern Diamonds,2021-06-12T11:11:08Z,2,False,413,Jenny Gunn,422,Alice Davidson-Richards,386,Bryony Smith,212,55,Left,Short Extra Cover,0,0,0,0,LengthBall,Null,NotOut,Played,0,ForwardDefensive,Null,Over,Fast,Left,Null,NotReferred,Null,False,False,False,False,False,False,48,False,False,False,False,False,False,0,0,0,0,0,False,False,,,,
403559,13,3.85,0.0,1.0,0.0,50.0,1.0,0.0,11976,,10817,Rachael Heyhoe Flint Trophy 2021,1,1067,South East Stars,1064,Northern Diamonds,2021-06-12T11:11:31Z,3,False,413,Jenny Gunn,422,Alice Davidson-Richards,386,Bryony Smith,356,88,Left,Square Leg,0,0,0,0,LengthBall,Null,NotOut,Played,0,Worked,Null,Over,Fast,Left,Null,NotReferred,Null,False,False,False,False,False,False,48,False,False,False,False,False,False,0,0,0,0,0,False,False,,,,
403559,13,3.85,0.0,1.0,0.0,50.0,1.0,0.0,11976,,10817,Rachael Heyhoe Flint Trophy 2021,1,1067,South East Stars,1064,Northern Diamonds,2021-06-12T11:11:58Z,4,True,413,Jenny Gunn,422,Alice Davidson-Richards,386,Bryony Smith,285,8,Left,Short Leg,0,0,0,0,LengthBall,Null,NotOut,InsideEdge,0,Drive,Null,Over,Fast,Left,Out1stUmpire,NotReferred,Null,False,False,False,False,False,False,48,False,False,False,False,False,False,0,0,0,0,0,False,False,Bowled,422.0,Alice Davidson-Richards,Bowled
403559,13,3.85,0.0,1.0,0.0,50.0,1.0,0.0,11976,,10817,Rachael Heyhoe Flint Trophy 2021,1,1067,South East Stars,1064,Northern Diamonds,2021-06-12T11:13:46Z,5,False,413,Jenny Gunn,6981,Chloe Brewer,386,Bryony Smith,90,48,Left,Wicketkeeper,0,0,0,0,LengthBall,Null,NotOut,NoShot,0,Leave,Null,Over,Fast,Left,Null,NotReferred,Null,False,False,False,False,False,False,48,False,False,False,False,False,False,0,0,0,0,0,False,False,,,,
403559,13,3.85,0.0,1.0,0.0,50.0,1.0,0.0,11976,,10817,Rachael Heyhoe Flint Trophy 2021,1,1067,South East Stars,1064,Northern Diamonds,2021-06-12T11:14:06Z,6,False,413,Jenny Gunn,6981,Chloe Brewer,386,Bryony Smith,179,60,Left,Point,0,0,0,0,LengthBall,Null,NotOut,Played,0,ForwardDefensive,Null,Over,Fast,Left,Null,NotReferred,Null,False,False,False,False,False,False,48,False,False,False,False,False,False,0,0,0,0,0,False,False,,,,
403564,14,3.71,1.0,1.0,1.0,52.0,2.0,2.0,11976,,10817,Rachael Heyhoe Flint Trophy 2021,1,1067,South East Stars,1064,Northern Diamonds,2021-06-12T11:14:58Z,1,True,428,Katie Levick,386,Bryony Smith,6981,Chloe Brewer,230,4,Left,Silly Point,0,0,0,0,LengthBall,Null,NotOut,Missed,0,Flick,Null,Over,LegSpin,Left,Out1stUmpire,NotReferred,Null,False,False,False,False,False,False,48,False,False,False,False,False,False,0,0,0,0,0,False,False,Bowled,386.0,Bryony Smith,Bowled
403564,14,3.71,1.0,1.0,1.0,52.0,2.0,2.0,11976,,10817,Rachael Heyhoe Flint Trophy 2021,1,1067,South East Stars,1064,Northern Diamonds,2021-06-12T11:16:38Z,2,False,428,Katie Levick,6978,Kirstie White,6981,Chloe Brewer,35,97,Left,Backward Square Leg,0,1,1,0,LengthBall,Null,NotOut,Played,0,Glance,Null,Over,LegSpin,Left,Null,NotReferred,Null,False,False,False,True,False,False,870,False,False,False,False,False,False,0,0,0,1,0,False,False,,,,
403564,14,3.71,1.0,1.0,1.0,52.0,2.0,2.0,11976,,10817,Rachael Heyhoe Flint Trophy 2021,1,1067,South East Stars,1064,Northern Diamonds,2021-06-12T11:17:04Z,3,False,428,Katie Levick,6981,Chloe Brewer,6978,Kirstie White,196,132,Left,Deep Cover,1,0,1,1,LengthBall,Null,NotOut,Played,0,Drive,Null,Over,LegSpin,Left,Null,NotReferred,Null,False,False,False,False,False,False,870,False,False,False,False,False,False,1,0,0,0,0,False,False,,,,
403564,14,3.71,1.0,1.0,1.0,52.0,2.0,2.0,11976,,10817,Rachael Heyhoe Flint Trophy 2021,1,1067,South East Stars,1064,Northern Diamonds,2021-06-12T11:17:37Z,4,False,428,Katie Levick,6978,Kirstie White,6981,Chloe Brewer,15,66,Left,Leg Gully,0,0,0,0,HalfVolley,Null,NotOut,Played,0,Worked,Null,Over,LegSpin,Left,Null,NotReferred,Null,False,False,False,False,False,False,870,False,False,False,False,False,False,0,0,0,0,0,False,False,,,,
403564,14,3.71,1.0,1.0,1.0,52.0,2.0,2.0,11976,,10817,Rachael Heyhoe Flint Trophy 2021,1,1067,South East Stars,1064,Northern Diamonds,2021-06-12T11:17:57Z,5,False,428,Katie Levick,6978,Kirstie White,6981,Chloe Brewer,270,40,Left,Bowler,0,0,0,0,HalfVolley,Null,NotOut,Played,0,ForwardDefensive,Null,Over,LegSpin,Left,Null,NotReferred,Null,False,False,False,False,False,False,870,False,False,False,False,False,False,0,0,0,0,0,False,False,,,,
403564,14,3.71,1.0,1.0,1.0,52.0,2.0,2.0,11976,,10817,Rachael Heyhoe Flint Trophy 2021,1,1067,South East Stars,1064,Northern Diamonds,2021-06-12T11:18:14Z,6,False,428,Katie Levick,6978,Kirstie White,6981,Chloe Brewer,217,46,Left,Short Extra Cover,0,0,0,0,LengthBall,Null,NotOut,Played,0,ForwardDefensive,Null,Over,LegSpin,Left,Null,NotReferred,Null,False,False,False,False,False,False,870,False,False,False,False,False,False,0,0,0,0,0,False,False,,,,
403569,15,3.73,4.0,0.0,3.0,56.0,2.0,4.0,11976,,10817,Rachael Heyhoe Flint Trophy 2021,1,1067,South East Stars,1064,Northern Diamonds,2021-06-12T11:18:58Z,1,False,413,Jenny Gunn,6981,Chloe Brewer,6978,Kirstie White,90,48,Left,Wicketkeeper,0,0,0,0,LengthBall,Null,NotOut,Missed,0,ForwardDefensive,Null,Over,Fast,Left,Null,NotReferred,Null,False,False,False,False,False,False,48,False,False,False,False,False,False,0,0,0,0,0,False,False,,,,
403569,15,3.73,4.0,0.0,3.0,56.0,2.0,4.0,11976,,10817,Rachael Heyhoe Flint Trophy 2021,1,1067,South East Stars,1064,Northern Diamonds,2021-06-12T11:19:16Z,2,False,413,Jenny Gunn,6981,Chloe Brewer,6978,Kirstie White,330,71,Left,Mid Wicket,0,0,0,0,LengthBall,Null,NotOut,Played,0,Pushed,Null,Over,Fast,Left,Null,NotReferred,Null,False,False,False,False,False,False,48,False,False,False,False,False,False,0,0,0,0,0,False,False,,,,
403569,15,3.73,4.0,0.0,3.0,56.0,2.0,4.0,11976,,10817,Rachael Heyhoe Flint Trophy 2021,1,1067,South East Stars,1064,Northern Diamonds,2021-06-12T11:19:40Z,3,False,413,Jenny Gunn,6981,Chloe Brewer,6978,Kirstie White,150,69,Left,Fourth Slip,1,0,1,1,LengthBall,Null,NotOut,Played,0,Steer,Null,Over,Fast,Left,Null,NotReferred,Null,False,False,False,False,False,False,48,False,False,False,False,False,False,1,0,0,0,0,False,False,,,,
403569,15,3.73,4.0,0.0,3.0,56.0,2.0,4.0,11976,,10817,Rachael Heyhoe Flint Trophy 2021,1,1067,South East Stars,1064,Northern Diamonds,2021-06-12T11:20:14Z,4,False,413,Jenny Gunn,6978,Kirstie White,6981,Chloe Brewer,49,99,Left,Short Fine Leg,2,2,2,0,LengthBall,Null,NotOut,MissedLegSide,0,Glance,Null,Over,Fast,Left,Null,NotReferred,Null,True,False,False,False,False,False,48,False,False,False,False,False,False,0,0,2,0,0,False,False,,,,
403569,15,3.73,4.0,0.0,3.0,56.0,2.0,4.0,11976,,10817,Rachael Heyhoe Flint Trophy 2021,1,1067,South East Stars,1064,Northern Diamonds,2021-06-12T11:20:41Z,4,False,413,Jenny Gunn,6981,Chloe Brewer,6978,Kirstie White,90,48,Left,Wicketkeeper,1,1,1,0,LengthBall,Null,NotOut,NoShot,0,Leave,Null,Over,Fast,Left,Null,NotReferred,Null,True,False,False,False,False,False,48,False,False,False,False,False,False,0,0,1,0,0,False,False,,,,
403569,15,3.73,4.0,0.0,3.0,56.0,2.0,4.0,11976,,10817,Rachael Heyhoe Flint Trophy 2021,1,1067,South East Stars,1064,Northern Diamonds,2021-06-12T11:21:09Z,4,False,413,Jenny Gunn,6981,Chloe Brewer,6978,Kirstie White,270,40,Left,Bowler,0,0,0,0,LengthBall,Null,NotOut,Played,0,ForwardDefensive,Null,Over,Fast,Left,Null,NotReferred,Null,False,False,False,False,False,False,48,False,False,False,False,False,False,0,0,0,0,0,False,False,,,,
403569,15,3.73,4.0,0.0,3.0,56.0,2.0,4.0,11976,,10817,Rachael Heyhoe Flint Trophy 2021,1,1067,South East Stars,1064,Northern Diamonds,2021-06-12T11:21:40Z,5,False,413,Jenny Gunn,6981,Chloe Brewer,6978,Kirstie White,243,71,Left,Mid Off,0,0,0,0,LengthBall,Null,NotOut,Played,0,ForwardDefensive,Null,Over,Fast,Left,Null,NotReferred,Null,False,False,False,False,False,False,48,False,False,False,False,False,False,0,0,0,0,0,False,False,,,,
403569,15,3.73,4.0,0.0,3.0,56.0,2.0,4.0,11976,,10817,Rachael Heyhoe Flint Trophy 2021,1,1067,South East Stars,1064,Northern Diamonds,2021-06-12T11:22:05Z,6,False,413,Jenny Gunn,6981,Chloe Brewer,6978,Kirstie White,207,84,Left,Extra Cover,0,0,0,0,LengthBall,Null,NotOut,Played,0,Pushed,Null,Over,Fast,Left,Null,NotReferred,Null,False,False,False,False,False,False,48,False,False,False,False,False,False,0,0,0,0,0,False,False,,,,
403573,16,3.75,4.0,0.0,1.0,60.0,2.0,4.0,11976,,10817,Rachael Heyhoe Flint Trophy 2021,1,1067,South East Stars,1064,Northern Diamonds,2021-06-12T11:22:57Z,1,False,428,Katie Levick,6978,Kirstie White,6981,Chloe Brewer,90,48,Left,Wicketkeeper,0,0,0,0,LengthBall,Null,NotOut,NoShot,0,Leave,Null,Over,LegSpin,Left,Null,NotReferred,Null,False,False,False,False,False,False,870,False,False,False,False,False,False,0,0,0,0,0,False,False,,,,
403573,16,3.75,4.0,0.0,1.0,60.0,2.0,4.0,11976,,10817,Rachael Heyhoe Flint Trophy 2021,1,1067,South East Stars,1064,Northern Diamonds,2021-06-12T11:23:16Z,2,False,428,Katie Levick,6978,Kirstie White,6981,Chloe Brewer,191,107,Left,Cover,1,0,1,1,LengthBall,Null,NotOut,Played,0,LateCut,Null,Over,LegSpin,Left,Null,NotReferred,Null,False,False,False,False,False,False,870,False,False,False,False,False,False,1,0,0,0,0,False,False,,,,
403573,16,3.75,4.0,0.0,1.0,60.0,2.0,4.0,11976,,10817,Rachael Heyhoe Flint Trophy 2021,1,1067,South East Stars,1064,Northern Diamonds,2021-06-12T11:23:36Z,3,False,428,Katie Levick,6981,Chloe Brewer,6978,Kirstie White,160,43,Left,Gully,0,0,0,0,LengthBall,Null,NotOut,Played,0,BackwardDefensive,Null,Over,LegSpin,Left,Null,NotReferred,Null,False,False,False,False,False,False,870,False,False,False,False,False,False,0,0,0,0,0,False,False,,,,
403573,16,3.75,4.0,0.0,1.0,60.0,2.0,4.0,11976,,10817,Rachael Heyhoe Flint Trophy 2021,1,1067,South East Stars,1064,Northern Diamonds,2021-06-12T11:23:52Z,4,False,428,Katie Levick,6981,Chloe Brewer,6978,Kirstie White,66,27,Left,Leg Slip,1,1,1,0,Yorker,Null,NotOut,Missed,0,Sweep,Null,Over,LegSpin,Left,Null,NotReferred,Null,True,False,False,False,False,False,870,False,False,False,False,False,False,0,0,1,0,0,False,False,,,,
403573,16,3.75,4.0,0.0,1.0,60.0,2.0,4.0,11976,,10817,Rachael Heyhoe Flint Trophy 2021,1,1067,South East Stars,1064,Northern Diamonds,2021-06-12T11:24:06Z,4,False,428,Katie Levick,6981,Chloe Brewer,6978,Kirstie White,90,48,Left,Wicketkeeper,0,0,0,0,HalfVolley,Null,NotOut,Missed,0,Drive,Null,Over,LegSpin,Left,Null,NotReferred,Null,False,False,False,False,False,False,870,False,False,False,False,False,False,0,0,0,0,0,False,False,,,,
403573,16,3.75,4.0,0.0,1.0,60.0,2.0,4.0,11976,,10817,Rachael Heyhoe Flint Trophy 2021,1,1067,South East Stars,1064,Northern Diamonds,2021-06-12T11:24:36Z,5,False,428,Katie Levick,6981,Chloe Brewer,6978,Kirstie White,61,145,Left,Fine Leg,2,0,2,2,LengthBall,Null,NotOut,Played,0,Worked,Null,Over,LegSpin,Left,Null,NotReferred,Null,False,False,False,False,False,False,870,False,False,False,False,False,False,2,0,0,0,0,False,False,,,,
403573,16,3.75,4.0,0.0,1.0,60.0,2.0,4.0,11976,,10817,Rachael Heyhoe Flint Trophy 2021,1,1067,South East Stars,1064,Northern Diamonds,2021-06-12T11:25:02Z,6,False,428,Katie Levick,6981,Chloe Brewer,6978,Kirstie White,90,48,Left,Wicketkeeper,0,0,0,0,LengthBall,Null,NotOut,Missed,0,Sweep,Null,Over,LegSpin,Left,Null,NotReferred,Null,False,False,False,False,False,False,870,False,False,False,False,False,False,0,0,0,0,0,False,False,,,,
403577,17,3.76,4.0,0.0,0.0,64.0,2.0,4.0,11976,,10817,Rachael Heyhoe Flint Trophy 2021,1,1067,South East Stars,1064,Northern Diamonds,2021-06-12T11:25:49Z,1,False,413,Jenny Gunn,6978,Kirstie White,6981,Chloe Brewer,358,55,Left,Short Mid Wicket,0,0,0,0,LengthBall,Null,NotOut,Played,0,ForwardDefensive,Null,Over,Fast,Left,Null,NotReferred,Null,False,False,False,False,False,False,48,False,False,False,False,False,False,0,0,0,0,0,False,False,,,,
403577,17,3.76,4.0,0.0,0.0,64.0,2.0,4.0,11976,,10817,Rachael Heyhoe Flint Trophy 2021,1,1067,South East Stars,1064,Northern Diamonds,2021-06-12T11:26:12Z,2,False,413,Jenny Gunn,6978,Kirstie White,6981,Chloe Brewer,158,191,Left,Deep Backward Point,4,0,4,4,LengthBall,Null,NotOut,HitHard,0,LateCut,Null,Over,Fast,Left,Null,NotReferred,Null,False,False,False,False,False,False,48,False,False,False,False,False,False,4,0,0,0,0,False,True,,,,
403577,17,3.76,4.0,0.0,0.0,64.0,2.0,4.0,11976,,10817,Rachael Heyhoe Flint Trophy 2021,1,1067,South East Stars,1064,Northern Diamonds,2021-06-12T11:26:43Z,3,False,413,Jenny Gunn,6978,Kirstie White,6981,Chloe Brewer,211,88,Left,Extra Cover,0,0,0,0,HalfVolley,Null,NotOut,Played,0,Drive,Null,Over,Fast,Left,Null,NotReferred,Null,False,False,False,False,False,False,48,False,False,False,False,False,False,0,0,0,0,0,False,False,,,,
403577,17,3.76,4.0,0.0,0.0,64.0,2.0,4.0,11976,,10817,Rachael Heyhoe Flint Trophy 2021,1,1067,South East Stars,1064,Northern Diamonds,2021-06-12T11:27:07Z,4,False,413,Jenny Gunn,6978,Kirstie White,6981,Chloe Brewer,90,48,Left,Wicketkeeper,0,0,0,0,LengthBall,Null,NotOut,NoShot,0,Leave,Null,Over,Fast,Left,Null,NotReferred,Null,False,False,False,False,False,False,48,False,False,False,False,False,False,0,0,0,0,0,False,False,,,,
403577,17,3.76,4.0,0.0,0.0,64.0,2.0,4.0,11976,,10817,Rachael Heyhoe Flint Trophy 2021,1,1067,South East Stars,1064,Northern Diamonds,2021-06-12T11:27:28Z,5,False,413,Jenny Gunn,6978,Kirstie White,6981,Chloe Brewer,336,62,Left,Short Mid Wicket,0,0,0,0,LengthBall,Null,NotOut,Played,0,Worked,Null,Over,Fast,Left,Null,NotReferred,Null,False,False,False,False,False,False,48,False,False,False,False,False,False,0,0,0,0,0,False,False,,,,
403577,17,3.76,4.0,0.0,0.0,64.0,2.0,4.0,11976,,10817,Rachael Heyhoe Flint Trophy 2021,1,1067,South East Stars,1064,Northern Diamonds,2021-06-12T11:27:51Z,6,False,413,Jenny Gunn,6978,Kirstie White,6981,Chloe Brewer,193,45,Left,Point,0,0,0,0,LengthBall,Null,NotOut,Played,0,ForwardDefensive,Null,Over,Fast,Left,Null,NotReferred,Null,False,False,False,False,False,False,48,False,False,False,False,False,False,0,0,0,0,0,False,False,,,,
403579,18,3.61,1.0,0.0,0.0,65.0,2.0,1.0,11976,,10817,Rachael Heyhoe Flint Trophy 2021,1,1067,South East Stars,1064,Northern Diamonds,2021-06-12T11:28:33Z,1,False,428,Katie Levick,6981,Chloe Brewer,6978,Kirstie White,222,74,Left,Extra Cover,0,0,0,0,LengthBall,Null,NotOut,MisTimed,0,Pushed,Null,Over,LegSpin,Left,Null,NotReferred,Null,False,False,False,False,False,False,870,False,False,False,False,False,False,0,0,0,0,0,False,False,,,,
403579,18,3.61,1.0,0.0,0.0,65.0,2.0,1.0,11976,,10817,Rachael Heyhoe Flint Trophy 2021,1,1067,South East Stars,1064,Northern Diamonds,2021-06-12T11:28:47Z,2,False,428,Katie Levick,6981,Chloe Brewer,6978,Kirstie White,250,6,Left,Short Leg,0,0,0,0,LengthBall,Null,Lbw,HitPad,0,Sweep,Null,Over,LegSpin,Left,NotOut2ndUmpire,NotReferred,Null,False,False,False,False,False,True,870,False,False,False,False,False,False,0,0,0,0,0,False,False,,,,
403579,18,3.61,1.0,0.0,0.0,65.0,2.0,1.0,11976,,10817,Rachael Heyhoe Flint Trophy 2021,1,1067,South East Stars,1064,Northern Diamonds,2021-06-12T11:29:13Z,3,False,428,Katie Levick,6981,Chloe Brewer,6978,Kirstie White,189,25,Left,Silly Point,0,0,0,0,LengthBall,Null,NotOut,MisTimed,0,Pushed,Null,Over,LegSpin,Left,Null,NotReferred,Null,False,False,False,False,False,False,870,False,False,False,False,False,False,0,0,0,0,0,False,False,,,,
403579,18,3.61,1.0,0.0,0.0,65.0,2.0,1.0,11976,,10817,Rachael Heyhoe Flint Trophy 2021,1,1067,South East Stars,1064,Northern Diamonds,2021-06-12T11:29:31Z,4,False,428,Katie Levick,6981,Chloe Brewer,6978,Kirstie White,162,26,Left,Silly Point,0,0,0,0,LengthBall,Null,NotOut,Played,0,BackwardDefensive,Null,Over,LegSpin,Left,Null,NotReferred,Null,False,False,False,False,False,False,870,False,False,False,False,False,False,0,0,0,0,0,False,False,,,,
403579,18,3.61,1.0,0.0,0.0,65.0,2.0,1.0,11976,,10817,Rachael Heyhoe Flint Trophy 2021,1,1067,South East Stars,1064,Northern Diamonds,2021-06-12T11:29:48Z,5,False,428,Katie Levick,6981,Chloe Brewer,6978,Kirstie White,90,48,Left,Wicketkeeper,0,0,0,0,LengthBall,Null,NotOut,Missed,0,Sweep,Null,Over,LegSpin,Left,Null,NotReferred,Null,False,False,False,False,False,False,870,False,False,False,False,False,False,0,0,0,0,0,False,False,,,,
403579,18,3.61,1.0,0.0,0.0,65.0,2.0,1.0,11976,,10817,Rachael Heyhoe Flint Trophy 2021,1,1067,South East Stars,1064,Northern Diamonds,2021-06-12T11:30:04Z,6,False,428,Katie Levick,6981,Chloe Brewer,6978,Kirstie White,242,128,Left,Mid Off,1,0,1,1,HalfVolley,Null,NotOut,Played,0,Pushed,Null,Over,LegSpin,Left,Null,NotReferred,Null,False,False,False,False,False,False,870,False,False,False,False,False,False,1,0,0,0,0,False,False,,,,
403583,19,3.74,6.0,0.0,0.0,71.0,2.0,6.0,11976,,10817,Rachael Heyhoe Flint Trophy 2021,1,1067,South East Stars,1064,Northern Diamonds,2021-06-12T11:30:50Z,1,False,413,Jenny Gunn,6981,Chloe Brewer,6978,Kirstie White,37,138,Left,Fine Leg,1,0,1,1,LengthBall,Null,NotOut,Played,0,Flick,Null,Over,Fast,Left,Null,NotReferred,Null,False,False,False,False,False,False,48,False,False,False,False,False,False,1,0,0,0,0,False,False,,,,
403583,19,3.74,6.0,0.0,0.0,71.0,2.0,6.0,11976,,10817,Rachael Heyhoe Flint Trophy 2021,1,1067,South East Stars,1064,Northern Diamonds,2021-06-12T11:31:15Z,2,False,413,Jenny Gunn,6978,Kirstie White,6981,Chloe Brewer,53,112,Left,Short Fine Leg,1,0,1,1,HalfVolley,Null,NotOut,MisTimed,0,Glance,Null,Over,Fast,Left,Null,NotReferred,Null,False,False,False,False,False,False,48,False,False,False,False,False,False,1,0,0,0,0,False,False,,,,
403583,19,3.74,6.0,0.0,0.0,71.0,2.0,6.0,11976,,10817,Rachael Heyhoe Flint Trophy 2021,1,1067,South East Stars,1064,Northern Diamonds,2021-06-12T11:31:41Z,3,False,413,Jenny Gunn,6981,Chloe Brewer,6978,Kirstie White,142,112,Left,Third Man,1,0,1,1,BackOfALength,Null,NotOut,Played,0,LateCut,Null,Over,Fast,Left,Null,NotReferred,Null,False,False,False,False,False,False,48,False,False,False,False,False,False,1,0,0,0,0,False,False,,,,
403583,19,3.74,6.0,0.0,0.0,71.0,2.0,6.0,11976,,10817,Rachael Heyhoe Flint Trophy 2021,1,1067,South East Stars,1064,Northern Diamonds,2021-06-12T11:32:07Z,4,False,413,Jenny Gunn,6978,Kirstie White,6981,Chloe Brewer,129,127,Left,Third Man,1,0,1,1,LengthBall,Null,NotOut,Played,0,Steer,Null,Over,Fast,Left,Null,NotReferred,Null,False,False,False,False,False,False,48,False,False,False,False,False,False,1,0,0,0,0,False,False,,,,
403583,19,3.74,6.0,0.0,0.0,71.0,2.0,6.0,11976,,10817,Rachael Heyhoe Flint Trophy 2021,1,1067,South East Stars,1064,Northern Diamonds,2021-06-12T11:32:39Z,5,False,413,Jenny Gunn,6981,Chloe Brewer,6978,Kirstie White,124,129,Left,Third Man,1,0,1,1,LengthBall,Null,NotOut,Played,0,LateCut,Null,Over,Fast,Left,Null,NotReferred,Null,False,False,False,False,False,False,48,False,False,False,False,False,False,1,0,0,0,0,False,False,,,,
403583,19,3.74,6.0,0.0,0.0,71.0,2.0,6.0,11976,,10817,Rachael Heyhoe Flint Trophy 2021,1,1067,South East Stars,1064,Northern Diamonds,2021-06-12T11:33:05Z,6,False,413,Jenny Gunn,6978,Kirstie White,6981,Chloe Brewer,348,66,Left,Mid Wicket,1,0,1,1,LengthBall,Null,NotOut,Played,0,Dropped,Null,Over,Fast,Left,Null,NotReferred,Null,False,False,False,False,False,False,48,False,False,False,False,False,False,1,0,0,0,0,False,False,,,,
403587,20,3.85,6.0,0.0,0.0,77.0,2.0,6.0,11976,,10817,Rachael Heyhoe Flint Trophy 2021,1,1067,South East Stars,1064,Northern Diamonds,2021-06-12T11:34:10Z,1,False,428,Katie Levick,6978,Kirstie White,6981,Chloe Brewer,103,175,Left,Third Man,4,0,4,4,LengthBall,Null,NotOut,Played,0,LateCut,Null,Over,LegSpin,Left,Null,NotReferred,Null,False,False,False,False,False,False,870,False,False,False,False,False,False,4,0,0,0,0,False,True,,,,
403587,20,3.85,6.0,0.0,0.0,77.0,2.0,6.0,11976,,10817,Rachael Heyhoe Flint Trophy 2021,1,1067,South East Stars,1064,Northern Diamonds,2021-06-12T11:34:43Z,2,False,428,Katie Levick,6978,Kirstie White,6981,Chloe Brewer,5,156,Left,Deep Square Leg,1,0,1,1,LengthBall,Null,NotOut,Played,0,SlogSweep,Null,Over,LegSpin,Left,Null,NotReferred,Null,False,False,False,False,False,False,870,False,False,False,False,False,False,1,0,0,0,0,False,False,,,,
403587,20,3.85,6.0,0.0,0.0,77.0,2.0,6.0,11976,,10817,Rachael Heyhoe Flint Trophy 2021,1,1067,South East Stars,1064,Northern Diamonds,2021-06-12T11:35:09Z,3,False,428,Katie Levick,6981,Chloe Brewer,6978,Kirstie White,221,78,Left,Extra Cover,1,0,1,1,LengthBall,Null,NotOut,Played,0,Pushed,Null,Over,LegSpin,Left,Null,NotReferred,Null,False,False,False,False,False,False,870,False,False,False,False,False,False,1,0,0,0,0,False,False,,,,
403587,20,3.85,6.0,0.0,0.0,77.0,2.0,6.0,11976,,10817,Rachael Heyhoe Flint Trophy 2021,1,1067,South East Stars,1064,Northern Diamonds,2021-06-12T11:35:28Z,4,False,428,Katie Levick,6978,Kirstie White,6981,Chloe Brewer,254,9,Left,Short Leg,0,0,0,0,LengthBall,Null,Lbw,HitPad,0,Slog,Null,Over,LegSpin,Left,NotOut2ndUmpire,NotReferred,Null,False,False,False,False,False,True,870,False,False,False,False,False,False,0,0,0,0,0,False,False,,,,
403587,20,3.85,6.0,0.0,0.0,77.0,2.0,6.0,11976,,10817,Rachael Heyhoe Flint Trophy 2021,1,1067,South East Stars,1064,Northern Diamonds,2021-06-12T11:35:52Z,5,False,428,Katie Levick,6978,Kirstie White,6981,Chloe Brewer,30,78,Left,Leg Gully,0,0,0,0,FullToss,Null,NotOut,Played,0,Sweep,Null,Over,LegSpin,Left,Null,NotReferred,Null,False,False,False,False,False,False,870,False,False,False,False,False,False,0,0,0,0,0,False,False,,,,
403587,20,3.85,6.0,0.0,0.0,77.0,2.0,6.0,11976,,10817,Rachael Heyhoe Flint Trophy 2021,1,1067,South East Stars,1064,Northern Diamonds,2021-06-12T11:36:11Z,6,False,428,Katie Levick,6978,Kirstie White,6981,Chloe Brewer,270,40,Left,Bowler,0,0,0,0,LengthBall,Null,NotOut,Played,0,ForwardDefensive,Null,Over,LegSpin,Left,Null,NotReferred,Null,False,False,False,False,False,False,870,False,False,False,False,False,False,0,0,0,0,0,False,False,,,,
403590,21,3.71,1.0,0.0,0.0,78.0,2.0,1.0,11976,,10817,Rachael Heyhoe Flint Trophy 2021,1,1067,South East Stars,1064,Northern Diamonds,2021-06-12T11:37:48Z,1,False,417,Linsey Smith,6981,Chloe Brewer,6978,Kirstie White,90,48,Left,Wicketkeeper,0,0,0,0,LengthBall,Null,NotOut,Missed,0,LateCut,Null,Round,Orthodox,Right,Null,NotReferred,Null,False,False,False,False,False,False,48,False,False,False,False,False,False,0,0,0,0,0,False,False,,,,
403590,21,3.71,1.0,0.0,0.0,78.0,2.0,1.0,11976,,10817,Rachael Heyhoe Flint Trophy 2021,1,1067,South East Stars,1064,Northern Diamonds,2021-06-12T11:38:07Z,2,False,417,Linsey Smith,6981,Chloe Brewer,6978,Kirstie White,182,70,Left,Point,0,0,0,0,LengthBall,Null,NotOut,MisTimed,0,LateCut,Null,Round,Orthodox,Right,Null,NotReferred,Null,False,False,False,False,False,False,48,False,False,False,False,False,False,0,0,0,0,0,False,False,,,,
403590,21,3.71,1.0,0.0,0.0,78.0,2.0,1.0,11976,,10817,Rachael Heyhoe Flint Trophy 2021,1,1067,South East Stars,1064,Northern Diamonds,2021-06-12T11:38:27Z,3,False,417,Linsey Smith,6981,Chloe Brewer,6978,Kirstie White,191,72,Left,Cover,1,0,1,1,LengthBall,Null,NotOut,Played,0,LateCut,Null,Round,Orthodox,Right,Null,NotReferred,Null,False,False,False,False,False,False,48,False,False,False,False,False,False,1,0,0,0,0,False,False,,,,
403590,21,3.71,1.0,0.0,0.0,78.0,2.0,1.0,11976,,10817,Rachael Heyhoe Flint Trophy 2021,1,1067,South East Stars,1064,Northern Diamonds,2021-06-12T11:38:49Z,4,False,417,Linsey Smith,6978,Kirstie White,6981,Chloe Brewer,207,69,Left,Extra Cover,0,0,0,0,LengthBall,Null,NotOut,Played,0,Pushed,Null,Round,Orthodox,Right,Null,NotReferred,Null,False,False,False,False,False,False,48,False,False,False,False,False,False,0,0,0,0,0,False,False,,,,
403590,21,3.71,1.0,0.0,0.0,78.0,2.0,1.0,11976,,10817,Rachael Heyhoe Flint Trophy 2021,1,1067,South East Stars,1064,Northern Diamonds,2021-06-12T11:39:04Z,5,False,417,Linsey Smith,6978,Kirstie White,6981,Chloe Brewer,215,86,Left,Extra Cover,0,0,0,0,HalfVolley,Null,NotOut,Played,0,Pushed,Null,Round,Orthodox,Right,Null,NotReferred,Null,False,False,False,False,False,False,48,False,False,False,False,False,False,0,0,0,0,0,False,False,,,,
403590,21,3.71,1.0,0.0,0.0,78.0,2.0,1.0,11976,,10817,Rachael Heyhoe Flint Trophy 2021,1,1067,South East Stars,1064,Northern Diamonds,2021-06-12T11:39:22Z,6,False,417,Linsey Smith,6978,Kirstie White,6981,Chloe Brewer,243,46,Left,Silly Mid Off,0,0,0,0,LengthBall,Null,NotOut,Played,0,ForwardDefensive,Null,Round,Orthodox,Right,Null,NotReferred,Null,False,False,False,False,False,False,48,False,False,False,False,False,False,0,0,0,0,0,False,False,,,,
403593,22,3.77,5.0,0.0,1.0,83.0,2.0,5.0,11976,,10817,Rachael Heyhoe Flint Trophy 2021,1,1067,South East Stars,1064,Northern Diamonds,2021-06-12T11:40:08Z,1,False,428,Katie Levick,6981,Chloe Brewer,6978,Kirstie White,169,66,Left,Gully,0,0,0,0,BackOfALength,Null,NotOut,MisTimed,0,Cut,Null,Over,LegSpin,Left,Null,NotReferred,Null,False,False,False,False,False,False,870,False,False,False,False,False,False,0,0,0,0,0,False,False,,,,
403593,22,3.77,5.0,0.0,1.0,83.0,2.0,5.0,11976,,10817,Rachael Heyhoe Flint Trophy 2021,1,1067,South East Stars,1064,Northern Diamonds,2021-06-12T11:40:24Z,2,False,428,Katie Levick,6981,Chloe Brewer,6978,Kirstie White,13,136,Left,Deep Backward Square Leg,1,0,1,1,LengthBall,Null,NotOut,Played,0,Flick,Null,Over,LegSpin,Left,Null,NotReferred,Null,False,False,False,False,False,False,870,False,False,False,False,False,False,1,0,0,0,0,False,False,,,,
403593,22,3.77,5.0,0.0,1.0,83.0,2.0,5.0,11976,,10817,Rachael Heyhoe Flint Trophy 2021,1,1067,South East Stars,1064,Northern Diamonds,2021-06-12T11:40:48Z,3,False,428,Katie Levick,6978,Kirstie White,6981,Chloe Brewer,175,155,Left,Deep Point,1,0,1,1,LengthBall,Null,NotOut,Played,0,LateCut,Null,Over,LegSpin,Left,Null,NotReferred,Null,False,False,False,False,False,False,870,False,False,False,False,False,False,1,0,0,0,0,False,False,,,,
403593,22,3.77,5.0,0.0,1.0,83.0,2.0,5.0,11976,,10817,Rachael Heyhoe Flint Trophy 2021,1,1067,South East Stars,1064,Northern Diamonds,2021-06-12T11:41:04Z,4,False,428,Katie Levick,6981,Chloe Brewer,6978,Kirstie White,180,57,Left,Point,0,0,0,0,LengthBall,Null,NotOut,MisTimed,0,Cut,Null,Over,LegSpin,Left,Null,NotReferred,Null,False,False,False,False,False,False,870,False,False,False,False,False,False,0,0,0,0,0,False,False,,,,
403593,22,3.77,5.0,0.0,1.0,83.0,2.0,5.0,11976,,10817,Rachael Heyhoe Flint Trophy 2021,1,1067,South East Stars,1064,Northern Diamonds,2021-06-12T11:41:21Z,5,False,428,Katie Levick,6981,Chloe Brewer,6978,Kirstie White,5,145,Left,Deep Square Leg,1,0,1,1,LengthBall,Null,NotOut,Played,0,Sweep,Null,Over,LegSpin,Left,Null,NotReferred,Null,False,False,False,False,False,False,870,False,False,False,False,False,False,1,0,0,0,0,False,False,,,,
403593,22,3.77,5.0,0.0,1.0,83.0,2.0,5.0,11976,,10817,Rachael Heyhoe Flint Trophy 2021,1,1067,South East Stars,1064,Northern Diamonds,2021-06-12T11:41:44Z,6,False,428,Katie Levick,6978,Kirstie White,6981,Chloe Brewer,90,48,Left,Wicketkeeper,1,1,1,0,LengthBall,Null,NotOut,MissedLegSide,0,Sweep,Null,Over,LegSpin,Left,Null,NotReferred,Null,True,False,False,False,False,False,870,False,False,False,False,False,False,0,0,1,0,0,False,False,,,,
403593,22,3.77,5.0,0.0,1.0,83.0,2.0,5.0,11976,,10817,Rachael Heyhoe Flint Trophy 2021,1,1067,South East Stars,1064,Northern Diamonds,2021-06-12T11:42:03Z,6,False,428,Katie Levick,6978,Kirstie White,6981,Chloe Brewer,186,98,Left,Point,1,0,1,1,LengthBall,Null,NotOut,Played,0,LateCut,Null,Over,LegSpin,Left,Null,NotReferred,Null,False,False,False,False,False,False,870,False,False,False,False,False,False,1,0,0,0,0,False,False,,,,
403595,23,3.7,2.0,0.0,0.0,85.0,2.0,2.0,11976,,10817,Rachael Heyhoe Flint Trophy 2021,1,1067,South East Stars,1064,Northern Diamonds,2021-06-12T11:42:55Z,1,False,417,Linsey Smith,6978,Kirstie White,6981,Chloe Brewer,218,73,Left,Extra Cover,0,0,0,0,LengthBall,Null,NotOut,Played,0,Pushed,Null,Round,Orthodox,Right,Null,NotReferred,Null,False,False,False,False,False,False,48,False,False,False,False,False,False,0,0,0,0,0,False,False,,,,
403595,23,3.7,2.0,0.0,0.0,85.0,2.0,2.0,11976,,10817,Rachael Heyhoe Flint Trophy 2021,1,1067,South East Stars,1064,Northern Diamonds,2021-06-12T11:43:04Z,2,False,417,Linsey Smith,6978,Kirstie White,6981,Chloe Brewer,270,40,Left,Bowler,0,0,0,0,LengthBall,Null,NotOut,Played,0,BackwardDefensive,Null,Round,Orthodox,Right,Null,NotReferred,Null,False,False,False,False,False,False,48,False,False,False,False,False,False,0,0,0,0,0,False,False,,,,
403595,23,3.7,2.0,0.0,0.0,85.0,2.0,2.0,11976,,10817,Rachael Heyhoe Flint Trophy 2021,1,1067,South East Stars,1064,Northern Diamonds,2021-06-12T11:43:21Z,3,False,417,Linsey Smith,6978,Kirstie White,6981,Chloe Brewer,204,58,Left,Short Extra Cover,0,0,0,0,LengthBall,Null,NotOut,Played,0,BackwardDefensive,Null,Round,Orthodox,Right,Null,NotReferred,Null,False,False,False,False,False,False,48,False,False,False,False,False,False,0,0,0,0,0,False,False,,,,
403595,23,3.7,2.0,0.0,0.0,85.0,2.0,2.0,11976,,10817,Rachael Heyhoe Flint Trophy 2021,1,1067,South East Stars,1064,Northern Diamonds,2021-06-12T11:43:34Z,4,False,417,Linsey Smith,6978,Kirstie White,6981,Chloe Brewer,4,57,Left,Leg Gully,1,0,1,1,LengthBall,Null,NotOut,MisTimed,0,SlogSweep,Null,Round,Orthodox,Right,Null,NotReferred,Null,False,False,False,False,False,False,48,False,False,False,False,False,False,1,0,0,0,0,False,False,,,,
403595,23,3.7,2.0,0.0,0.0,85.0,2.0,2.0,11976,,10817,Rachael Heyhoe Flint Trophy 2021,1,1067,South East Stars,1064,Northern Diamonds,2021-06-12T11:43:59Z,5,False,417,Linsey Smith,6981,Chloe Brewer,6978,Kirstie White,187,93,Left,Point,1,0,1,1,LengthBall,Null,NotOut,Played,0,LateCut,Null,Round,Orthodox,Right,Null,NotReferred,Null,False,False,False,False,False,False,48,False,False,False,False,False,False,1,0,0,0,0,False,False,,,,
403595,23,3.7,2.0,0.0,0.0,85.0,2.0,2.0,11976,,10817,Rachael Heyhoe Flint Trophy 2021,1,1067,South East Stars,1064,Northern Diamonds,2021-06-12T11:44:23Z,6,False,417,Linsey Smith,6978,Kirstie White,6981,Chloe Brewer,171,86,Left,Point,0,0,0,0,LengthBall,Null,NotOut,Played,0,LateCut,Null,Round,Orthodox,Right,Null,NotReferred,Null,False,False,False,False,False,False,48,False,False,False,False,False,False,0,0,0,0,0,False,False,,,,
403599,24,3.75,5.0,0.0,0.0,90.0,2.0,5.0,11976,,10817,Rachael Heyhoe Flint Trophy 2021,1,1067,South East Stars,1064,Northern Diamonds,2021-06-12T11:45:05Z,1,False,428,Katie Levick,6981,Chloe Brewer,6978,Kirstie White,348,155,Left,Deep Mid Wicket,1,0,1,1,LengthBall,Null,NotOut,Played,0,Sweep,Null,Over,LegSpin,Left,Null,NotReferred,Null,False,False,False,False,False,False,870,False,False,False,False,False,False,1,0,0,0,0,False,False,,,,
403599,24,3.75,5.0,0.0,0.0,90.0,2.0,5.0,11976,,10817,Rachael Heyhoe Flint Trophy 2021,1,1067,South East Stars,1064,Northern Diamonds,2021-06-12T11:45:30Z,2,False,428,Katie Levick,6978,Kirstie White,6981,Chloe Brewer,304,60,Left,Short Mid Wicket,0,0,0,0,LengthBall,Null,NotOut,Played,0,ForwardDefensive,Null,Over,LegSpin,Left,Null,NotReferred,Null,False,False,False,False,False,False,870,False,False,False,False,False,False,0,0,0,0,0,False,False,,,,
403599,24,3.75,5.0,0.0,0.0,90.0,2.0,5.0,11976,,10817,Rachael Heyhoe Flint Trophy 2021,1,1067,South East Stars,1064,Northern Diamonds,2021-06-12T11:45:45Z,3,False,428,Katie Levick,6978,Kirstie White,6981,Chloe Brewer,187,136,Left,Deep Point,1,0,1,1,BackOfALength,Null,NotOut,Played,0,Cut,Null,Over,LegSpin,Left,Null,NotReferred,Null,False,False,False,False,False,False,870,False,False,False,False,False,False,1,0,0,0,0,False,False,,,,
403599,24,3.75,5.0,0.0,0.0,90.0,2.0,5.0,11976,,10817,Rachael Heyhoe Flint Trophy 2021,1,1067,South East Stars,1064,Northern Diamonds,2021-06-12T11:46:05Z,4,False,428,Katie Levick,6981,Chloe Brewer,6978,Kirstie White,308,158,Left,Long On,2,0,2,2,LengthBall,Null,NotOut,MisTimed,0,Slog,Null,Over,LegSpin,Left,Null,NotReferred,Null,False,False,False,False,False,False,870,False,False,False,False,False,False,2,0,0,0,0,False,False,,,,
403599,24,3.75,5.0,0.0,0.0,90.0,2.0,5.0,11976,,10817,Rachael Heyhoe Flint Trophy 2021,1,1067,South East Stars,1064,Northern Diamonds,2021-06-12T11:46:33Z,5,False,428,Katie Levick,6981,Chloe Brewer,6978,Kirstie White,189,125,Left,Deep Point,1,0,1,1,BackOfALength,Null,NotOut,Played,0,Cut,Null,Over,LegSpin,Left,Null,NotReferred,Null,False,False,False,False,False,False,870,False,False,False,False,False,False,1,0,0,0,0,False,False,,,,
403599,24,3.75,5.0,0.0,0.0,90.0,2.0,5.0,11976,,10817,Rachael Heyhoe Flint Trophy 2021,1,1067,South East Stars,1064,Northern Diamonds,2021-06-12T11:46:54Z,6,False,428,Katie Levick,6978,Kirstie White,6981,Chloe Brewer,308,93,Left,Mid On,0,0,0,0,LengthBall,Null,NotOut,Played,0,Pushed,Null,Over,LegSpin,Left,Null,NotReferred,Null,False,False,False,False,False,False,870,False,False,False,False,False,False,0,0,0,0,0,False,False,,,,
403602,25,3.92,8.0,0.0,0.0,98.0,2.0,8.0,11976,,10817,Rachael Heyhoe Flint Trophy 2021,1,1067,South East Stars,1064,Northern Diamonds,2021-06-12T11:47:35Z,1,False,417,Linsey Smith,6981,Chloe Brewer,6978,Kirstie White,9,126,Left,Backward Square Leg,1,0,1,1,LengthBall,Null,NotOut,Played,0,Glance,Null,Round,Orthodox,Right,Null,NotReferred,Null,False,False,False,False,False,False,48,False,False,False,False,False,False,1,0,0,0,0,False,False,,,,
403602,25,3.92,8.0,0.0,0.0,98.0,2.0,8.0,11976,,10817,Rachael Heyhoe Flint Trophy 2021,1,1067,South East Stars,1064,Northern Diamonds,2021-06-12T11:47:57Z,2,False,417,Linsey Smith,6978,Kirstie White,6981,Chloe Brewer,339,208,Left,Deep Mid Wicket,4,0,4,4,LengthBall,Null,NotOut,HitHard,0,SlogSweep,Null,Round,Orthodox,Right,Null,NotReferred,Null,False,False,False,False,True,False,48,False,False,False,False,False,False,4,0,0,0,0,False,True,,,,
403602,25,3.92,8.0,0.0,0.0,98.0,2.0,8.0,11976,,10817,Rachael Heyhoe Flint Trophy 2021,1,1067,South East Stars,1064,Northern Diamonds,2021-06-12T11:48:25Z,3,False,417,Linsey Smith,6978,Kirstie White,6981,Chloe Brewer,183,73,Left,Point,1,0,1,1,BackOfALength,Null,NotOut,Played,0,LateCut,Null,Round,Orthodox,Right,Null,NotReferred,Null,False,False,False,False,False,False,48,False,False,False,False,False,False,1,0,0,0,0,False,False,,,,
403602,25,3.92,8.0,0.0,0.0,98.0,2.0,8.0,11976,,10817,Rachael Heyhoe Flint Trophy 2021,1,1067,South East Stars,1064,Northern Diamonds,2021-06-12T11:48:47Z,4,False,417,Linsey Smith,6981,Chloe Brewer,6978,Kirstie White,330,93,Left,Mid Wicket,1,0,1,1,HalfVolley,Null,NotOut,MisTimed,0,Drive,Null,Round,Orthodox,Right,Null,NotReferred,Null,False,False,False,False,False,False,48,False,False,False,False,False,False,1,0,0,0,0,False,False,,,,
403602,25,3.92,8.0,0.0,0.0,98.0,2.0,8.0,11976,,10817,Rachael Heyhoe Flint Trophy 2021,1,1067,South East Stars,1064,Northern Diamonds,2021-06-12T11:49:11Z,5,False,417,Linsey Smith,6978,Kirstie White,6981,Chloe Brewer,122,80,Left,Short Third Man,1,0,1,1,LengthBall,Null,NotOut,Played,0,Steer,Null,Round,Orthodox,Right,Null,NotReferred,Null,False,False,False,False,False,False,48,False,False,False,False,False,False,1,0,0,0,0,False,False,,,,
403602,25,3.92,8.0,0.0,0.0,98.0,2.0,8.0,11976,,10817,Rachael Heyhoe Flint Trophy 2021,1,1067,South East Stars,1064,Northern Diamonds,2021-06-12T11:49:33Z,6,False,417,Linsey Smith,6981,Chloe Brewer,6978,Kirstie White,222,78,Left,Extra Cover,0,0,0,0,HalfVolley,Null,NotOut,Played,0,Drive,Null,Round,Orthodox,Right,Null,NotReferred,Null,False,False,False,False,False,False,48,False,False,False,False,False,False,0,0,0,0,0,False,False,,,,
403606,26,4.08,8.0,0.0,0.0,106.0,2.0,8.0,11976,,10817,Rachael Heyhoe Flint Trophy 2021,1,1067,South East Stars,1064,Northern Diamonds,2021-06-12T11:50:54Z,1,False,7047,Alex MacDonald,6978,Kirstie White,6981,Chloe Brewer,171,148,Left,Deep Backward Point,1,0,1,1,BackOfALength,Null,NotOut,Played,0,LateCut,Null,Over,Medium,Left,Null,NotReferred,Null,False,False,False,False,False,False,870,False,False,False,False,False,False,1,0,0,0,0,False,False,,,,
403606,26,4.08,8.0,0.0,0.0,106.0,2.0,8.0,11976,,10817,Rachael Heyhoe Flint Trophy 2021,1,1067,South East Stars,1064,Northern Diamonds,2021-06-12T11:51:29Z,2,False,7047,Alex MacDonald,6981,Chloe Brewer,6978,Kirstie White,13,201,Left,Deep Backward Square Leg,4,0,4,4,BackOfALength,Null,NotOut,HitHard,0,Pull,Null,Over,Medium,Left,Null,NotReferred,Null,False,False,False,False,False,False,870,False,False,False,False,False,False,4,0,0,0,0,False,True,,,,
403606,26,4.08,8.0,0.0,0.0,106.0,2.0,8.0,11976,,10817,Rachael Heyhoe Flint Trophy 2021,1,1067,South East Stars,1064,Northern Diamonds,2021-06-12T11:52:08Z,3,False,7047,Alex MacDonald,6981,Chloe Brewer,6978,Kirstie White,166,83,Left,Backward Point,1,0,1,1,BackOfALength,Null,NotOut,Played,0,Cut,Null,Over,Medium,Left,Null,NotReferred,Null,False,False,False,False,False,False,870,False,False,False,False,False,False,1,0,0,0,0,False,False,,,,
403606,26,4.08,8.0,0.0,0.0,106.0,2.0,8.0,11976,,10817,Rachael Heyhoe Flint Trophy 2021,1,1067,South East Stars,1064,Northern Diamonds,2021-06-12T11:52:37Z,4,False,7047,Alex MacDonald,6978,Kirstie White,6981,Chloe Brewer,106,136,Left,Third Man,1,0,1,1,LengthBall,Null,NotOut,Played,0,Steer,Null,Over,Medium,Left,Null,NotReferred,Null,False,False,False,False,False,False,870,False,False,False,False,False,False,1,0,0,0,0,False,False,,,,
403606,26,4.08,8.0,0.0,0.0,106.0,2.0,8.0,11976,,10817,Rachael Heyhoe Flint Trophy 2021,1,1067,South East Stars,1064,Northern Diamonds,2021-06-12T11:53:07Z,5,False,7047,Alex MacDonald,6981,Chloe Brewer,6978,Kirstie White,186,64,Left,Point,0,0,0,0,LengthBall,Null,NotOut,MisTimed,0,Cut,Null,Over,Medium,Left,Null,NotReferred,Null,False,False,False,False,False,False,870,False,False,False,False,False,False,0,0,0,0,0,False,False,,,,
403606,26,4.08,8.0,0.0,0.0,106.0,2.0,8.0,11976,,10817,Rachael Heyhoe Flint Trophy 2021,1,1067,South East Stars,1064,Northern Diamonds,2021-06-12T11:53:31Z,6,False,7047,Alex MacDonald,6981,Chloe Brewer,6978,Kirstie White,174,142,Left,Deep Point,1,0,1,1,LengthBall,Null,NotOut,Played,0,Cut,Null,Over,Medium,Left,Null,NotReferred,Null,False,False,False,False,False,False,870,False,False,False,False,False,False,1,0,0,0,0,False,False,,,,
403609,27,3.93,0.0,1.0,0.0,106.0,3.0,0.0,11976,,10817,Rachael Heyhoe Flint Trophy 2021,1,1067,South East Stars,1064,Northern Diamonds,2021-06-12T11:54:36Z,1,False,417,Linsey Smith,6981,Chloe Brewer,6978,Kirstie White,205,76,Left,Cover,0,0,0,0,LengthBall,Null,NotOut,Played,0,Cut,Null,Round,Orthodox,Right,Null,NotReferred,Null,False,False,False,False,False,False,48,False,False,False,False,False,False,0,0,0,0,0,False,False,,,,
403609,27,3.93,0.0,1.0,0.0,106.0,3.0,0.0,11976,,10817,Rachael Heyhoe Flint Trophy 2021,1,1067,South East Stars,1064,Northern Diamonds,2021-06-12T11:54:51Z,2,False,417,Linsey Smith,6981,Chloe Brewer,6978,Kirstie White,270,40,Left,Bowler,0,0,0,0,LengthBall,Null,NotOut,Played,0,ForwardDefensive,Null,Round,Orthodox,Right,Null,NotReferred,Null,False,False,False,False,False,False,48,False,False,False,False,False,False,0,0,0,0,0,False,False,,,,
403609,27,3.93,0.0,1.0,0.0,106.0,3.0,0.0,11976,,10817,Rachael Heyhoe Flint Trophy 2021,1,1067,South East Stars,1064,Northern Diamonds,2021-06-12T11:55:06Z,3,True,417,Linsey Smith,6981,Chloe Brewer,6978,Kirstie White,245,7,Left,Silly Point,0,0,0,0,LengthBall,Null,NotOut,HitPad,0,SlogSweep,Null,Round,Orthodox,Right,Out1stUmpire,NotReferred,Null,False,False,False,False,False,False,48,False,False,False,False,False,False,0,0,0,0,0,False,False,Lbw,6981.0,Chloe Brewer,LBW
403609,27,3.93,0.0,1.0,0.0,106.0,3.0,0.0,11976,,10817,Rachael Heyhoe Flint Trophy 2021,1,1067,South East Stars,1064,Northern Diamonds,2021-06-12T11:56:55Z,4,False,417,Linsey Smith,6979,Alice Capsey,6978,Kirstie White,90,48,Left,Wicketkeeper,0,0,0,0,LengthBall,Null,NotOut,NoShot,0,ShouldersArms,Null,Round,Orthodox,Right,Null,NotReferred,Null,False,False,False,False,False,False,48,False,False,False,False,False,False,0,0,0,0,0,False,False,,,,
403609,27,3.93,0.0,1.0,0.0,106.0,3.0,0.0,11976,,10817,Rachael Heyhoe Flint Trophy 2021,1,1067,South East Stars,1064,Northern Diamonds,2021-06-12T11:57:12Z,5,False,417,Linsey Smith,6979,Alice Capsey,6978,Kirstie White,90,48,Left,Wicketkeeper,0,0,0,0,LengthBall,Null,NotOut,NoShot,0,ShouldersArms,Null,Round,Orthodox,Right,Null,NotReferred,Null,False,False,False,False,False,False,48,False,False,False,False,False,False,0,0,0,0,0,False,False,,,,
403609,27,3.93,0.0,1.0,0.0,106.0,3.0,0.0,11976,,10817,Rachael Heyhoe Flint Trophy 2021,1,1067,South East Stars,1064,Northern Diamonds,2021-06-12T11:57:27Z,6,False,417,Linsey Smith,6979,Alice Capsey,6978,Kirstie White,270,40,Left,Bowler,0,0,0,0,HalfVolley,Null,NotOut,Played,0,Glance,Null,Round,Orthodox,Right,Null,NotReferred,Null,False,False,False,False,False,False,48,False,False,False,False,False,False,0,0,0,0,0,False,False,,,,
403612,28,3.96,5.0,0.0,0.0,111.0,3.0,5.0,11976,,10817,Rachael Heyhoe Flint Trophy 2021,1,1067,South East Stars,1064,Northern Diamonds,2021-06-12T11:58:16Z,1,False,7047,Alex MacDonald,6978,Kirstie White,6979,Alice Capsey,216,64,Left,Short Extra Cover,0,0,0,0,LengthBall,Null,NotOut,Played,0,ForwardDefensive,Null,Over,Medium,Left,Null,NotReferred,Null,False,False,False,False,False,False,870,False,False,False,False,False,False,0,0,0,0,0,False,False,,,,
403612,28,3.96,5.0,0.0,0.0,111.0,3.0,5.0,11976,,10817,Rachael Heyhoe Flint Trophy 2021,1,1067,South East Stars,1064,Northern Diamonds,2021-06-12T11:58:47Z,2,False,7047,Alex MacDonald,6978,Kirstie White,6979,Alice Capsey,218,37,Left,Short Extra Cover,0,0,0,0,LengthBall,Null,NotOut,Played,0,ForwardDefensive,Null,Over,Medium,Left,Null,NotReferred,Null,False,False,False,False,False,False,870,False,False,False,False,False,False,0,0,0,0,0,False,False,,,,
403612,28,3.96,5.0,0.0,0.0,111.0,3.0,5.0,11976,,10817,Rachael Heyhoe Flint Trophy 2021,1,1067,South East Stars,1064,Northern Diamonds,2021-06-12T11:59:07Z,3,False,7047,Alex MacDonald,6978,Kirstie White,6979,Alice Capsey,25,124,Left,Fine Leg,1,0,1,1,BackOfALength,Null,NotOut,Played,0,Worked,Null,Over,Medium,Left,Null,NotReferred,Null,False,False,False,False,False,False,870,False,False,False,False,False,False,1,0,0,0,0,False,False,,,,
403612,28,3.96,5.0,0.0,0.0,111.0,3.0,5.0,11976,,10817,Rachael Heyhoe Flint Trophy 2021,1,1067,South East Stars,1064,Northern Diamonds,2021-06-12T11:59:51Z,4,False,7047,Alex MacDonald,6979,Alice Capsey,6978,Kirstie White,153,181,Left,Deep Backward Point,4,0,4,4,BackOfALength,Null,NotOut,HitHard,0,Cut,Null,Over,Medium,Left,Null,NotReferred,Null,False,False,False,False,False,False,870,False,False,False,False,False,False,4,0,0,0,0,False,True,,,,
403612,28,3.96,5.0,0.0,0.0,111.0,3.0,5.0,11976,,10817,Rachael Heyhoe Flint Trophy 2021,1,1067,South East Stars,1064,Northern Diamonds,2021-06-12T12:00:25Z,5,False,7047,Alex MacDonald,6979,Alice Capsey,6978,Kirstie White,224,74,Left,Extra Cover,0,0,0,0,LengthBall,Null,NotOut,Played,0,ForwardDefensive,Null,Over,Medium,Left,Null,NotReferred,Null,False,False,False,False,False,False,870,False,False,False,False,False,False,0,0,0,0,0,False,False,,,,
403612,28,3.96,5.0,0.0,0.0,111.0,3.0,5.0,11976,,10817,Rachael Heyhoe Flint Trophy 2021,1,1067,South East Stars,1064,Northern Diamonds,2021-06-12T12:00:49Z,6,False,7047,Alex MacDonald,6979,Alice Capsey,6978,Kirstie White,90,48,Left,Wicketkeeper,0,0,0,0,LengthBall,Null,NotOut,NoShot,0,Leave,Null,Over,Medium,Left,Null,NotReferred,Null,False,False,False,False,False,False,870,False,False,False,False,False,False,0,0,0,0,0,False,False,,,,
403616,29,3.93,3.0,0.0,0.0,114.0,3.0,3.0,11976,,10817,Rachael Heyhoe Flint Trophy 2021,1,1067,South East Stars,1064,Northern Diamonds,2021-06-12T12:01:37Z,1,False,417,Linsey Smith,6978,Kirstie White,6979,Alice Capsey,235,95,Left,Mid Off,1,0,1,1,HalfVolley,Null,NotOut,Played,0,Drive,Null,Round,Orthodox,Right,Null,NotReferred,Null,False,False,False,False,False,False,48,False,False,False,False,False,False,1,0,0,0,0,False,False,,,,
403616,29,3.93,3.0,0.0,0.0,114.0,3.0,3.0,11976,,10817,Rachael Heyhoe Flint Trophy 2021,1,1067,South East Stars,1064,Northern Diamonds,2021-06-12T12:02:04Z,2,False,417,Linsey Smith,6979,Alice Capsey,6978,Kirstie White,216,59,Left,Short Extra Cover,0,0,0,0,LengthBall,Null,NotOut,Played,0,ForwardDefensive,Null,Round,Orthodox,Right,Null,NotReferred,Null,False,False,False,False,False,False,48,False,False,False,False,False,False,0,0,0,0,0,False,False,,,,
403616,29,3.93,3.0,0.0,0.0,114.0,3.0,3.0,11976,,10817,Rachael Heyhoe Flint Trophy 2021,1,1067,South East Stars,1064,Northern Diamonds,2021-06-12T12:02:18Z,3,False,417,Linsey Smith,6979,Alice Capsey,6978,Kirstie White,225,104,Left,Mid Off,1,0,1,1,FullToss,Null,NotOut,Played,0,Drive,Null,Round,Orthodox,Right,Null,NotReferred,Null,False,False,False,False,False,False,48,False,False,False,False,False,False,1,0,0,0,0,False,False,,,,
403616,29,3.93,3.0,0.0,0.0,114.0,3.0,3.0,11976,,10817,Rachael Heyhoe Flint Trophy 2021,1,1067,South East Stars,1064,Northern Diamonds,2021-06-12T12:02:40Z,4,False,417,Linsey Smith,6978,Kirstie White,6979,Alice Capsey,244,108,Left,Mid Off,1,0,1,1,LengthBall,Null,NotOut,Played,0,Pushed,Null,Round,Orthodox,Right,Null,NotReferred,Null,False,False,False,False,False,False,48,False,False,False,False,False,False,1,0,0,0,0,False,False,,,,
403616,29,3.93,3.0,0.0,0.0,114.0,3.0,3.0,11976,,10817,Rachael Heyhoe Flint Trophy 2021,1,1067,South East Stars,1064,Northern Diamonds,2021-06-12T12:03:05Z,5,False,417,Linsey Smith,6979,Alice Capsey,6978,Kirstie White,212,44,Left,Short Extra Cover,0,0,0,0,LengthBall,Null,NotOut,Played,0,ForwardDefensive,Null,Round,Orthodox,Right,Null,NotReferred,Null,False,False,False,False,False,False,48,False,False,False,False,False,False,0,0,0,0,0,False,False,,,,
403616,29,3.93,3.0,0.0,0.0,114.0,3.0,3.0,11976,,10817,Rachael Heyhoe Flint Trophy 2021,1,1067,South East Stars,1064,Northern Diamonds,2021-06-12T12:03:19Z,6,False,417,Linsey Smith,6979,Alice Capsey,6978,Kirstie White,181,79,Left,Point,0,0,0,0,LengthBall,Null,NotOut,MisTimed,0,Cut,Null,Round,Orthodox,Right,Null,NotReferred,Null,False,False,False,False,False,False,48,False,False,False,False,False,False,0,0,0,0,0,False,False,,,,
403619,30,4.07,8.0,0.0,0.0,122.0,3.0,8.0,11976,,10817,Rachael Heyhoe Flint Trophy 2021,1,1067,South East Stars,1064,Northern Diamonds,2021-06-12T12:04:08Z,1,False,7047,Alex MacDonald,6978,Kirstie White,6979,Alice Capsey,334,209,Left,Deep Mid Wicket,4,0,4,4,BackOfALength,Null,NotOut,Played,0,Pull,Null,Over,Medium,Left,Null,NotReferred,Null,False,False,False,False,True,False,870,False,False,False,False,False,False,4,0,0,0,0,False,True,,,,
403619,30,4.07,8.0,0.0,0.0,122.0,3.0,8.0,11976,,10817,Rachael Heyhoe Flint Trophy 2021,1,1067,South East Stars,1064,Northern Diamonds,2021-06-12T12:04:54Z,2,False,7047,Alex MacDonald,6978,Kirstie White,6979,Alice Capsey,328,62,Left,Short Mid Wicket,0,0,0,0,LengthBall,Null,NotOut,Played,0,BackwardDefensive,Null,Over,Medium,Left,Null,NotReferred,Null,False,False,False,False,False,False,870,False,False,False,False,False,False,0,0,0,0,0,False,False,,,,
403619,30,4.07,8.0,0.0,0.0,122.0,3.0,8.0,11976,,10817,Rachael Heyhoe Flint Trophy 2021,1,1067,South East Stars,1064,Northern Diamonds,2021-06-12T12:05:20Z,3,False,7047,Alex MacDonald,6978,Kirstie White,6979,Alice Capsey,332,210,Left,Deep Mid Wicket,4,0,4,4,BackOfALength,Null,NotOut,HitHard,0,Pull,Null,Over,Medium,Left,Null,NotReferred,Null,False,False,False,False,True,False,870,False,False,False,False,False,False,4,0,0,0,0,False,True,,,,
403619,30,4.07,8.0,0.0,0.0,122.0,3.0,8.0,11976,,10817,Rachael Heyhoe Flint Trophy 2021,1,1067,South East Stars,1064,Northern Diamonds,2021-06-12T12:06:11Z,4,False,7047,Alex MacDonald,6978,Kirstie White,6979,Alice Capsey,270,40,Left,Bowler,0,0,0,0,BackOfALength,Null,NotOut,Played,0,BackwardDefensive,Null,Over,Medium,Left,Null,NotReferred,Null,False,False,False,False,False,False,870,False,False,False,False,False,False,0,0,0,0,0,False,False,,,,
403619,30,4.07,8.0,0.0,0.0,122.0,3.0,8.0,11976,,10817,Rachael Heyhoe Flint Trophy 2021,1,1067,South East Stars,1064,Northern Diamonds,2021-06-12T12:06:36Z,5,False,7047,Alex MacDonald,6978,Kirstie White,6979,Alice Capsey,182,49,Left,Point,0,0,0,0,LengthBall,Null,NotOut,Played,0,Dropped,Null,Over,Medium,Left,Null,NotReferred,Null,False,False,False,False,False,False,870,False,False,False,False,False,False,0,0,0,0,0,False,False,,,,
403619,30,4.07,8.0,0.0,0.0,122.0,3.0,8.0,11976,,10817,Rachael Heyhoe Flint Trophy 2021,1,1067,South East Stars,1064,Northern Diamonds,2021-06-12T12:07:02Z,6,False,7047,Alex MacDonald,6978,Kirstie White,6979,Alice Capsey,220,51,Left,Short Extra Cover,0,0,0,0,LengthBall,Null,NotOut,Played,0,ForwardDefensive,Null,Over,Medium,Left,Null,NotReferred,Null,False,False,False,False,False,False,870,False,False,False,False,False,False,0,0,0,0,0,False,False,,,,
403622,31,4.03,3.0,0.0,0.0,125.0,3.0,3.0,11976,,10817,Rachael Heyhoe Flint Trophy 2021,1,1067,South East Stars,1064,Northern Diamonds,2021-06-12T12:07:53Z,1,False,417,Linsey Smith,6979,Alice Capsey,6978,Kirstie White,190,126,Left,Deep Point,1,0,1,1,BackOfALength,Null,NotOut,Played,0,Cut,Null,Round,Orthodox,Right,Null,NotReferred,Null,False,False,False,False,False,False,48,False,False,False,False,False,False,1,0,0,0,0,False,False,,,,
403622,31,4.03,3.0,0.0,0.0,125.0,3.0,3.0,11976,,10817,Rachael Heyhoe Flint Trophy 2021,1,1067,South East Stars,1064,Northern Diamonds,2021-06-12T12:08:38Z,2,False,417,Linsey Smith,6978,Kirstie White,6979,Alice Capsey,215,75,Left,Extra Cover,1,0,1,1,LengthBall,Null,NotOut,Played,0,Pushed,Null,Round,Orthodox,Right,Null,NotReferred,Null,False,False,False,False,False,False,48,False,False,False,False,False,False,1,0,0,0,0,False,False,,,,
403622,31,4.03,3.0,0.0,0.0,125.0,3.0,3.0,11976,,10817,Rachael Heyhoe Flint Trophy 2021,1,1067,South East Stars,1064,Northern Diamonds,2021-06-12T12:08:59Z,3,False,417,Linsey Smith,6979,Alice Capsey,6978,Kirstie White,243,89,Left,Mid Off,0,0,0,0,HalfVolley,Null,NotOut,Played,0,Pushed,Null,Round,Orthodox,Right,Null,NotReferred,Null,False,False,False,False,False,False,48,False,False,False,False,False,False,0,0,0,0,0,False,False,,,,
403622,31,4.03,3.0,0.0,0.0,125.0,3.0,3.0,11976,,10817,Rachael Heyhoe Flint Trophy 2021,1,1067,South East Stars,1064,Northern Diamonds,2021-06-12T12:09:17Z,4,False,417,Linsey Smith,6979,Alice Capsey,6978,Kirstie White,214,72,Left,Extra Cover,0,0,0,0,LengthBall,Null,NotOut,Played,0,Cut,Null,Round,Orthodox,Right,Null,NotReferred,Null,False,False,False,False,False,False,48,False,False,False,False,False,False,0,0,0,0,0,False,False,,,,
403622,31,4.03,3.0,0.0,0.0,125.0,3.0,3.0,11976,,10817,Rachael Heyhoe Flint Trophy 2021,1,1067,South East Stars,1064,Northern Diamonds,2021-06-12T12:09:41Z,5,False,417,Linsey Smith,6979,Alice Capsey,6978,Kirstie White,90,48,Left,Wicketkeeper,0,0,0,0,HalfVolley,Null,NotOut,NoShot,0,Leave,Null,Round,Orthodox,Right,Null,NotReferred,Null,False,False,False,False,False,False,48,False,False,False,False,False,False,0,0,0,0,0,False,False,,,,
403622,31,4.03,3.0,0.0,0.0,125.0,3.0,3.0,11976,,10817,Rachael Heyhoe Flint Trophy 2021,1,1067,South East Stars,1064,Northern Diamonds,2021-06-12T12:09:59Z,6,False,417,Linsey Smith,6979,Alice Capsey,6978,Kirstie White,230,141,Left,Deep Extra Cover,1,0,1,1,HalfVolley,Null,NotOut,Played,0,Drive,Null,Round,Orthodox,Right,Null,NotReferred,Null,False,False,False,False,False,False,48,False,False,False,False,False,False,1,0,0,0,0,False,False,,,,
403626,32,3.97,2.0,0.0,0.0,127.0,3.0,2.0,11976,,10817,Rachael Heyhoe Flint Trophy 2021,1,1067,South East Stars,1064,Northern Diamonds,2021-06-12T12:11:19Z,1,False,3172,Hollie Armitage,6979,Alice Capsey,6978,Kirstie White,243,97,Left,Mid Off,0,0,0,0,Yorker,Null,NotOut,Played,0,Pushed,Null,Over,LegSpin,Left,Null,NotReferred,Null,False,False,False,False,False,False,870,False,False,False,False,False,False,0,0,0,0,0,False,False,,,,
403626,32,3.97,2.0,0.0,0.0,127.0,3.0,2.0,11976,,10817,Rachael Heyhoe Flint Trophy 2021,1,1067,South East Stars,1064,Northern Diamonds,2021-06-12T12:11:40Z,2,False,3172,Hollie Armitage,6979,Alice Capsey,6978,Kirstie White,213,91,Left,Extra Cover,0,0,0,0,Yorker,Null,NotOut,Played,0,Drive,Null,Over,LegSpin,Left,Null,NotReferred,Null,False,False,False,False,False,False,870,False,False,False,False,False,False,0,0,0,0,0,False,False,,,,
403626,32,3.97,2.0,0.0,0.0,127.0,3.0,2.0,11976,,10817,Rachael Heyhoe Flint Trophy 2021,1,1067,South East Stars,1064,Northern Diamonds,2021-06-12T12:11:55Z,3,False,3172,Hollie Armitage,6979,Alice Capsey,6978,Kirstie White,270,40,Left,Bowler,0,0,0,0,HalfVolley,Null,NotOut,Played,0,ForwardDefensive,Null,Over,LegSpin,Left,Null,NotReferred,Null,False,False,False,False,False,False,870,False,False,False,False,False,False,0,0,0,0,0,False,False,,,,
403626,32,3.97,2.0,0.0,0.0,127.0,3.0,2.0,11976,,10817,Rachael Heyhoe Flint Trophy 2021,1,1067,South East Stars,1064,Northern Diamonds,2021-06-12T12:12:13Z,4,False,3172,Hollie Armitage,6979,Alice Capsey,6978,Kirstie White,270,40,Left,Bowler,0,0,0,0,LengthBall,Null,NotOut,Played,0,ForwardDefensive,Null,Over,LegSpin,Left,Null,NotReferred,Null,False,False,False,False,False,False,870,False,False,False,False,False,False,0,0,0,0,0,False,False,,,,
403626,32,3.97,2.0,0.0,0.0,127.0,3.0,2.0,11976,,10817,Rachael Heyhoe Flint Trophy 2021,1,1067,South East Stars,1064,Northern Diamonds,2021-06-12T12:12:31Z,5,False,3172,Hollie Armitage,6979,Alice Capsey,6978,Kirstie White,197,145,Left,Deep Cover,1,0,1,1,BackOfALength,Null,NotOut,Played,0,Cut,Null,Over,LegSpin,Left,Null,NotReferred,Null,False,False,False,False,False,False,870,False,False,False,False,False,False,1,0,0,0,0,False,False,,,,
403626,32,3.97,2.0,0.0,0.0,127.0,3.0,2.0,11976,,10817,Rachael Heyhoe Flint Trophy 2021,1,1067,South East Stars,1064,Northern Diamonds,2021-06-12T12:13:00Z,6,False,3172,Hollie Armitage,6978,Kirstie White,6979,Alice Capsey,114,126,Left,Third Man,1,0,1,1,BackOfALength,Null,NotOut,Played,0,Steer,Null,Over,LegSpin,Left,Null,NotReferred,Null,False,False,False,False,False,False,870,False,False,False,False,False,False,1,0,0,0,0,False,False,,,,
403629,33,3.88,1.0,0.0,0.0,128.0,3.0,1.0,11976,,10817,Rachael Heyhoe Flint Trophy 2021,1,1067,South East Stars,1064,Northern Diamonds,2021-06-12T12:13:53Z,1,False,417,Linsey Smith,6978,Kirstie White,6979,Alice Capsey,173,79,Left,Point,0,0,0,0,LengthBall,Null,NotOut,Played,0,Cut,Null,Round,Orthodox,Right,Null,NotReferred,Null,False,False,False,False,False,False,48,False,False,False,False,False,False,0,0,0,0,0,False,False,,,,
403629,33,3.88,1.0,0.0,0.0,128.0,3.0,1.0,11976,,10817,Rachael Heyhoe Flint Trophy 2021,1,1067,South East Stars,1064,Northern Diamonds,2021-06-12T12:14:12Z,2,False,417,Linsey Smith,6978,Kirstie White,6979,Alice Capsey,90,48,Left,Wicketkeeper,0,0,0,0,HalfVolley,Null,NotOut,Missed,0,SlogSweep,Null,Round,Orthodox,Right,Null,NotReferred,Null,False,False,False,False,False,False,48,False,False,False,False,False,False,0,0,0,0,0,False,False,,,,
403629,33,3.88,1.0,0.0,0.0,128.0,3.0,1.0,11976,,10817,Rachael Heyhoe Flint Trophy 2021,1,1067,South East Stars,1064,Northern Diamonds,2021-06-12T12:14:35Z,3,False,417,Linsey Smith,6978,Kirstie White,6979,Alice Capsey,270,40,Left,Bowler,0,0,0,0,LengthBall,Null,NotOut,Played,0,ForwardDefensive,Null,Round,Orthodox,Right,Null,NotReferred,Null,False,False,False,False,False,False,48,False,False,False,False,False,False,0,0,0,0,0,False,False,,,,
403629,33,3.88,1.0,0.0,0.0,128.0,3.0,1.0,11976,,10817,Rachael Heyhoe Flint Trophy 2021,1,1067,South East Stars,1064,Northern Diamonds,2021-06-12T12:14:50Z,4,False,417,Linsey Smith,6978,Kirstie White,6979,Alice Capsey,270,40,Left,Bowler,0,0,0,0,HalfVolley,Null,NotOut,Played,0,Drive,Null,Round,Orthodox,Right,Null,NotReferred,Null,False,False,False,False,False,False,48,False,False,False,False,False,False,0,0,0,0,0,False,False,,,,
403629,33,3.88,1.0,0.0,0.0,128.0,3.0,1.0,11976,,10817,Rachael Heyhoe Flint Trophy 2021,1,1067,South East Stars,1064,Northern Diamonds,2021-06-12T12:15:21Z,5,False,417,Linsey Smith,6978,Kirstie White,6979,Alice Capsey,270,40,Left,Bowler,0,0,0,0,LengthBall,Null,NotOut,Played,0,ForwardDefensive,Null,Round,Orthodox,Right,Null,NotReferred,Null,False,False,False,False,False,False,48,False,False,False,False,False,False,0,0,0,0,0,False,False,,,,
403629,33,3.88,1.0,0.0,0.0,128.0,3.0,1.0,11976,,10817,Rachael Heyhoe Flint Trophy 2021,1,1067,South East Stars,1064,Northern Diamonds,2021-06-12T12:15:41Z,6,False,417,Linsey Smith,6978,Kirstie White,6979,Alice Capsey,181,85,Left,Point,1,0,1,1,BackOfALength,Null,NotOut,Played,0,Cut,Null,Round,Orthodox,Right,Null,NotReferred,Null,False,False,False,False,False,False,48,False,False,False,False,False,False,1,0,0,0,0,False,False,,,,
403631,34,4.21,15.0,0.0,1.0,143.0,3.0,15.0,11976,,10817,Rachael Heyhoe Flint Trophy 2021,1,1067,South East Stars,1064,Northern Diamonds,2021-06-12T12:16:34Z,1,False,3172,Hollie Armitage,6978,Kirstie White,6979,Alice Capsey,244,196,Left,Long Off,4,0,4,4,HalfVolley,Null,NotOut,HitHard,0,Drive,Null,Over,LegSpin,Left,Null,NotReferred,Null,False,False,False,False,True,False,870,False,False,False,False,False,False,4,0,0,0,0,False,True,,,,
403631,34,4.21,15.0,0.0,1.0,143.0,3.0,15.0,11976,,10817,Rachael Heyhoe Flint Trophy 2021,1,1067,South East Stars,1064,Northern Diamonds,2021-06-12T12:17:06Z,2,False,3172,Hollie Armitage,6978,Kirstie White,6979,Alice Capsey,13,144,Left,Deep Backward Square Leg,1,0,1,1,FullToss,Null,NotOut,Played,0,Sweep,Null,Over,LegSpin,Left,Null,NotReferred,Null,False,False,False,False,False,False,870,False,False,False,False,False,False,1,0,0,0,0,False,False,,,,
403631,34,4.21,15.0,0.0,1.0,143.0,3.0,15.0,11976,,10817,Rachael Heyhoe Flint Trophy 2021,1,1067,South East Stars,1064,Northern Diamonds,2021-06-12T12:17:33Z,3,False,3172,Hollie Armitage,6979,Alice Capsey,6978,Kirstie White,322,81,Left,Mid Wicket,0,0,0,0,HalfVolley,Null,NotOut,Played,0,Pushed,Null,Over,LegSpin,Left,Null,NotReferred,Null,False,False,False,False,False,False,870,False,False,False,False,False,False,0,0,0,0,0,False,False,,,,
403631,34,4.21,15.0,0.0,1.0,143.0,3.0,15.0,11976,,10817,Rachael Heyhoe Flint Trophy 2021,1,1067,South East Stars,1064,Northern Diamonds,2021-06-12T12:17:50Z,4,False,3172,Hollie Armitage,6979,Alice Capsey,6978,Kirstie White,75,188,Left,Fine Leg,4,0,4,4,HalfVolley,Null,NotOut,Played,0,Scoop,Null,Over,LegSpin,Left,Null,NotReferred,Null,False,False,False,False,False,False,870,False,False,False,False,False,False,4,0,0,0,0,False,True,,,,
403631,34,4.21,15.0,0.0,1.0,143.0,3.0,15.0,11976,,10817,Rachael Heyhoe Flint Trophy 2021,1,1067,South East Stars,1064,Northern Diamonds,2021-06-12T12:18:31Z,5,False,3172,Hollie Armitage,6979,Alice Capsey,6978,Kirstie White,30,200,Left,Fine Leg,4,0,4,4,BackOfALength,Null,NotOut,Played,0,Pull,Null,Over,LegSpin,Left,Null,NotReferred,Null,False,False,False,False,False,False,870,False,False,False,False,False,False,4,0,0,0,0,False,True,,,,
403631,34,4.21,15.0,0.0,1.0,143.0,3.0,15.0,11976,,10817,Rachael Heyhoe Flint Trophy 2021,1,1067,South East Stars,1064,Northern Diamonds,2021-06-12T12:19:07Z,6,False,3172,Hollie Armitage,6979,Alice Capsey,6978,Kirstie White,90,48,Left,Wicketkeeper,1,1,1,0,LengthBall,Null,NotOut,NoShot,0,Leave,Null,Over,LegSpin,Left,Null,NotReferred,Null,True,False,False,False,False,False,870,False,False,False,False,False,False,0,0,1,0,0,False,False,,,,
403631,34,4.21,15.0,0.0,1.0,143.0,3.0,15.0,11976,,10817,Rachael Heyhoe Flint Trophy 2021,1,1067,South East Stars,1064,Northern Diamonds,2021-06-12T12:19:21Z,6,False,3172,Hollie Armitage,6979,Alice Capsey,6978,Kirstie White,211,162,Left,Deep Extra Cover,1,0,1,1,Yorker,Null,NotOut,Played,0,Drive,Null,Over,LegSpin,Left,Null,NotReferred,Null,False,False,False,False,False,False,870,False,False,False,False,False,False,1,0,0,0,0,False,False,,,,
403636,35,4.23,5.0,0.0,0.0,148.0,3.0,5.0,11976,,10817,Rachael Heyhoe Flint Trophy 2021,1,1067,South East Stars,1064,Northern Diamonds,2021-06-12T12:20:21Z,1,False,417,Linsey Smith,6979,Alice Capsey,6978,Kirstie White,257,130,Left,Long Off,1,0,1,1,HalfVolley,Null,NotOut,Played,0,Drive,Null,Round,Orthodox,Right,Null,NotReferred,Null,False,False,False,False,False,False,48,False,False,False,False,False,False,1,0,0,0,0,False,False,,,,
403636,35,4.23,5.0,0.0,0.0,148.0,3.0,5.0,11976,,10817,Rachael Heyhoe Flint Trophy 2021,1,1067,South East Stars,1064,Northern Diamonds,2021-06-12T12:21:03Z,2,False,417,Linsey Smith,6978,Kirstie White,6979,Alice Capsey,222,74,Left,Extra Cover,0,0,0,0,Yorker,Null,NotOut,Played,0,Pushed,Null,Round,Orthodox,Right,Null,NotReferred,Null,False,False,False,False,False,False,48,False,False,False,False,False,False,0,0,0,0,0,False,False,,,,
403636,35,4.23,5.0,0.0,0.0,148.0,3.0,5.0,11976,,10817,Rachael Heyhoe Flint Trophy 2021,1,1067,South East Stars,1064,Northern Diamonds,2021-06-12T12:21:18Z,3,False,417,Linsey Smith,6978,Kirstie White,6979,Alice Capsey,53,135,Left,Fine Leg,1,0,1,1,HalfVolley,Null,NotOut,Edged,0,Sweep,Null,Round,Orthodox,Right,Null,NotReferred,Null,False,False,False,False,False,False,48,False,False,False,False,False,False,1,0,0,0,0,False,False,,,,
403636,35,4.23,5.0,0.0,0.0,148.0,3.0,5.0,11976,,10817,Rachael Heyhoe Flint Trophy 2021,1,1067,South East Stars,1064,Northern Diamonds,2021-06-12T12:21:53Z,4,False,417,Linsey Smith,6979,Alice Capsey,6978,Kirstie White,246,111,Left,Mid Off,1,0,1,1,BackOfALength,Null,NotOut,Played,0,Pushed,Null,Round,Orthodox,Right,Null,NotReferred,Null,False,False,False,False,False,False,48,False,False,False,False,False,False,1,0,0,0,0,False,False,,,,
403636,35,4.23,5.0,0.0,0.0,148.0,3.0,5.0,11976,,10817,Rachael Heyhoe Flint Trophy 2021,1,1067,South East Stars,1064,Northern Diamonds,2021-06-12T12:22:16Z,5,False,417,Linsey Smith,6978,Kirstie White,6979,Alice Capsey,74,131,Left,Fine Leg,2,0,2,2,LengthBall,Null,NotOut,MisTimed,0,Sweep,Null,Round,Orthodox,Right,Null,NotReferred,Null,False,False,False,False,False,False,48,False,False,False,False,False,False,2,0,0,0,0,False,False,,,,
403636,35,4.23,5.0,0.0,0.0,148.0,3.0,5.0,11976,,10817,Rachael Heyhoe Flint Trophy 2021,1,1067,South East Stars,1064,Northern Diamonds,2021-06-12T12:22:46Z,6,False,417,Linsey Smith,6978,Kirstie White,6979,Alice Capsey,90,48,Left,Wicketkeeper,0,0,0,0,HalfVolley,Null,NotOut,Missed,0,Sweep,Null,Round,Orthodox,Right,Null,NotReferred,Null,False,False,False,False,False,False,48,False,False,False,False,False,False,0,0,0,0,0,False,False,,,,
403640,36,4.25,5.0,0.0,1.0,153.0,3.0,5.0,11976,,10817,Rachael Heyhoe Flint Trophy 2021,1,1067,South East Stars,1064,Northern Diamonds,2021-06-12T12:24:34Z,1,False,3172,Hollie Armitage,6979,Alice Capsey,6978,Kirstie White,209,86,Left,Extra Cover,0,0,0,0,BackOfALength,Null,NotOut,Played,0,Pushed,Null,Over,LegSpin,Left,Null,NotReferred,Null,False,False,False,False,False,False,870,False,False,False,False,False,False,0,0,0,0,0,False,False,,,,
403640,36,4.25,5.0,0.0,1.0,153.0,3.0,5.0,11976,,10817,Rachael Heyhoe Flint Trophy 2021,1,1067,South East Stars,1064,Northern Diamonds,2021-06-12T12:24:51Z,2,False,3172,Hollie Armitage,6979,Alice Capsey,6978,Kirstie White,306,148,Left,Long On,1,0,1,1,BackOfALength,Null,NotOut,Played,0,Worked,Null,Over,LegSpin,Left,Null,NotReferred,Null,False,False,False,False,False,False,870,False,False,False,False,False,False,1,0,0,0,0,False,False,,,,
403640,36,4.25,5.0,0.0,1.0,153.0,3.0,5.0,11976,,10817,Rachael Heyhoe Flint Trophy 2021,1,1067,South East Stars,1064,Northern Diamonds,2021-06-12T12:25:32Z,3,False,3172,Hollie Armitage,6978,Kirstie White,6979,Alice Capsey,90,48,Left,Wicketkeeper,1,1,1,0,Yorker,Null,NotOut,Missed,0,Sweep,Null,Over,LegSpin,Left,Null,NotReferred,Null,True,False,False,False,False,False,870,False,False,False,False,False,False,0,0,1,0,0,False,False,,,,
403640,36,4.25,5.0,0.0,1.0,153.0,3.0,5.0,11976,,10817,Rachael Heyhoe Flint Trophy 2021,1,1067,South East Stars,1064,Northern Diamonds,2021-06-12T12:25:53Z,3,False,3172,Hollie Armitage,6978,Kirstie White,6979,Alice Capsey,331,166,Left,Deep Mid Wicket,1,0,1,1,BackOfALength,Null,NotOut,Played,0,Pull,Null,Over,LegSpin,Left,Null,NotReferred,Null,False,False,False,False,False,False,870,False,False,False,False,False,False,1,0,0,0,0,False,False,,,,
403640,36,4.25,5.0,0.0,1.0,153.0,3.0,5.0,11976,,10817,Rachael Heyhoe Flint Trophy 2021,1,1067,South East Stars,1064,Northern Diamonds,2021-06-12T12:26:16Z,4,False,3172,Hollie Armitage,6979,Alice Capsey,6978,Kirstie White,337,159,Left,Deep Mid Wicket,1,0,1,1,BackOfALength,Null,NotOut,Played,0,Pull,Null,Over,LegSpin,Left,Null,NotReferred,Null,False,False,False,False,False,False,870,False,False,False,False,False,False,1,0,0,0,0,False,False,,,,
403640,36,4.25,5.0,0.0,1.0,153.0,3.0,5.0,11976,,10817,Rachael Heyhoe Flint Trophy 2021,1,1067,South East Stars,1064,Northern Diamonds,2021-06-12T12:26:37Z,5,False,3172,Hollie Armitage,6978,Kirstie White,6979,Alice Capsey,213,91,Left,Extra Cover,0,0,0,0,BackOfALength,Null,NotOut,Played,0,Pushed,Null,Over,LegSpin,Left,Null,NotReferred,Null,False,False,False,False,False,False,870,False,False,False,False,False,False,0,0,0,0,0,False,False,,,,
403640,36,4.25,5.0,0.0,1.0,153.0,3.0,5.0,11976,,10817,Rachael Heyhoe Flint Trophy 2021,1,1067,South East Stars,1064,Northern Diamonds,2021-06-12T12:26:57Z,6,False,3172,Hollie Armitage,6978,Kirstie White,6979,Alice Capsey,336,134,Left,Deep Mid Wicket,1,0,1,1,LengthBall,Null,NotOut,Played,0,Worked,Null,Over,LegSpin,Left,Null,NotReferred,Null,False,False,False,False,False,False,870,False,False,False,False,False,False,1,0,0,0,0,False,False,,,,
403645,37,4.16,1.0,0.0,0.0,154.0,3.0,1.0,11976,,10817,Rachael Heyhoe Flint Trophy 2021,1,1067,South East Stars,1064,Northern Diamonds,2021-06-12T12:27:53Z,1,False,417,Linsey Smith,6978,Kirstie White,6979,Alice Capsey,270,40,Left,Bowler,0,0,0,0,LengthBall,Null,NotOut,Played,0,ForwardDefensive,Null,Round,Orthodox,Right,Null,NotReferred,Null,False,False,False,False,False,False,48,False,False,False,False,False,False,0,0,0,0,0,False,False,,,,
403645,37,4.16,1.0,0.0,0.0,154.0,3.0,1.0,11976,,10817,Rachael Heyhoe Flint Trophy 2021,1,1067,South East Stars,1064,Northern Diamonds,2021-06-12T12:28:14Z,2,False,417,Linsey Smith,6978,Kirstie White,6979,Alice Capsey,214,59,Left,Short Extra Cover,0,0,0,0,LengthBall,Null,NotOut,Played,0,ForwardDefensive,Null,Round,Orthodox,Right,Null,NotReferred,Null,False,False,False,False,False,False,48,False,False,False,False,False,False,0,0,0,0,0,False,False,,,,
403645,37,4.16,1.0,0.0,0.0,154.0,3.0,1.0,11976,,10817,Rachael Heyhoe Flint Trophy 2021,1,1067,South East Stars,1064,Northern Diamonds,2021-06-12T12:28:30Z,3,False,417,Linsey Smith,6978,Kirstie White,6979,Alice Capsey,188,42,Left,Point,0,0,0,0,Yorker,Null,NotOut,Played,0,ForwardDefensive,Null,Round,Orthodox,Right,Null,NotReferred,Null,False,False,False,False,False,False,48,False,False,False,False,False,False,0,0,0,0,0,False,False,,,,
403645,37,4.16,1.0,0.0,0.0,154.0,3.0,1.0,11976,,10817,Rachael Heyhoe Flint Trophy 2021,1,1067,South East Stars,1064,Northern Diamonds,2021-06-12T12:28:52Z,4,False,417,Linsey Smith,6978,Kirstie White,6979,Alice Capsey,228,24,Left,Silly Point,0,0,0,0,LengthBall,Null,NotOut,Played,0,ForwardDefensive,Null,Round,Orthodox,Right,Null,NotReferred,Null,False,False,False,False,False,False,48,False,False,False,False,False,False,0,0,0,0,0,False,False,,,,
403645,37,4.16,1.0,0.0,0.0,154.0,3.0,1.0,11976,,10817,Rachael Heyhoe Flint Trophy 2021,1,1067,South East Stars,1064,Northern Diamonds,2021-06-12T12:29:09Z,5,False,417,Linsey Smith,6978,Kirstie White,6979,Alice Capsey,172,58,Left,Gully,0,0,0,0,LengthBall,Null,NotOut,Played,0,ForwardDefensive,Null,Round,Orthodox,Right,Null,NotReferred,Null,False,False,False,False,False,False,48,False,False,False,False,False,False,0,0,0,0,0,False,False,,,,
403645,37,4.16,1.0,0.0,0.0,154.0,3.0,1.0,11976,,10817,Rachael Heyhoe Flint Trophy 2021,1,1067,South East Stars,1064,Northern Diamonds,2021-06-12T12:29:29Z,6,False,417,Linsey Smith,6978,Kirstie White,6979,Alice Capsey,323,164,Left,Deep Mid Wicket,1,0,1,1,HalfVolley,Null,NotOut,Played,0,SlogSweep,Null,Round,Orthodox,Right,Null,NotReferred,Null,False,False,False,False,False,False,48,False,False,False,False,False,False,1,0,0,0,0,False,False,,,,
403649,38,4.16,4.0,1.0,0.0,158.0,4.0,4.0,11976,,10817,Rachael Heyhoe Flint Trophy 2021,1,1067,South East Stars,1064,Northern Diamonds,2021-06-12T12:30:51Z,1,False,7078,Phoebe Graham,6978,Kirstie White,6979,Alice Capsey,148,140,Left,Third Man,2,0,2,2,BackOfALength,Null,NotOut,Played,0,Cut,Null,Over,Medium,Left,Null,NotReferred,Null,False,False,False,False,False,False,870,False,False,False,False,False,False,2,0,0,0,0,False,False,,,,
403649,38,4.16,4.0,1.0,0.0,158.0,4.0,4.0,11976,,10817,Rachael Heyhoe Flint Trophy 2021,1,1067,South East Stars,1064,Northern Diamonds,2021-06-12T12:31:27Z,2,False,7078,Phoebe Graham,6978,Kirstie White,6979,Alice Capsey,138,128,Left,Third Man,1,0,1,1,BackOfALength,Null,NotOut,Played,0,Steer,Null,Over,Medium,Left,Null,NotReferred,Null,False,False,False,False,False,False,870,False,False,False,False,False,False,1,0,0,0,0,False,False,,,,
403649,38,4.16,4.0,1.0,0.0,158.0,4.0,4.0,11976,,10817,Rachael Heyhoe Flint Trophy 2021,1,1067,South East Stars,1064,Northern Diamonds,2021-06-12T12:31:56Z,3,False,7078,Phoebe Graham,6979,Alice Capsey,6978,Kirstie White,202,72,Left,Cover,0,0,0,0,HalfVolley,Null,NotOut,MisTimed,0,Pushed,Null,Over,Medium,Left,Null,NotReferred,Null,False,False,False,False,False,False,870,False,False,False,False,False,False,0,0,0,0,0,False,False,,,,
403649,38,4.16,4.0,1.0,0.0,158.0,4.0,4.0,11976,,10817,Rachael Heyhoe Flint Trophy 2021,1,1067,South East Stars,1064,Northern Diamonds,2021-06-12T12:32:19Z,4,True,7078,Phoebe Graham,6979,Alice Capsey,6978,Kirstie White,300,101,Left,Mid On,0,0,0,0,BackOfALength,Null,NotOut,MisTimed,0,Pull,Null,Over,Medium,Left,Out1stUmpire,NotReferred,Null,False,False,False,False,False,False,48,False,False,False,False,False,False,0,0,0,0,0,False,False,Caught,6979.0,Alice Capsey,Caught
403649,38,4.16,4.0,1.0,0.0,158.0,4.0,4.0,11976,,10817,Rachael Heyhoe Flint Trophy 2021,1,1067,South East Stars,1064,Northern Diamonds,2021-06-12T12:34:08Z,5,False,7078,Phoebe Graham,6978,Kirstie White,393,Aylish Cranstone,165,136,Left,Deep Backward Point,1,0,1,1,LengthBall,Null,NotOut,Played,0,Cut,Null,Over,Medium,Left,Null,NotReferred,Null,False,False,False,False,False,False,870,False,False,False,False,False,False,1,0,0,0,0,False,False,,,,
403649,38,4.16,4.0,1.0,0.0,158.0,4.0,4.0,11976,,10817,Rachael Heyhoe Flint Trophy 2021,1,1067,South East Stars,1064,Northern Diamonds,2021-06-12T12:34:59Z,6,False,7078,Phoebe Graham,393,Aylish Cranstone,6978,Kirstie White,343,72,Right,Cover,0,0,0,0,LengthBall,Null,NotOut,Played,0,Pushed,Null,Over,Medium,Left,Null,NotReferred,Null,False,False,False,False,False,False,870,False,False,False,False,False,False,0,0,0,0,0,False,False,,,,
403654,39,4.23,7.0,0.0,0.0,165.0,4.0,7.0,11976,,10817,Rachael Heyhoe Flint Trophy 2021,1,1067,South East Stars,1064,Northern Diamonds,2021-06-12T12:35:56Z,1,False,417,Linsey Smith,6978,Kirstie White,393,Aylish Cranstone,303,69,Left,Mid On,0,0,0,0,LengthBall,Null,NotOut,Played,0,Pushed,Null,Round,Orthodox,Right,Null,NotReferred,Null,False,False,False,False,False,False,48,False,False,False,False,False,False,0,0,0,0,0,False,False,,,,
403654,39,4.23,7.0,0.0,0.0,165.0,4.0,7.0,11976,,10817,Rachael Heyhoe Flint Trophy 2021,1,1067,South East Stars,1064,Northern Diamonds,2021-06-12T12:36:04Z,2,False,417,Linsey Smith,6978,Kirstie White,393,Aylish Cranstone,329,200,Left,Deep Mid Wicket,4,0,4,4,LengthBall,Null,NotOut,HitHard,0,SlogSweep,Null,Round,Orthodox,Right,Null,NotReferred,Null,False,False,False,False,True,False,48,False,False,False,False,False,False,4,0,0,0,0,False,True,,,,
403654,39,4.23,7.0,0.0,0.0,165.0,4.0,7.0,11976,,10817,Rachael Heyhoe Flint Trophy 2021,1,1067,South East Stars,1064,Northern Diamonds,2021-06-12T12:36:37Z,3,False,417,Linsey Smith,6978,Kirstie White,393,Aylish Cranstone,323,167,Left,Deep Mid Wicket,1,0,1,1,LengthBall,Null,NotOut,Played,0,Flick,Null,Round,Orthodox,Right,Null,NotReferred,Null,False,False,False,False,False,False,48,False,False,False,False,False,False,1,0,0,0,0,False,False,,,,
403654,39,4.23,7.0,0.0,0.0,165.0,4.0,7.0,11976,,10817,Rachael Heyhoe Flint Trophy 2021,1,1067,South East Stars,1064,Northern Diamonds,2021-06-12T12:37:28Z,4,False,417,Linsey Smith,393,Aylish Cranstone,6978,Kirstie White,150,120,Right,Fine Leg,1,0,1,1,LengthBall,Null,NotOut,Played,0,Worked,Null,Over,Orthodox,Right,Null,NotReferred,Null,False,False,False,False,False,False,48,False,False,False,False,False,False,1,0,0,0,0,False,False,,,,
403654,39,4.23,7.0,0.0,0.0,165.0,4.0,7.0,11976,,10817,Rachael Heyhoe Flint Trophy 2021,1,1067,South East Stars,1064,Northern Diamonds,2021-06-12T12:38:01Z,5,False,417,Linsey Smith,6978,Kirstie White,393,Aylish Cranstone,120,95,Left,Short Third Man,1,0,1,1,LengthBall,Null,NotOut,Played,0,Steer,Null,Round,Orthodox,Right,Null,NotReferred,Null,False,False,False,False,False,False,48,False,False,False,False,False,False,1,0,0,0,0,False,False,,,,
403654,39,4.23,7.0,0.0,0.0,165.0,4.0,7.0,11976,,10817,Rachael Heyhoe Flint Trophy 2021,1,1067,South East Stars,1064,Northern Diamonds,2021-06-12T12:38:28Z,6,False,417,Linsey Smith,393,Aylish Cranstone,6978,Kirstie White,212,59,Right,Short Mid Wicket,0,0,0,0,BackOfALength,Null,NotOut,Played,0,Worked,Null,Over,Orthodox,Right,Null,NotReferred,Null,False,False,False,False,False,False,48,False,False,False,False,False,False,0,0,0,0,0,False,False,,,,
403658,40,4.38,10.0,0.0,0.0,175.0,4.0,10.0,11976,,10817,Rachael Heyhoe Flint Trophy 2021,1,1067,South East Stars,1064,Northern Diamonds,2021-06-12T12:39:10Z,1,False,7078,Phoebe Graham,6978,Kirstie White,393,Aylish Cranstone,197,135,Left,Deep Cover,1,0,1,1,HalfVolley,Null,NotOut,Played,0,Drive,Null,Over,Medium,Left,Null,NotReferred,Null,False,False,False,False,False,False,870,False,False,False,False,False,False,1,0,0,0,0,False,False,,,,
403658,40,4.38,10.0,0.0,0.0,175.0,4.0,10.0,11976,,10817,Rachael Heyhoe Flint Trophy 2021,1,1067,South East Stars,1064,Northern Diamonds,2021-06-12T12:39:38Z,2,False,7078,Phoebe Graham,393,Aylish Cranstone,6978,Kirstie White,127,132,Right,Fine Leg,1,0,1,1,BackOfALength,Null,NotOut,Played,0,Pull,Null,Over,Medium,Left,Null,NotReferred,Null,False,False,False,False,False,False,870,False,False,False,False,False,False,1,0,0,0,0,False,False,,,,
403658,40,4.38,10.0,0.0,0.0,175.0,4.0,10.0,11976,,10817,Rachael Heyhoe Flint Trophy 2021,1,1067,South East Stars,1064,Northern Diamonds,2021-06-12T12:40:06Z,3,False,7078,Phoebe Graham,6978,Kirstie White,393,Aylish Cranstone,214,204,Left,Deep Extra Cover,4,0,4,4,HalfVolley,Null,NotOut,HitHard,0,Drive,Null,Over,Medium,Left,Null,NotReferred,Null,False,False,False,False,False,False,870,False,False,False,False,False,False,4,0,0,0,0,False,True,,,,
403658,40,4.38,10.0,0.0,0.0,175.0,4.0,10.0,11976,,10817,Rachael Heyhoe Flint Trophy 2021,1,1067,South East Stars,1064,Northern Diamonds,2021-06-12T12:40:35Z,4,False,7078,Phoebe Graham,6978,Kirstie White,393,Aylish Cranstone,298,95,Left,Mid On,0,0,0,0,Yorker,Null,NotOut,Played,0,Pushed,Null,Over,Medium,Left,Null,NotReferred,Null,False,False,False,False,False,False,870,False,False,False,False,False,False,0,0,0,0,0,False,False,,,,
403658,40,4.38,10.0,0.0,0.0,175.0,4.0,10.0,11976,,10817,Rachael Heyhoe Flint Trophy 2021,1,1067,South East Stars,1064,Northern Diamonds,2021-06-12T12:41:01Z,5,False,7078,Phoebe Graham,6978,Kirstie White,393,Aylish Cranstone,350,192,Left,Deep Mid Wicket,4,0,4,4,BackOfALength,Null,NotOut,HitHard,0,Pull,Null,Over,Medium,Left,Null,NotReferred,Null,False,False,False,False,False,False,870,False,False,False,False,False,False,4,0,0,0,0,False,True,,,,
403658,40,4.38,10.0,0.0,0.0,175.0,4.0,10.0,11976,,10817,Rachael Heyhoe Flint Trophy 2021,1,1067,South East Stars,1064,Northern Diamonds,2021-06-12T12:41:46Z,6,False,7078,Phoebe Graham,6978,Kirstie White,393,Aylish Cranstone,301,98,Left,Mid On,0,0,0,0,HalfVolley,Null,NotOut,Played,0,Pushed,Null,Over,Medium,Left,Null,NotReferred,Null,False,False,False,False,False,False,870,False,False,False,False,False,False,0,0,0,0,0,False,False,,,,
403661,41,4.44,7.0,0.0,0.0,182.0,4.0,7.0,11976,,10817,Rachael Heyhoe Flint Trophy 2021,1,1067,South East Stars,1064,Northern Diamonds,2021-06-12T12:43:04Z,1,False,426,Beth Langston,393,Aylish Cranstone,6978,Kirstie White,252,6,Right,Short Leg,0,0,0,0,Yorker,Null,NotOut,Played,0,ForwardDefensive,Null,Over,Medium,Left,Null,NotReferred,Null,False,False,False,False,False,False,48,False,False,False,False,False,False,0,0,0,0,0,False,False,,,,
403661,41,4.44,7.0,0.0,0.0,182.0,4.0,7.0,11976,,10817,Rachael Heyhoe Flint Trophy 2021,1,1067,South East Stars,1064,Northern Diamonds,2021-06-12T12:43:30Z,2,False,426,Beth Langston,393,Aylish Cranstone,6978,Kirstie White,336,195,Right,Deep Cover,4,0,4,4,HalfVolley,Null,NotOut,HitHard,0,Drive,Null,Over,Medium,Left,Null,NotReferred,Null,False,False,False,False,False,False,48,False,False,False,False,False,False,4,0,0,0,0,False,True,,,,
403661,41,4.44,7.0,0.0,0.0,182.0,4.0,7.0,11976,,10817,Rachael Heyhoe Flint Trophy 2021,1,1067,South East Stars,1064,Northern Diamonds,2021-06-12T12:44:04Z,3,False,426,Beth Langston,393,Aylish Cranstone,6978,Kirstie White,115,120,Right,Fine Leg,1,0,1,1,LengthBall,Null,NotOut,Played,0,Glance,Null,Over,Medium,Left,Null,NotReferred,Null,False,False,False,False,False,False,48,False,False,False,False,False,False,1,0,0,0,0,False,False,,,,
403661,41,4.44,7.0,0.0,0.0,182.0,4.0,7.0,11976,,10817,Rachael Heyhoe Flint Trophy 2021,1,1067,South East Stars,1064,Northern Diamonds,2021-06-12T12:44:36Z,4,False,426,Beth Langston,6978,Kirstie White,393,Aylish Cranstone,270,40,Left,Bowler,0,0,0,0,BackOfALength,Null,NotOut,MisTimed,0,Pull,Null,Over,Medium,Left,Null,NotReferred,Null,False,False,False,False,False,False,48,False,False,False,False,False,False,0,0,0,0,0,False,False,,,,
403661,41,4.44,7.0,0.0,0.0,182.0,4.0,7.0,11976,,10817,Rachael Heyhoe Flint Trophy 2021,1,1067,South East Stars,1064,Northern Diamonds,2021-06-12T12:45:09Z,5,False,426,Beth Langston,6978,Kirstie White,393,Aylish Cranstone,291,102,Left,Mid On,0,0,0,0,BackOfALength,Null,NotOut,MisTimed,0,Pull,Null,Over,Medium,Left,Null,NotReferred,Null,False,False,False,False,False,False,48,False,False,False,False,False,False,0,0,0,0,0,False,False,,,,
403661,41,4.44,7.0,0.0,0.0,182.0,4.0,7.0,11976,,10817,Rachael Heyhoe Flint Trophy 2021,1,1067,South East Stars,1064,Northern Diamonds,2021-06-12T12:45:35Z,6,False,426,Beth Langston,6978,Kirstie White,393,Aylish Cranstone,134,106,Left,Short Third Man,2,0,2,2,LengthBall,Null,NotOut,Played,0,Steer,Null,Over,Medium,Left,Null,NotReferred,Null,False,False,False,False,False,False,48,False,False,False,False,False,False,2,0,0,0,0,False,False,,,,
403665,42,4.57,10.0,0.0,0.0,192.0,4.0,10.0,11976,,10817,Rachael Heyhoe Flint Trophy 2021,1,1067,South East Stars,1064,Northern Diamonds,2021-06-12T12:46:31Z,1,False,7078,Phoebe Graham,393,Aylish Cranstone,6978,Kirstie White,344,139,Right,Deep Cover,1,0,1,1,LengthBall,Null,NotOut,Played,0,Pushed,Null,Over,Medium,Left,Null,NotReferred,Null,False,False,False,False,False,False,870,False,False,False,False,False,False,1,0,0,0,0,False,False,,,,
403665,42,4.57,10.0,0.0,0.0,192.0,4.0,10.0,11976,,10817,Rachael Heyhoe Flint Trophy 2021,1,1067,South East Stars,1064,Northern Diamonds,2021-06-12T12:47:04Z,2,False,7078,Phoebe Graham,6978,Kirstie White,393,Aylish Cranstone,1,151,Left,Deep Square Leg,1,0,1,1,LengthBall,Null,NotOut,Played,0,Flick,Null,Over,Medium,Left,Null,NotReferred,Null,False,False,False,False,False,False,870,False,False,False,False,False,False,1,0,0,0,0,False,False,,,,
403665,42,4.57,10.0,0.0,0.0,192.0,4.0,10.0,11976,,10817,Rachael Heyhoe Flint Trophy 2021,1,1067,South East Stars,1064,Northern Diamonds,2021-06-12T12:47:35Z,3,False,7078,Phoebe Graham,393,Aylish Cranstone,6978,Kirstie White,154,187,Right,Deep Backward Square Leg,4,0,4,4,BackOfALength,Null,NotOut,HitHard,0,Pull,Null,Over,Medium,Left,Null,NotReferred,Null,False,False,False,False,False,False,870,False,False,False,False,False,False,4,0,0,0,0,False,True,,,,
403665,42,4.57,10.0,0.0,0.0,192.0,4.0,10.0,11976,,10817,Rachael Heyhoe Flint Trophy 2021,1,1067,South East Stars,1064,Northern Diamonds,2021-06-12T12:48:04Z,4,False,7078,Phoebe Graham,393,Aylish Cranstone,6978,Kirstie White,70,176,Right,Third Man,4,0,4,4,LengthBall,Null,NotOut,Edged,0,Slog,Null,Over,Medium,Left,Null,NotReferred,Null,False,False,False,False,False,False,870,False,False,False,False,False,False,4,0,0,0,0,False,True,,,,
403665,42,4.57,10.0,0.0,0.0,192.0,4.0,10.0,11976,,10817,Rachael Heyhoe Flint Trophy 2021,1,1067,South East Stars,1064,Northern Diamonds,2021-06-12T12:48:43Z,5,False,7078,Phoebe Graham,393,Aylish Cranstone,6978,Kirstie White,279,20,Right,Silly Point,0,0,0,0,LengthBall,Null,NotOut,Played,0,ForwardDefensive,Null,Over,Medium,Left,Null,NotReferred,Null,False,False,False,False,False,False,870,False,False,False,False,False,False,0,0,0,0,0,False,False,,,,
403665,42,4.57,10.0,0.0,0.0,192.0,4.0,10.0,11976,,10817,Rachael Heyhoe Flint Trophy 2021,1,1067,South East Stars,1064,Northern Diamonds,2021-06-12T12:49:11Z,6,False,7078,Phoebe Graham,393,Aylish Cranstone,6978,Kirstie White,270,40,Right,Bowler,0,0,0,0,LengthBall,Null,NotOut,Played,0,BackwardDefensive,Null,Over,Medium,Left,Null,NotReferred,Null,False,False,False,False,False,False,870,False,False,False,False,False,False,0,0,0,0,0,False,False,,,,
403670,43,4.6,6.0,1.0,0.0,198.0,5.0,6.0,11976,,10817,Rachael Heyhoe Flint Trophy 2021,1,1067,South East Stars,1064,Northern Diamonds,2021-06-12T12:50:14Z,1,False,426,Beth Langston,6978,Kirstie White,393,Aylish Cranstone,255,121,Left,Mid Off,1,0,1,1,LengthBall,Null,NotOut,Played,0,Slog,Null,Over,Medium,Left,Null,NotReferred,Null,False,False,False,False,False,False,48,False,False,False,False,False,False,1,0,0,0,0,False,False,,,,
403670,43,4.6,6.0,1.0,0.0,198.0,5.0,6.0,11976,,10817,Rachael Heyhoe Flint Trophy 2021,1,1067,South East Stars,1064,Northern Diamonds,2021-06-12T12:50:47Z,2,False,426,Beth Langston,393,Aylish Cranstone,6978,Kirstie White,123,61,Right,Leg Slip,2,0,2,2,LengthBall,Null,NotOut,MisTimed,0,Slog,Null,Over,Medium,Left,Null,NotReferred,Null,False,False,False,False,False,False,48,False,False,False,False,False,False,2,0,0,0,0,False,False,,,,
403670,43,4.6,6.0,1.0,0.0,198.0,5.0,6.0,11976,,10817,Rachael Heyhoe Flint Trophy 2021,1,1067,South East Stars,1064,Northern Diamonds,2021-06-12T12:52:05Z,3,False,426,Beth Langston,393,Aylish Cranstone,6978,Kirstie White,186,94,Right,Square Leg,1,0,1,1,LengthBall,Null,NotOut,Played,0,Worked,Null,Round,Medium,Left,Null,NotReferred,Null,False,False,False,False,False,False,48,False,False,False,False,False,False,1,0,0,0,0,False,False,,,,
403670,43,4.6,6.0,1.0,0.0,198.0,5.0,6.0,11976,,10817,Rachael Heyhoe Flint Trophy 2021,1,1067,South East Stars,1064,Northern Diamonds,2021-06-12T12:52:35Z,4,True,426,Beth Langston,6978,Kirstie White,393,Aylish Cranstone,262,4,Left,Short Leg,0,0,0,0,LengthBall,Null,NotOut,Missed,0,Slog,Null,Over,Medium,Left,Out1stUmpire,NotReferred,Null,False,False,False,False,False,False,48,False,False,False,False,False,False,0,0,0,0,0,False,False,Bowled,6978.0,Kirstie White,Bowled
403670,43,4.6,6.0,1.0,0.0,198.0,5.0,6.0,11976,,10817,Rachael Heyhoe Flint Trophy 2021,1,1067,South East Stars,1064,Northern Diamonds,2021-06-12T12:54:20Z,5,False,426,Beth Langston,430,Grace Gibbs,393,Aylish Cranstone,162,84,Left,Backward Point,1,0,1,1,BackOfALength,Null,NotOut,Played,0,Pushed,Null,Over,Medium,Left,Null,NotReferred,Null,False,False,False,False,False,False,48,False,False,False,False,False,False,1,0,0,0,0,False,False,,,,
403670,43,4.6,6.0,1.0,0.0,198.0,5.0,6.0,11976,,10817,Rachael Heyhoe Flint Trophy 2021,1,1067,South East Stars,1064,Northern Diamonds,2021-06-12T12:55:04Z,6,False,426,Beth Langston,393,Aylish Cranstone,430,Grace Gibbs,243,96,Right,Mid On,1,0,1,1,HalfVolley,Null,NotOut,Played,0,Pushed,Null,Round,Medium,Left,Null,NotReferred,Null,False,False,False,False,False,False,48,False,False,False,False,False,False,1,0,0,0,0,False,False,,,,
403676,44,4.64,6.0,1.0,0.0,204.0,6.0,6.0,11976,,10817,Rachael Heyhoe Flint Trophy 2021,1,1067,South East Stars,1064,Northern Diamonds,2021-06-12T12:56:40Z,1,False,413,Jenny Gunn,393,Aylish Cranstone,430,Grace Gibbs,270,40,Right,Bowler,0,0,0,0,LengthBall,Null,NotOut,Edged,0,Worked,Null,Over,Fast,Left,Null,NotReferred,Null,False,False,False,False,False,False,870,False,False,False,False,False,False,0,0,0,0,0,False,False,,,,
403676,44,4.64,6.0,1.0,0.0,204.0,6.0,6.0,11976,,10817,Rachael Heyhoe Flint Trophy 2021,1,1067,South East Stars,1064,Northern Diamonds,2021-06-12T12:57:10Z,2,False,413,Jenny Gunn,393,Aylish Cranstone,430,Grace Gibbs,169,69,Right,Square Leg,0,0,0,0,LengthBall,Null,NotOut,Played,0,Worked,Null,Over,Fast,Left,Null,NotReferred,Null,False,False,False,False,False,False,870,False,False,False,False,False,False,0,0,0,0,0,False,False,,,,
403676,44,4.64,6.0,1.0,0.0,204.0,6.0,6.0,11976,,10817,Rachael Heyhoe Flint Trophy 2021,1,1067,South East Stars,1064,Northern Diamonds,2021-06-12T12:57:32Z,3,False,413,Jenny Gunn,393,Aylish Cranstone,430,Grace Gibbs,162,201,Right,Deep Backward Square Leg,4,0,4,4,FullToss,Null,NotOut,HitHard,0,Sweep,Null,Over,Fast,Left,Null,NotReferred,Null,False,False,False,False,False,False,870,False,False,False,False,False,False,4,0,0,0,0,False,True,,,,
403676,44,4.64,6.0,1.0,0.0,204.0,6.0,6.0,11976,,10817,Rachael Heyhoe Flint Trophy 2021,1,1067,South East Stars,1064,Northern Diamonds,2021-06-12T12:58:02Z,4,False,413,Jenny Gunn,393,Aylish Cranstone,430,Grace Gibbs,329,150,Right,Deep Extra Cover,1,0,1,1,LengthBall,Null,NotOut,Played,0,Drive,Null,Over,Fast,Left,Null,NotReferred,Null,False,False,False,False,False,False,870,False,False,False,False,False,False,1,0,0,0,0,False,False,,,,
403676,44,4.64,6.0,1.0,0.0,204.0,6.0,6.0,11976,,10817,Rachael Heyhoe Flint Trophy 2021,1,1067,South East Stars,1064,Northern Diamonds,2021-06-12T12:58:59Z,5,True,413,Jenny Gunn,430,Grace Gibbs,393,Aylish Cranstone,261,6,Left,Short Leg,0,0,0,0,LengthBall,Null,NotOut,Missed,0,Pushed,Null,Over,Fast,Left,Out1stUmpire,NotReferred,Null,False,False,False,False,False,False,48,False,False,False,False,False,False,0,0,0,0,0,False,False,Bowled,430.0,Grace Gibbs,Bowled
403676,44,4.64,6.0,1.0,0.0,204.0,6.0,6.0,11976,,10817,Rachael Heyhoe Flint Trophy 2021,1,1067,South East Stars,1064,Northern Diamonds,2021-06-12T13:00:40Z,6,False,413,Jenny Gunn,7091,Phoebe Franklin,393,Aylish Cranstone,196,124,Left,Deep Cover,1,0,1,1,LengthBall,Null,NotOut,Played,0,Pushed,Null,Over,Fast,Left,Null,NotReferred,Null,False,False,False,False,False,False,870,False,False,False,False,False,False,1,0,0,0,0,False,False,,,,
403681,45,4.69,7.0,0.0,0.0,211.0,6.0,7.0,11976,,10817,Rachael Heyhoe Flint Trophy 2021,1,1067,South East Stars,1064,Northern Diamonds,2021-06-12T13:01:42Z,1,False,426,Beth Langston,7091,Phoebe Franklin,393,Aylish Cranstone,289,80,Left,Mid On,0,0,0,0,LengthBall,Null,NotOut,Played,0,ForwardDefensive,Null,Over,Medium,Left,Null,NotReferred,Null,False,False,False,False,False,False,48,False,False,False,False,False,False,0,0,0,0,0,False,False,,,,
403681,45,4.69,7.0,0.0,0.0,211.0,6.0,7.0,11976,,10817,Rachael Heyhoe Flint Trophy 2021,1,1067,South East Stars,1064,Northern Diamonds,2021-06-12T13:02:13Z,2,False,426,Beth Langston,7091,Phoebe Franklin,393,Aylish Cranstone,197,40,Left,Point,0,0,0,0,Yorker,Null,NotOut,Played,0,ForwardDefensive,Null,Over,Medium,Left,Null,NotReferred,Null,False,False,False,False,False,False,48,False,False,False,False,False,False,0,0,0,0,0,False,False,,,,
403681,45,4.69,7.0,0.0,0.0,211.0,6.0,7.0,11976,,10817,Rachael Heyhoe Flint Trophy 2021,1,1067,South East Stars,1064,Northern Diamonds,2021-06-12T13:02:34Z,3,False,426,Beth Langston,7091,Phoebe Franklin,393,Aylish Cranstone,102,177,Left,Third Man,4,0,4,4,LengthBall,Null,NotOut,Edged,0,Steer,Null,Over,Medium,Left,Null,NotReferred,Null,False,False,False,False,False,False,48,False,False,False,False,False,False,4,0,0,0,0,False,True,,,,
403681,45,4.69,7.0,0.0,0.0,211.0,6.0,7.0,11976,,10817,Rachael Heyhoe Flint Trophy 2021,1,1067,South East Stars,1064,Northern Diamonds,2021-06-12T13:03:22Z,4,False,426,Beth Langston,7091,Phoebe Franklin,393,Aylish Cranstone,296,99,Left,Mid On,1,0,1,1,FullToss,Null,NotOut,Played,0,Pushed,Null,Over,Medium,Left,Null,NotReferred,Null,False,False,False,False,False,False,48,False,False,False,False,False,False,1,0,0,0,0,False,False,,,,
403681,45,4.69,7.0,0.0,0.0,211.0,6.0,7.0,11976,,10817,Rachael Heyhoe Flint Trophy 2021,1,1067,South East Stars,1064,Northern Diamonds,2021-06-12T13:03:53Z,5,False,426,Beth Langston,393,Aylish Cranstone,7091,Phoebe Franklin,222,66,Right,Short Mid Wicket,1,0,1,1,HalfVolley,Null,NotOut,MisTimed,0,Slog,Null,Round,Medium,Left,Null,NotReferred,Null,False,False,False,False,False,False,48,False,False,False,False,False,False,1,0,0,0,0,False,False,,,,
403681,45,4.69,7.0,0.0,0.0,211.0,6.0,7.0,11976,,10817,Rachael Heyhoe Flint Trophy 2021,1,1067,South East Stars,1064,Northern Diamonds,2021-06-12T13:04:25Z,6,False,426,Beth Langston,7091,Phoebe Franklin,393,Aylish Cranstone,195,139,Left,Deep Cover,1,0,1,1,LengthBall,Null,NotOut,Played,0,Drive,Null,Over,Medium,Left,Null,NotReferred,Null,False,False,False,False,False,False,48,False,False,False,False,False,False,1,0,0,0,0,False,False,,,,
403685,46,4.7,5.0,0.0,0.0,216.0,6.0,5.0,11976,,10817,Rachael Heyhoe Flint Trophy 2021,1,1067,South East Stars,1064,Northern Diamonds,2021-06-12T13:05:20Z,1,False,413,Jenny Gunn,7091,Phoebe Franklin,393,Aylish Cranstone,184,63,Left,Point,0,0,0,0,LengthBall,Null,NotOut,Played,0,Pushed,Null,Over,Fast,Left,Null,NotReferred,Null,False,False,False,False,False,False,870,False,False,False,False,False,False,0,0,0,0,0,False,False,,,,
403685,46,4.7,5.0,0.0,0.0,216.0,6.0,5.0,11976,,10817,Rachael Heyhoe Flint Trophy 2021,1,1067,South East Stars,1064,Northern Diamonds,2021-06-12T13:05:57Z,2,False,413,Jenny Gunn,7091,Phoebe Franklin,393,Aylish Cranstone,213,87,Left,Extra Cover,0,0,0,0,LengthBall,Null,NotOut,Played,0,Drive,Null,Over,Fast,Left,Null,NotReferred,Null,False,False,False,False,False,False,870,False,False,False,False,False,False,0,0,0,0,0,False,False,,,,
403685,46,4.7,5.0,0.0,0.0,216.0,6.0,5.0,11976,,10817,Rachael Heyhoe Flint Trophy 2021,1,1067,South East Stars,1064,Northern Diamonds,2021-06-12T13:06:17Z,3,False,413,Jenny Gunn,7091,Phoebe Franklin,393,Aylish Cranstone,277,196,Left,Long On,4,0,4,4,HalfVolley,Null,NotOut,HitHard,0,Slog,SlowerBall,Over,Fast,Left,Null,NotReferred,Null,False,False,False,False,True,False,870,False,False,False,False,False,False,4,0,0,0,0,False,True,,,,
403685,46,4.7,5.0,0.0,0.0,216.0,6.0,5.0,11976,,10817,Rachael Heyhoe Flint Trophy 2021,1,1067,South East Stars,1064,Northern Diamonds,2021-06-12T13:06:43Z,4,False,413,Jenny Gunn,7091,Phoebe Franklin,393,Aylish Cranstone,209,64,Left,Short Extra Cover,0,0,0,0,LengthBall,Null,NotOut,Played,0,ForwardDefensive,SlowerBall,Over,Fast,Left,Null,NotReferred,Null,False,False,False,False,False,False,870,False,False,False,False,False,False,0,0,0,0,0,False,False,,,,
403685,46,4.7,5.0,0.0,0.0,216.0,6.0,5.0,11976,,10817,Rachael Heyhoe Flint Trophy 2021,1,1067,South East Stars,1064,Northern Diamonds,2021-06-12T13:07:02Z,5,False,413,Jenny Gunn,7091,Phoebe Franklin,393,Aylish Cranstone,270,40,Left,Bowler,0,0,0,0,LengthBall,Null,NotOut,Played,0,Pushed,Null,Over,Fast,Left,Null,NotReferred,Null,False,False,False,False,False,False,870,False,False,False,False,False,False,0,0,0,0,0,False,False,,,,
403685,46,4.7,5.0,0.0,0.0,216.0,6.0,5.0,11976,,10817,Rachael Heyhoe Flint Trophy 2021,1,1067,South East Stars,1064,Northern Diamonds,2021-06-12T13:07:29Z,6,False,413,Jenny Gunn,7091,Phoebe Franklin,393,Aylish Cranstone,118,69,Left,Short Third Man,1,0,1,1,LengthBall,Null,NotOut,Edged,0,Pushed,SlowerBall,Over,Fast,Left,Null,NotReferred,Null,False,False,False,False,False,False,870,False,False,False,False,False,False,1,0,0,0,0,False,False,,,,
403688,47,4.83,11.0,0.0,0.0,227.0,6.0,11.0,11976,,10817,Rachael Heyhoe Flint Trophy 2021,1,1067,South East Stars,1064,Northern Diamonds,2021-06-12T13:08:18Z,1,False,426,Beth Langston,7091,Phoebe Franklin,393,Aylish Cranstone,329,119,Left,Mid Wicket,2,0,2,2,BackOfALength,Null,NotOut,Played,0,Pull,Null,Over,Medium,Left,Null,NotReferred,Null,False,False,False,False,False,False,48,False,False,False,False,False,False,2,0,0,0,0,False,False,,,,
403688,47,4.83,11.0,0.0,0.0,227.0,6.0,11.0,11976,,10817,Rachael Heyhoe Flint Trophy 2021,1,1067,South East Stars,1064,Northern Diamonds,2021-06-12T13:08:56Z,2,False,426,Beth Langston,7091,Phoebe Franklin,393,Aylish Cranstone,332,203,Left,Deep Mid Wicket,4,0,4,4,HalfVolley,Null,NotOut,HitHard,0,Slog,Null,Over,Medium,Left,Null,NotReferred,Null,False,False,False,False,True,False,48,False,False,False,False,False,False,4,0,0,0,0,False,True,,,,
403688,47,4.83,11.0,0.0,0.0,227.0,6.0,11.0,11976,,10817,Rachael Heyhoe Flint Trophy 2021,1,1067,South East Stars,1064,Northern Diamonds,2021-06-12T13:09:42Z,3,False,426,Beth Langston,7091,Phoebe Franklin,393,Aylish Cranstone,298,97,Left,Mid On,1,0,1,1,LengthBall,Null,NotOut,Played,0,Drive,Null,Over,Medium,Left,Null,NotReferred,Null,False,False,False,False,False,False,48,False,False,False,False,False,False,1,0,0,0,0,False,False,,,,
403688,47,4.83,11.0,0.0,0.0,227.0,6.0,11.0,11976,,10817,Rachael Heyhoe Flint Trophy 2021,1,1067,South East Stars,1064,Northern Diamonds,2021-06-12T13:10:19Z,4,False,426,Beth Langston,393,Aylish Cranstone,7091,Phoebe Franklin,90,48,Right,Wicketkeeper,0,0,0,0,LengthBall,Null,NotOut,Missed,0,Steer,Null,Round,Medium,Left,Null,NotReferred,Null,False,False,False,False,False,False,48,False,False,False,False,False,False,0,0,0,0,0,False,False,,,,
403688,47,4.83,11.0,0.0,0.0,227.0,6.0,11.0,11976,,10817,Rachael Heyhoe Flint Trophy 2021,1,1067,South East Stars,1064,Northern Diamonds,2021-06-12T13:10:48Z,5,False,426,Beth Langston,393,Aylish Cranstone,7091,Phoebe Franklin,282,194,Right,Long Off,4,0,4,4,HalfVolley,Null,NotOut,HitHard,0,Drive,Null,Round,Medium,Left,Null,NotReferred,Null,False,False,False,False,True,False,48,False,False,False,False,False,False,4,0,0,0,0,False,True,,,,
403688,47,4.83,11.0,0.0,0.0,227.0,6.0,11.0,11976,,10817,Rachael Heyhoe Flint Trophy 2021,1,1067,South East Stars,1064,Northern Diamonds,2021-06-12T13:11:42Z,6,False,426,Beth Langston,393,Aylish Cranstone,7091,Phoebe Franklin,90,48,Right,Wicketkeeper,0,0,0,0,LengthBall,Null,NotOut,Missed,0,Cut,Null,Round,Medium,Left,Null,NotReferred,Null,False,False,False,False,False,False,48,False,False,False,False,False,False,0,0,0,0,0,False,False,,,,
403693,48,4.85,6.0,0.0,0.0,233.0,6.0,6.0,11976,,10817,Rachael Heyhoe Flint Trophy 2021,1,1067,South East Stars,1064,Northern Diamonds,2021-06-12T13:12:38Z,1,False,413,Jenny Gunn,7091,Phoebe Franklin,393,Aylish Cranstone,211,69,Left,Extra Cover,0,0,0,0,LengthBall,Null,NotOut,MisTimed,0,Cut,Null,Over,Fast,Left,Null,NotReferred,Null,False,False,False,False,False,False,870,False,False,False,False,False,False,0,0,0,0,0,False,False,,,,
403693,48,4.85,6.0,0.0,0.0,233.0,6.0,6.0,11976,,10817,Rachael Heyhoe Flint Trophy 2021,1,1067,South East Stars,1064,Northern Diamonds,2021-06-12T13:12:57Z,2,False,413,Jenny Gunn,7091,Phoebe Franklin,393,Aylish Cranstone,90,48,Left,Wicketkeeper,0,0,0,0,LengthBall,Null,NotOut,Missed,0,Cut,Null,Over,Fast,Left,Null,NotReferred,Null,False,False,False,False,False,False,870,False,False,False,False,False,False,0,0,0,0,0,False,False,,,,
403693,48,4.85,6.0,0.0,0.0,233.0,6.0,6.0,11976,,10817,Rachael Heyhoe Flint Trophy 2021,1,1067,South East Stars,1064,Northern Diamonds,2021-06-12T13:13:26Z,3,False,413,Jenny Gunn,7091,Phoebe Franklin,393,Aylish Cranstone,241,94,Left,Mid Off,0,0,0,0,LengthBall,Null,NotOut,Played,0,Cut,Null,Over,Fast,Left,Null,NotReferred,Null,False,False,False,False,False,False,870,False,False,False,False,False,False,0,0,0,0,0,False,False,,,,
403693,48,4.85,6.0,0.0,0.0,233.0,6.0,6.0,11976,,10817,Rachael Heyhoe Flint Trophy 2021,1,1067,South East Stars,1064,Northern Diamonds,2021-06-12T13:13:45Z,4,False,413,Jenny Gunn,7091,Phoebe Franklin,393,Aylish Cranstone,325,248,Left,Deep Mid Wicket,4,0,4,4,BackOfALength,Null,NotOut,HitHard,0,Pull,Null,Over,Fast,Left,Null,NotReferred,Null,False,False,False,False,True,False,870,False,False,False,False,False,False,4,0,0,0,0,False,True,,,,
403693,48,4.85,6.0,0.0,0.0,233.0,6.0,6.0,11976,,10817,Rachael Heyhoe Flint Trophy 2021,1,1067,South East Stars,1064,Northern Diamonds,2021-06-12T13:15:01Z,5,False,413,Jenny Gunn,7091,Phoebe Franklin,393,Aylish Cranstone,270,40,Left,Bowler,0,0,0,0,LengthBall,Null,NotOut,MisTimed,0,Drive,Null,Over,Fast,Left,Null,NotReferred,Null,False,False,False,False,False,False,870,False,False,False,False,False,False,0,0,0,0,0,False,False,,,,
403693,48,4.85,6.0,0.0,0.0,233.0,6.0,6.0,11976,,10817,Rachael Heyhoe Flint Trophy 2021,1,1067,South East Stars,1064,Northern Diamonds,2021-06-12T13:15:21Z,6,False,413,Jenny Gunn,7091,Phoebe Franklin,393,Aylish Cranstone,202,135,Left,Deep Cover,2,0,2,2,LengthBall,Null,NotOut,Played,0,Cut,Null,Over,Fast,Left,Null,NotReferred,Null,False,False,False,False,False,False,870,False,False,False,False,False,False,2,0,0,0,0,False,False,,,,
403696,49,4.9,7.0,0.0,0.0,240.0,6.0,7.0,11976,,10817,Rachael Heyhoe Flint Trophy 2021,1,1067,South East Stars,1064,Northern Diamonds,2021-06-12T13:16:43Z,1,False,426,Beth Langston,393,Aylish Cranstone,7091,Phoebe Franklin,199,144,Right,Deep Mid Wicket,1,0,1,1,BackOfALength,Null,NotOut,Played,0,Pull,Null,Round,Medium,Left,Null,NotReferred,Null,False,False,False,False,False,False,48,False,False,False,False,False,False,1,0,0,0,0,False,False,,,,
403696,49,4.9,7.0,0.0,0.0,240.0,6.0,7.0,11976,,10817,Rachael Heyhoe Flint Trophy 2021,1,1067,South East Stars,1064,Northern Diamonds,2021-06-12T13:17:18Z,2,False,426,Beth Langston,7091,Phoebe Franklin,393,Aylish Cranstone,90,48,Left,Wicketkeeper,0,0,0,0,BackOfALength,Null,NotOut,Missed,0,Pull,SlowerBall,Over,Medium,Left,Null,NotReferred,Null,False,False,False,False,False,False,48,False,False,False,False,False,False,0,0,0,0,0,False,False,,,,
403696,49,4.9,7.0,0.0,0.0,240.0,6.0,7.0,11976,,10817,Rachael Heyhoe Flint Trophy 2021,1,1067,South East Stars,1064,Northern Diamonds,2021-06-12T13:17:45Z,3,False,426,Beth Langston,7091,Phoebe Franklin,393,Aylish Cranstone,335,164,Left,Deep Mid Wicket,1,0,1,1,BackOfALength,Null,NotOut,Played,0,Pull,Null,Over,Medium,Left,Null,NotReferred,Null,False,False,False,False,False,False,48,False,False,False,False,False,False,1,0,0,0,0,False,False,,,,
403696,49,4.9,7.0,0.0,0.0,240.0,6.0,7.0,11976,,10817,Rachael Heyhoe Flint Trophy 2021,1,1067,South East Stars,1064,Northern Diamonds,2021-06-12T13:18:16Z,4,False,426,Beth Langston,393,Aylish Cranstone,7091,Phoebe Franklin,105,199,Right,Fine Leg,4,0,4,4,LengthBall,Null,NotOut,HitHard,0,Scoop,Null,Round,Medium,Left,Null,NotReferred,Null,False,False,False,False,False,False,48,False,False,False,False,False,False,4,0,0,0,0,False,True,,,,
403696,49,4.9,7.0,0.0,0.0,240.0,6.0,7.0,11976,,10817,Rachael Heyhoe Flint Trophy 2021,1,1067,South East Stars,1064,Northern Diamonds,2021-06-12T13:19:03Z,5,False,426,Beth Langston,393,Aylish Cranstone,7091,Phoebe Franklin,359,86,Right,Point,0,0,0,0,LengthBall,Null,NotOut,Played,0,Cut,Null,Round,Medium,Left,Null,NotReferred,Null,False,False,False,False,False,False,48,False,False,False,False,False,False,0,0,0,0,0,False,False,,,,
403696,49,4.9,7.0,0.0,0.0,240.0,6.0,7.0,11976,,10817,Rachael Heyhoe Flint Trophy 2021,1,1067,South East Stars,1064,Northern Diamonds,2021-06-12T13:19:34Z,6,False,426,Beth Langston,393,Aylish Cranstone,7091,Phoebe Franklin,113,100,Right,Short Fine Leg,1,0,1,1,LengthBall,Null,NotOut,MisTimed,0,Scoop,Null,Round,Medium,Left,Null,NotReferred,Null,False,False,False,False,False,False,48,False,False,False,False,False,False,1,0,0,0,0,False,False,,,,
403701,50,5.0,8.0,0.0,2.0,250.0,6.0,10.0,11976,,10817,Rachael Heyhoe Flint Trophy 2021,1,1067,South East Stars,1064,Northern Diamonds,2021-06-12T13:20:40Z,1,False,413,Jenny Gunn,393,Aylish Cranstone,7091,Phoebe Franklin,338,78,Right,Cover,2,0,2,2,LengthBall,Null,NotOut,MisTimed,0,SlogSweep,Null,Round,Fast,Left,Null,NotReferred,Null,False,False,False,False,False,False,870,False,False,False,False,False,False,2,0,0,0,0,False,False,,,,
403701,50,5.0,8.0,0.0,2.0,250.0,6.0,10.0,11976,,10817,Rachael Heyhoe Flint Trophy 2021,1,1067,South East Stars,1064,Northern Diamonds,2021-06-12T13:21:21Z,2,False,413,Jenny Gunn,393,Aylish Cranstone,7091,Phoebe Franklin,187,144,Right,Deep Square Leg,2,0,2,2,BackOfALength,Null,NotOut,Played,0,Pull,Null,Round,Fast,Left,Null,NotReferred,Null,False,False,False,False,False,False,870,False,False,False,False,False,False,2,0,0,0,0,False,False,,,,
403701,50,5.0,8.0,0.0,2.0,250.0,6.0,10.0,11976,,10817,Rachael Heyhoe Flint Trophy 2021,1,1067,South East Stars,1064,Northern Diamonds,2021-06-12T13:21:52Z,3,False,413,Jenny Gunn,393,Aylish Cranstone,7091,Phoebe Franklin,338,121,Right,Deep Cover,1,0,1,1,Yorker,Null,NotOut,Played,0,Pushed,Null,Round,Fast,Left,Null,NotReferred,Null,False,False,False,False,False,False,870,False,False,False,False,False,False,1,0,0,0,0,False,False,,,,
403701,50,5.0,8.0,0.0,2.0,250.0,6.0,10.0,11976,,10817,Rachael Heyhoe Flint Trophy 2021,1,1067,South East Stars,1064,Northern Diamonds,2021-06-12T13:22:20Z,4,False,413,Jenny Gunn,7091,Phoebe Franklin,393,Aylish Cranstone,298,105,Left,Mid On,1,0,1,1,HalfVolley,Null,NotOut,Played,0,Sweep,Null,Over,Fast,Left,Null,NotReferred,Null,False,False,False,False,False,False,870,False,False,False,False,False,False,1,0,0,0,0,False,False,,,,
403701,50,5.0,8.0,0.0,2.0,250.0,6.0,10.0,11976,,10817,Rachael Heyhoe Flint Trophy 2021,1,1067,South East Stars,1064,Northern Diamonds,2021-06-12T13:22:50Z,5,False,413,Jenny Gunn,393,Aylish Cranstone,7091,Phoebe Franklin,130,74,Right,Short Fine Leg,0,2,2,0,LengthBall,Null,NotOut,MisTimed,0,Sweep,Null,Round,Fast,Left,Null,NotReferred,Null,True,False,False,False,False,False,870,False,False,False,False,False,False,0,0,2,0,0,False,False,,,,
403701,50,5.0,8.0,0.0,2.0,250.0,6.0,10.0,11976,,10817,Rachael Heyhoe Flint Trophy 2021,1,1067,South East Stars,1064,Northern Diamonds,2021-06-12T13:23:17Z,5,False,413,Jenny Gunn,7091,Phoebe Franklin,393,Aylish Cranstone,316,110,Left,Mid On,1,0,1,1,LengthBall,Null,NotOut,Played,0,SlogSweep,Null,Over,Fast,Left,Null,NotReferred,Null,False,False,False,False,False,False,870,False,False,False,False,False,False,1,0,0,0,0,False,False,,,,
403701,50,5.0,8.0,0.0,2.0,250.0,6.0,10.0,11976,,10817,Rachael Heyhoe Flint Trophy 2021,1,1067,South East Stars,1064,Northern Diamonds,2021-06-12T13:29:59Z,6,False,413,Jenny Gunn,393,Aylish Cranstone,7091,Phoebe Franklin,304,40,Left,Silly Mid On,1,0,1,1,LengthBall,Null,NotOut,Played,0,Worked,Null,Over,Fast,Left,Null,NotReferred,Null,False,False,False,False,False,False,0,False,False,False,False,False,False,1,0,0,0,0,False,False,,,,
403717,1,4.0,4.0,0.0,0.0,4.0,0.0,4.0,11978,,10817,Rachael Heyhoe Flint Trophy 2021,2,1064,Northern Diamonds,1067,South East Stars,2021-06-12T13:53:00Z,1,False,384,Freya Davies,3172,Hollie Armitage,7074,Rachel Hopkins,198,36,Left,Point,0,0,0,0,LengthBall,Null,NotOut,Played,0,BackwardDefensive,Null,Over,Fast,Left,Null,NotReferred,Null,False,False,False,False,False,False,48,False,True,True,False,False,False,0,0,0,0,0,False,False,,,,
403717,1,4.0,4.0,0.0,0.0,4.0,0.0,4.0,11978,,10817,Rachael Heyhoe Flint Trophy 2021,2,1064,Northern Diamonds,1067,South East Stars,2021-06-12T13:53:32Z,2,False,384,Freya Davies,3172,Hollie Armitage,7074,Rachel Hopkins,212,105,Left,Extra Cover,2,0,2,2,LengthBall,Null,NotOut,Played,0,Pushed,Null,Over,Fast,Left,Null,NotReferred,Null,False,False,False,False,False,False,48,False,False,True,False,False,False,2,0,0,0,0,False,False,,,,
403717,1,4.0,4.0,0.0,0.0,4.0,0.0,4.0,11978,,10817,Rachael Heyhoe Flint Trophy 2021,2,1064,Northern Diamonds,1067,South East Stars,2021-06-12T13:54:13Z,3,False,384,Freya Davies,3172,Hollie Armitage,7074,Rachel Hopkins,211,45,Left,Short Extra Cover,0,0,0,0,LengthBall,Null,NotOut,Played,0,ForwardDefensive,Null,Over,Fast,Left,Null,NotReferred,Null,False,False,False,False,False,False,48,False,False,True,False,False,False,0,0,0,0,0,False,False,,,,
403717,1,4.0,4.0,0.0,0.0,4.0,0.0,4.0,11978,,10817,Rachael Heyhoe Flint Trophy 2021,2,1064,Northern Diamonds,1067,South East Stars,2021-06-12T13:54:42Z,4,False,384,Freya Davies,3172,Hollie Armitage,7074,Rachel Hopkins,219,53,Left,Short Extra Cover,0,0,0,0,LengthBall,Null,NotOut,Played,0,ForwardDefensive,Null,Over,Fast,Left,Null,NotReferred,Null,False,False,False,False,False,False,48,False,False,True,False,False,False,0,0,0,0,0,False,False,,,,
403717,1,4.0,4.0,0.0,0.0,4.0,0.0,4.0,11978,,10817,Rachael Heyhoe Flint Trophy 2021,2,1064,Northern Diamonds,1067,South East Stars,2021-06-12T13:55:18Z,5,False,384,Freya Davies,3172,Hollie Armitage,7074,Rachel Hopkins,3,157,Left,Deep Square Leg,2,0,2,2,HalfVolley,Null,NotOut,Played,0,Worked,Null,Over,Fast,Left,Null,NotReferred,Null,False,False,False,False,False,False,48,False,False,True,False,False,False,2,0,0,0,0,False,False,,,,
403717,1,4.0,4.0,0.0,0.0,4.0,0.0,4.0,11978,,10817,Rachael Heyhoe Flint Trophy 2021,2,1064,Northern Diamonds,1067,South East Stars,2021-06-12T13:56:02Z,6,False,384,Freya Davies,3172,Hollie Armitage,7074,Rachel Hopkins,225,80,Left,Extra Cover,0,0,0,0,HalfVolley,Null,NotOut,Played,0,Pushed,Null,Over,Fast,Left,Null,NotReferred,Null,False,False,False,False,False,False,48,False,False,True,False,False,False,0,0,0,0,0,False,False,,,,
403720,2,7.5,10.0,0.0,2.0,15.0,0.0,11.0,11978,,10817,Rachael Heyhoe Flint Trophy 2021,2,1064,Northern Diamonds,1067,South East Stars,2021-06-12T13:57:17Z,1,False,422,Alice Davidson-Richards,7074,Rachel Hopkins,3172,Hollie Armitage,348,88,Left,Mid Wicket,1,0,1,1,LengthBall,Null,NotOut,Played,0,Worked,Null,Over,Fast,Left,Null,NotReferred,Null,False,False,False,False,False,False,870,False,True,True,False,False,False,1,0,0,0,0,False,False,,,,
403720,2,7.5,10.0,0.0,2.0,15.0,0.0,11.0,11978,,10817,Rachael Heyhoe Flint Trophy 2021,2,1064,Northern Diamonds,1067,South East Stars,2021-06-12T13:57:48Z,2,False,422,Alice Davidson-Richards,3172,Hollie Armitage,7074,Rachel Hopkins,346,205,Left,Deep Mid Wicket,4,0,4,4,BackOfALength,Null,NotOut,HitHard,0,Pull,Null,Over,Fast,Left,Null,NotReferred,Null,False,False,False,False,True,False,870,False,False,True,False,False,False,4,0,0,0,0,False,True,,,,
403720,2,7.5,10.0,0.0,2.0,15.0,0.0,11.0,11978,,10817,Rachael Heyhoe Flint Trophy 2021,2,1064,Northern Diamonds,1067,South East Stars,2021-06-12T13:58:32Z,3,False,422,Alice Davidson-Richards,3172,Hollie Armitage,7074,Rachel Hopkins,139,66,Left,Short Third Man,0,1,1,0,LengthBall,Null,Lbw,HitPad,0,BackwardDefensive,Null,Over,Fast,Left,NotOut2ndUmpire,NotReferred,Null,False,False,False,True,False,True,870,False,False,True,False,False,False,0,0,0,1,0,False,False,,,,
403720,2,7.5,10.0,0.0,2.0,15.0,0.0,11.0,11978,,10817,Rachael Heyhoe Flint Trophy 2021,2,1064,Northern Diamonds,1067,South East Stars,2021-06-12T13:59:10Z,4,False,422,Alice Davidson-Richards,7074,Rachel Hopkins,3172,Hollie Armitage,121,181,Left,Third Man,4,0,4,4,BackOfALength,Null,NotOut,HitHard,0,Steer,Null,Over,Fast,Left,Null,NotReferred,Null,False,False,False,False,False,False,870,False,False,True,False,False,False,4,0,0,0,0,False,True,,,,
403720,2,7.5,10.0,0.0,2.0,15.0,0.0,11.0,11978,,10817,Rachael Heyhoe Flint Trophy 2021,2,1064,Northern Diamonds,1067,South East Stars,2021-06-12T13:59:50Z,5,False,422,Alice Davidson-Richards,7074,Rachel Hopkins,3172,Hollie Armitage,90,48,Left,Wicketkeeper,1,1,1,0,LengthBall,Null,NotOut,NoShot,0,Leave,Null,Over,Fast,Left,Null,NotReferred,Null,True,False,False,False,False,False,870,False,False,True,False,False,False,0,0,1,0,0,False,False,,,,
403720,2,7.5,10.0,0.0,2.0,15.0,0.0,11.0,11978,,10817,Rachael Heyhoe Flint Trophy 2021,2,1064,Northern Diamonds,1067,South East Stars,2021-06-12T14:00:31Z,5,False,422,Alice Davidson-Richards,7074,Rachel Hopkins,3172,Hollie Armitage,322,42,Left,Short Mid Wicket,0,0,0,0,LengthBall,Null,NotOut,Played,0,Dropped,Null,Over,Fast,Left,Null,NotReferred,Null,False,False,False,False,False,False,870,False,False,True,False,False,False,0,0,0,0,0,False,False,,,,
403720,2,7.5,10.0,0.0,2.0,15.0,0.0,11.0,11978,,10817,Rachael Heyhoe Flint Trophy 2021,2,1064,Northern Diamonds,1067,South East Stars,2021-06-12T14:01:05Z,6,False,422,Alice Davidson-Richards,7074,Rachel Hopkins,3172,Hollie Armitage,120,50,Left,Second Slip,0,0,0,0,LengthBall,Null,NotOut,Edged,0,Pushed,Null,Over,Fast,Left,Null,NotReferred,Null,False,False,False,False,False,False,870,False,False,True,False,False,False,0,0,0,0,0,False,False,,,,
403724,3,5.0,0.0,0.0,0.0,15.0,0.0,0.0,11978,,10817,Rachael Heyhoe Flint Trophy 2021,2,1064,Northern Diamonds,1067,South East Stars,2021-06-12T14:02:02Z,1,False,384,Freya Davies,3172,Hollie Armitage,7074,Rachel Hopkins,305,88,Left,Mid On,0,0,0,0,LengthBall,Null,NotOut,Played,0,ForwardDefensive,Null,Over,Fast,Left,Null,NotReferred,Null,False,False,False,False,False,False,48,False,False,True,False,False,False,0,0,0,0,0,False,False,,,,
403724,3,5.0,0.0,0.0,0.0,15.0,0.0,0.0,11978,,10817,Rachael Heyhoe Flint Trophy 2021,2,1064,Northern Diamonds,1067,South East Stars,2021-06-12T14:02:38Z,2,False,384,Freya Davies,3172,Hollie Armitage,7074,Rachel Hopkins,228,50,Left,Short Extra Cover,0,0,0,0,LengthBall,Null,NotOut,Played,0,ForwardDefensive,Null,Over,Fast,Left,Null,NotReferred,Null,False,False,False,False,False,False,48,False,False,True,False,False,False,0,0,0,0,0,False,False,,,,
403724,3,5.0,0.0,0.0,0.0,15.0,0.0,0.0,11978,,10817,Rachael Heyhoe Flint Trophy 2021,2,1064,Northern Diamonds,1067,South East Stars,2021-06-12T14:03:16Z,3,False,384,Freya Davies,3172,Hollie Armitage,7074,Rachel Hopkins,270,40,Left,Bowler,0,0,0,0,HalfVolley,Null,NotOut,Played,0,Pushed,Null,Over,Fast,Left,Null,NotReferred,Null,False,False,False,False,False,False,48,False,False,True,False,False,False,0,0,0,0,0,False,False,,,,
403724,3,5.0,0.0,0.0,0.0,15.0,0.0,0.0,11978,,10817,Rachael Heyhoe Flint Trophy 2021,2,1064,Northern Diamonds,1067,South East Stars,2021-06-12T14:03:45Z,4,False,384,Freya Davies,3172,Hollie Armitage,7074,Rachel Hopkins,182,83,Left,Point,0,0,0,0,LengthBall,Null,NotOut,Played,0,Cut,Null,Over,Fast,Left,Null,NotReferred,Null,False,False,False,False,False,False,48,False,False,True,False,False,False,0,0,0,0,0,False,False,,,,
403724,3,5.0,0.0,0.0,0.0,15.0,0.0,0.0,11978,,10817,Rachael Heyhoe Flint Trophy 2021,2,1064,Northern Diamonds,1067,South East Stars,2021-06-12T14:04:27Z,5,False,384,Freya Davies,3172,Hollie Armitage,7074,Rachel Hopkins,313,12,Left,Short Leg,0,0,0,0,LengthBall,Null,NotOut,HitPad,0,Worked,Null,Over,Fast,Left,Null,NotReferred,Null,False,False,False,False,False,False,48,False,False,True,False,False,False,0,0,0,0,0,False,False,,,,
403724,3,5.0,0.0,0.0,0.0,15.0,0.0,0.0,11978,,10817,Rachael Heyhoe Flint Trophy 2021,2,1064,Northern Diamonds,1067,South East Stars,2021-06-12T14:05:01Z,6,False,384,Freya Davies,3172,Hollie Armitage,7074,Rachel Hopkins,234,47,Left,Silly Mid Off,0,0,0,0,LengthBall,Null,NotOut,Played,0,ForwardDefensive,Null,Over,Fast,Left,Null,NotReferred,Null,False,False,False,False,False,False,48,False,False,True,False,False,False,0,0,0,0,0,False,False,,,,
403728,4,6.25,9.0,0.0,1.0,25.0,0.0,10.0,11978,,10817,Rachael Heyhoe Flint Trophy 2021,2,1064,Northern Diamonds,1067,South East Stars,2021-06-12T14:06:00Z,1,False,422,Alice Davidson-Richards,7074,Rachel Hopkins,3172,Hollie Armitage,90,48,Left,Wicketkeeper,0,0,0,0,BackOfALength,Null,NotOut,NoShot,0,Leave,Null,Over,Fast,Left,Null,NotReferred,Null,False,False,False,False,False,False,870,False,False,True,False,False,False,0,0,0,0,0,False,False,,,,
403728,4,6.25,9.0,0.0,1.0,25.0,0.0,10.0,11978,,10817,Rachael Heyhoe Flint Trophy 2021,2,1064,Northern Diamonds,1067,South East Stars,2021-06-12T14:06:30Z,2,False,422,Alice Davidson-Richards,7074,Rachel Hopkins,3172,Hollie Armitage,344,32,Left,Short Leg,0,1,1,0,LengthBall,Null,NotOut,HitPad,0,Glance,Null,Over,Fast,Left,Null,NotReferred,Null,False,False,False,True,False,False,870,False,False,True,False,False,False,0,0,0,1,0,False,False,,,,
403728,4,6.25,9.0,0.0,1.0,25.0,0.0,10.0,11978,,10817,Rachael Heyhoe Flint Trophy 2021,2,1064,Northern Diamonds,1067,South East Stars,2021-06-12T14:07:05Z,3,False,422,Alice Davidson-Richards,3172,Hollie Armitage,7074,Rachel Hopkins,186,194,Left,Deep Point,4,0,4,4,HalfVolley,Null,NotOut,HitHard,0,Drive,Null,Over,Fast,Left,Null,NotReferred,Null,False,False,False,False,False,False,870,False,False,True,False,False,False,4,0,0,0,0,False,True,,,,
403728,4,6.25,9.0,0.0,1.0,25.0,0.0,10.0,11978,,10817,Rachael Heyhoe Flint Trophy 2021,2,1064,Northern Diamonds,1067,South East Stars,2021-06-12T14:07:43Z,4,False,422,Alice Davidson-Richards,3172,Hollie Armitage,7074,Rachel Hopkins,351,202,Left,Deep Mid Wicket,4,0,4,4,BackOfALength,Null,NotOut,HitHard,0,Pull,Null,Over,Fast,Left,Null,NotReferred,Null,False,False,False,False,False,False,870,False,False,True,False,False,False,4,0,0,0,0,False,True,,,,
403728,4,6.25,9.0,0.0,1.0,25.0,0.0,10.0,11978,,10817,Rachael Heyhoe Flint Trophy 2021,2,1064,Northern Diamonds,1067,South East Stars,2021-06-12T14:08:25Z,5,False,422,Alice Davidson-Richards,3172,Hollie Armitage,7074,Rachel Hopkins,18,145,Left,Deep Backward Square Leg,1,0,1,1,BackOfALength,Null,NotOut,Played,0,Pull,Null,Over,Fast,Left,Null,NotReferred,Null,False,False,False,False,False,False,870,False,False,True,False,False,False,1,0,0,0,0,False,False,,,,
403728,4,6.25,9.0,0.0,1.0,25.0,0.0,10.0,11978,,10817,Rachael Heyhoe Flint Trophy 2021,2,1064,Northern Diamonds,1067,South East Stars,2021-06-12T14:09:01Z,6,False,422,Alice Davidson-Richards,7074,Rachel Hopkins,3172,Hollie Armitage,213,42,Left,Short Extra Cover,0,0,0,0,LengthBall,Null,NotOut,Played,0,BackwardDefensive,Null,Over,Fast,Left,Null,NotReferred,Null,False,False,False,False,False,False,870,False,False,True,False,False,False,0,0,0,0,0,False,False,,,,
403733,5,5.8,4.0,0.0,0.0,29.0,0.0,4.0,11978,,10817,Rachael Heyhoe Flint Trophy 2021,2,1064,Northern Diamonds,1067,South East Stars,2021-06-12T14:09:57Z,1,False,384,Freya Davies,3172,Hollie Armitage,7074,Rachel Hopkins,244,96,Left,Mid Off,0,0,0,0,HalfVolley,Null,NotOut,MisTimed,0,Drive,Null,Over,Fast,Left,Null,NotReferred,Null,False,False,False,False,False,False,48,False,False,True,False,False,False,0,0,0,0,0,False,False,,,,
403733,5,5.8,4.0,0.0,0.0,29.0,0.0,4.0,11978,,10817,Rachael Heyhoe Flint Trophy 2021,2,1064,Northern Diamonds,1067,South East Stars,2021-06-12T14:10:29Z,2,False,384,Freya Davies,3172,Hollie Armitage,7074,Rachel Hopkins,74,181,Left,Fine Leg,4,0,4,4,LengthBall,Null,NotOut,InsideEdge,0,Cut,Null,Over,Fast,Left,Null,NotReferred,Null,False,False,False,False,False,False,48,False,False,True,False,False,False,4,0,0,0,0,False,True,,,,
403733,5,5.8,4.0,0.0,0.0,29.0,0.0,4.0,11978,,10817,Rachael Heyhoe Flint Trophy 2021,2,1064,Northern Diamonds,1067,South East Stars,2021-06-12T14:11:16Z,3,False,384,Freya Davies,3172,Hollie Armitage,7074,Rachel Hopkins,210,40,Left,Short Extra Cover,0,0,0,0,LengthBall,Null,NotOut,Played,0,ForwardDefensive,Null,Over,Fast,Left,Null,NotReferred,Null,False,False,False,False,False,False,48,False,False,True,False,False,False,0,0,0,0,0,False,False,,,,
403733,5,5.8,4.0,0.0,0.0,29.0,0.0,4.0,11978,,10817,Rachael Heyhoe Flint Trophy 2021,2,1064,Northern Diamonds,1067,South East Stars,2021-06-12T14:12:00Z,4,False,384,Freya Davies,3172,Hollie Armitage,7074,Rachel Hopkins,336,73,Left,Mid Wicket,0,0,0,0,LengthBall,Null,NotOut,Played,0,BackwardDefensive,Null,Over,Fast,Left,Null,NotReferred,Null,False,False,False,False,False,False,48,False,False,True,False,False,False,0,0,0,0,0,False,False,,,,
403733,5,5.8,4.0,0.0,0.0,29.0,0.0,4.0,11978,,10817,Rachael Heyhoe Flint Trophy 2021,2,1064,Northern Diamonds,1067,South East Stars,2021-06-12T14:12:35Z,5,False,384,Freya Davies,3172,Hollie Armitage,7074,Rachel Hopkins,240,106,Left,Mid Off,0,0,0,0,HalfVolley,Null,NotOut,MisTimed,0,Drive,Null,Over,Fast,Left,Null,NotReferred,Null,False,False,False,False,False,False,48,False,False,True,False,False,False,0,0,0,0,0,False,False,,,,
403733,5,5.8,4.0,0.0,0.0,29.0,0.0,4.0,11978,,10817,Rachael Heyhoe Flint Trophy 2021,2,1064,Northern Diamonds,1067,South East Stars,2021-06-12T14:13:09Z,6,False,384,Freya Davies,3172,Hollie Armitage,7074,Rachel Hopkins,215,50,Left,Short Extra Cover,0,0,0,0,LengthBall,Null,NotOut,Played,0,ForwardDefensive,Null,Over,Fast,Left,Null,NotReferred,Null,False,False,False,False,False,False,48,False,False,True,False,False,False,0,0,0,0,0,False,False,,,,
403737,6,5.67,5.0,0.0,0.0,34.0,0.0,5.0,11978,,10817,Rachael Heyhoe Flint Trophy 2021,2,1064,Northern Diamonds,1067,South East Stars,2021-06-12T14:13:59Z,1,False,422,Alice Davidson-Richards,7074,Rachel Hopkins,3172,Hollie Armitage,326,12,Left,Short Leg,0,0,0,0,Yorker,Null,Lbw,HitPad,0,Glance,Null,Over,Fast,Left,NotOut2ndUmpire,NotReferred,Null,False,False,False,False,False,True,870,False,False,True,False,False,False,0,0,0,0,0,False,False,,,,
403737,6,5.67,5.0,0.0,0.0,34.0,0.0,5.0,11978,,10817,Rachael Heyhoe Flint Trophy 2021,2,1064,Northern Diamonds,1067,South East Stars,2021-06-12T14:14:31Z,2,False,422,Alice Davidson-Richards,7074,Rachel Hopkins,3172,Hollie Armitage,185,46,Left,Point,4,0,4,4,LengthBall,Null,NotOut,Played,0,ForwardDefensive,Null,Over,Fast,Left,Null,NotReferred,Null,False,False,False,False,False,False,870,False,False,True,False,False,False,4,0,0,0,0,False,True,,,,
403737,6,5.67,5.0,0.0,0.0,34.0,0.0,5.0,11978,,10817,Rachael Heyhoe Flint Trophy 2021,2,1064,Northern Diamonds,1067,South East Stars,2021-06-12T14:15:15Z,3,False,422,Alice Davidson-Richards,7074,Rachel Hopkins,3172,Hollie Armitage,90,48,Left,Wicketkeeper,0,0,0,0,LengthBall,Null,NotOut,Missed,0,ForwardDefensive,Null,Over,Fast,Left,Null,NotReferred,Null,False,False,False,False,False,False,870,False,False,True,False,False,False,0,0,0,0,0,False,False,,,,
403737,6,5.67,5.0,0.0,0.0,34.0,0.0,5.0,11978,,10817,Rachael Heyhoe Flint Trophy 2021,2,1064,Northern Diamonds,1067,South East Stars,2021-06-12T14:15:48Z,4,False,422,Alice Davidson-Richards,7074,Rachel Hopkins,3172,Hollie Armitage,90,48,Left,Wicketkeeper,0,0,0,0,LengthBall,Null,NotOut,NoShot,0,Leave,Null,Over,Fast,Left,Null,NotReferred,Null,False,False,False,False,False,False,870,False,False,True,False,False,False,0,0,0,0,0,False,False,,,,
403737,6,5.67,5.0,0.0,0.0,34.0,0.0,5.0,11978,,10817,Rachael Heyhoe Flint Trophy 2021,2,1064,Northern Diamonds,1067,South East Stars,2021-06-12T14:16:17Z,5,False,422,Alice Davidson-Richards,7074,Rachel Hopkins,3172,Hollie Armitage,90,48,Left,Wicketkeeper,0,0,0,0,LengthBall,Null,NotOut,NoShot,0,ShouldersArms,Null,Over,Fast,Left,Null,NotReferred,Null,False,False,False,False,False,False,870,False,False,True,False,False,False,0,0,0,0,0,False,False,,,,
403737,6,5.67,5.0,0.0,0.0,34.0,0.0,5.0,11978,,10817,Rachael Heyhoe Flint Trophy 2021,2,1064,Northern Diamonds,1067,South East Stars,2021-06-12T14:16:48Z,6,False,422,Alice Davidson-Richards,7074,Rachel Hopkins,3172,Hollie Armitage,342,84,Left,Mid Wicket,1,0,1,1,LengthBall,Null,NotOut,Played,0,Worked,Null,Over,Fast,Left,Null,NotReferred,Null,False,False,False,False,False,False,870,False,False,True,False,False,False,1,0,0,0,0,False,False,,,,
403742,7,5.29,2.0,1.0,2.0,37.0,1.0,3.0,11978,,10817,Rachael Heyhoe Flint Trophy 2021,2,1064,Northern Diamonds,1067,South East Stars,2021-06-12T14:18:11Z,1,False,384,Freya Davies,7074,Rachel Hopkins,3172,Hollie Armitage,211,67,Left,Extra Cover,0,0,0,0,LengthBall,Null,NotOut,Played,0,Pushed,Null,Over,Fast,Left,Null,NotReferred,Null,False,False,False,False,False,False,48,False,False,True,False,False,False,0,0,0,0,0,False,False,,,,
403742,7,5.29,2.0,1.0,2.0,37.0,1.0,3.0,11978,,10817,Rachael Heyhoe Flint Trophy 2021,2,1064,Northern Diamonds,1067,South East Stars,2021-06-12T14:18:47Z,2,False,384,Freya Davies,7074,Rachel Hopkins,3172,Hollie Armitage,21,72,Left,Leg Gully,0,1,1,0,LengthBall,Null,NotOut,HitPad,0,Glance,Null,Over,Fast,Left,Null,NotReferred,Null,False,False,False,True,False,False,48,False,False,True,False,False,False,0,0,0,1,0,False,False,,,,
403742,7,5.29,2.0,1.0,2.0,37.0,1.0,3.0,11978,,10817,Rachael Heyhoe Flint Trophy 2021,2,1064,Northern Diamonds,1067,South East Stars,2021-06-12T14:19:26Z,3,True,384,Freya Davies,3172,Hollie Armitage,7074,Rachel Hopkins,90,48,Left,Wicketkeeper,0,0,0,0,LengthBall,Null,NotOut,Edged,0,Pushed,Null,Over,Fast,Left,Out1stUmpire,NotReferred,Null,False,False,False,False,False,False,48,False,False,True,False,False,False,0,0,0,0,0,False,False,Caught,3172.0,Hollie Armitage,Caught
403742,7,5.29,2.0,1.0,2.0,37.0,1.0,3.0,11978,,10817,Rachael Heyhoe Flint Trophy 2021,2,1064,Northern Diamonds,1067,South East Stars,2021-06-12T14:21:09Z,4,False,384,Freya Davies,7051,Sterre Kalis,7074,Rachel Hopkins,90,48,Left,Wicketkeeper,0,0,0,0,LengthBall,Null,NotOut,NoShot,0,Leave,Null,Over,Fast,Left,Null,NotReferred,Null,False,False,False,False,False,False,48,False,False,True,False,False,False,0,0,0,0,0,False,False,,,,
403742,7,5.29,2.0,1.0,2.0,37.0,1.0,3.0,11978,,10817,Rachael Heyhoe Flint Trophy 2021,2,1064,Northern Diamonds,1067,South East Stars,2021-06-12T14:21:44Z,5,False,384,Freya Davies,7051,Sterre Kalis,7074,Rachel Hopkins,215,51,Left,Short Extra Cover,0,0,0,0,HalfVolley,Null,NotOut,Played,0,ForwardDefensive,Null,Over,Fast,Left,Null,NotReferred,Null,False,False,False,False,False,False,48,False,False,True,False,False,False,0,0,0,0,0,False,False,,,,
403742,7,5.29,2.0,1.0,2.0,37.0,1.0,3.0,11978,,10817,Rachael Heyhoe Flint Trophy 2021,2,1064,Northern Diamonds,1067,South East Stars,2021-06-12T14:22:19Z,6,False,384,Freya Davies,7051,Sterre Kalis,7074,Rachel Hopkins,90,48,Left,Wicketkeeper,1,1,1,0,LengthBall,Null,NotOut,MissedLegSide,0,Glance,Null,Over,Fast,Left,Null,NotReferred,Null,True,False,False,False,False,False,48,False,False,True,False,False,False,0,0,1,0,0,False,False,,,,
403742,7,5.29,2.0,1.0,2.0,37.0,1.0,3.0,11978,,10817,Rachael Heyhoe Flint Trophy 2021,2,1064,Northern Diamonds,1067,South East Stars,2021-06-12T14:22:54Z,6,False,384,Freya Davies,7051,Sterre Kalis,7074,Rachel Hopkins,23,137,Left,Deep Backward Square Leg,1,0,1,1,HalfVolley,Null,NotOut,Played,0,Worked,Null,Over,Fast,Left,Null,NotReferred,Null,False,False,False,False,False,False,48,False,False,True,False,False,False,1,0,0,0,0,False,False,,,,
403746,8,5.62,8.0,0.0,0.0,45.0,1.0,8.0,11978,,10817,Rachael Heyhoe Flint Trophy 2021,2,1064,Northern Diamonds,1067,South East Stars,2021-06-12T14:24:00Z,1,False,422,Alice Davidson-Richards,7051,Sterre Kalis,7074,Rachel Hopkins,111,182,Left,Third Man,4,0,4,4,BackOfALength,Null,NotOut,Played,0,LateCut,Null,Over,Fast,Left,Null,NotReferred,Null,False,False,False,False,False,False,870,False,False,True,False,False,False,4,0,0,0,0,False,True,,,,
403746,8,5.62,8.0,0.0,0.0,45.0,1.0,8.0,11978,,10817,Rachael Heyhoe Flint Trophy 2021,2,1064,Northern Diamonds,1067,South East Stars,2021-06-12T14:24:41Z,2,False,422,Alice Davidson-Richards,7051,Sterre Kalis,7074,Rachel Hopkins,90,48,Left,Wicketkeeper,0,0,0,0,Yorker,Null,NotOut,Missed,0,Pushed,Null,Over,Fast,Left,Null,NotReferred,Null,False,False,False,False,False,False,870,False,False,True,False,False,False,0,0,0,0,0,False,False,,,,
403746,8,5.62,8.0,0.0,0.0,45.0,1.0,8.0,11978,,10817,Rachael Heyhoe Flint Trophy 2021,2,1064,Northern Diamonds,1067,South East Stars,2021-06-12T14:25:15Z,3,False,422,Alice Davidson-Richards,7051,Sterre Kalis,7074,Rachel Hopkins,46,212,Left,Fine Leg,4,0,4,4,LengthBall,Null,NotOut,HitHard,0,Worked,Null,Over,Fast,Left,Null,NotReferred,Null,False,False,False,False,False,False,870,False,False,True,False,False,False,4,0,0,0,0,False,True,,,,
403746,8,5.62,8.0,0.0,0.0,45.0,1.0,8.0,11978,,10817,Rachael Heyhoe Flint Trophy 2021,2,1064,Northern Diamonds,1067,South East Stars,2021-06-12T14:25:55Z,4,False,422,Alice Davidson-Richards,7051,Sterre Kalis,7074,Rachel Hopkins,90,48,Left,Wicketkeeper,0,0,0,0,LengthBall,Null,NotOut,Missed,0,BackwardDefensive,Null,Over,Fast,Left,Null,NotReferred,Null,False,False,False,False,False,False,870,False,False,True,False,False,False,0,0,0,0,0,False,False,,,,
403746,8,5.62,8.0,0.0,0.0,45.0,1.0,8.0,11978,,10817,Rachael Heyhoe Flint Trophy 2021,2,1064,Northern Diamonds,1067,South East Stars,2021-06-12T14:26:25Z,5,False,422,Alice Davidson-Richards,7051,Sterre Kalis,7074,Rachel Hopkins,336,49,Left,Short Mid Wicket,0,0,0,0,Yorker,Null,NotOut,Played,0,ForwardDefensive,Null,Over,Fast,Left,Null,NotReferred,Null,False,False,False,False,False,False,870,False,False,True,False,False,False,0,0,0,0,0,False,False,,,,
403746,8,5.62,8.0,0.0,0.0,45.0,1.0,8.0,11978,,10817,Rachael Heyhoe Flint Trophy 2021,2,1064,Northern Diamonds,1067,South East Stars,2021-06-12T14:26:57Z,6,False,422,Alice Davidson-Richards,7051,Sterre Kalis,7074,Rachel Hopkins,90,48,Left,Wicketkeeper,0,0,0,0,LengthBall,Null,NotOut,NoShot,0,Leave,Null,Over,Fast,Left,Null,NotReferred,Null,False,False,False,False,False,False,870,False,False,True,False,False,False,0,0,0,0,0,False,False,,,,
403752,9,5.11,1.0,0.0,0.0,46.0,1.0,1.0,11978,,10817,Rachael Heyhoe Flint Trophy 2021,2,1064,Northern Diamonds,1067,South East Stars,2021-06-12T14:27:53Z,1,False,384,Freya Davies,7074,Rachel Hopkins,7051,Sterre Kalis,237,92,Left,Mid Off,1,0,1,1,LengthBall,Null,NotOut,Played,0,Pushed,Null,Over,Fast,Left,Null,NotReferred,Null,False,False,False,False,False,False,48,False,False,True,False,False,False,1,0,0,0,0,False,False,,,,
403752,9,5.11,1.0,0.0,0.0,46.0,1.0,1.0,11978,,10817,Rachael Heyhoe Flint Trophy 2021,2,1064,Northern Diamonds,1067,South East Stars,2021-06-12T14:28:31Z,2,False,384,Freya Davies,7051,Sterre Kalis,7074,Rachel Hopkins,90,48,Left,Wicketkeeper,0,0,0,0,LengthBall,Null,NotOut,NoShot,0,Leave,Null,Over,Fast,Left,Null,NotReferred,Null,False,False,False,False,False,False,48,False,False,True,False,False,False,0,0,0,0,0,False,False,,,,
403752,9,5.11,1.0,0.0,0.0,46.0,1.0,1.0,11978,,10817,Rachael Heyhoe Flint Trophy 2021,2,1064,Northern Diamonds,1067,South East Stars,2021-06-12T14:29:03Z,3,False,384,Freya Davies,7051,Sterre Kalis,7074,Rachel Hopkins,195,37,Left,Point,0,0,0,0,LengthBall,Null,NotOut,Played,0,BackwardDefensive,Null,Over,Fast,Left,Null,NotReferred,Null,False,False,False,False,False,False,48,False,False,True,False,False,False,0,0,0,0,0,False,False,,,,
403752,9,5.11,1.0,0.0,0.0,46.0,1.0,1.0,11978,,10817,Rachael Heyhoe Flint Trophy 2021,2,1064,Northern Diamonds,1067,South East Stars,2021-06-12T14:29:42Z,4,False,384,Freya Davies,7051,Sterre Kalis,7074,Rachel Hopkins,202,53,Left,Short Extra Cover,0,0,0,0,HalfVolley,Null,NotOut,Played,0,ForwardDefensive,Null,Over,Fast,Left,Null,NotReferred,Null,False,False,False,False,False,False,48,False,False,True,False,False,False,0,0,0,0,0,False,False,,,,
403752,9,5.11,1.0,0.0,0.0,46.0,1.0,1.0,11978,,10817,Rachael Heyhoe Flint Trophy 2021,2,1064,Northern Diamonds,1067,South East Stars,2021-06-12T14:30:14Z,5,False,384,Freya Davies,7051,Sterre Kalis,7074,Rachel Hopkins,333,62,Left,Short Mid Wicket,0,0,0,0,LengthBall,Null,NotOut,Played,0,Worked,Null,Over,Fast,Left,Null,NotReferred,Null,False,False,False,False,False,False,48,False,False,True,False,False,False,0,0,0,0,0,False,False,,,,
403752,9,5.11,1.0,0.0,0.0,46.0,1.0,1.0,11978,,10817,Rachael Heyhoe Flint Trophy 2021,2,1064,Northern Diamonds,1067,South East Stars,2021-06-12T14:30:48Z,6,False,384,Freya Davies,7051,Sterre Kalis,7074,Rachel Hopkins,90,48,Left,Wicketkeeper,0,0,0,0,LengthBall,Null,NotOut,NoShot,0,Leave,Null,Over,Fast,Left,Null,NotReferred,Null,False,False,False,False,False,False,48,False,False,True,False,False,False,0,0,0,0,0,False,False,,,,
403757,10,5.1,4.0,0.0,2.0,51.0,1.0,4.0,11978,,10817,Rachael Heyhoe Flint Trophy 2021,2,1064,Northern Diamonds,1067,South East Stars,2021-06-12T14:31:45Z,1,False,422,Alice Davidson-Richards,7074,Rachel Hopkins,7051,Sterre Kalis,293,68,Left,Silly Mid On,0,0,0,0,LengthBall,Null,NotOut,Played,0,ForwardDefensive,Null,Over,Fast,Left,Null,NotReferred,Null,False,False,False,False,False,False,870,False,False,True,False,False,False,0,0,0,0,0,False,False,,,,
403757,10,5.1,4.0,0.0,2.0,51.0,1.0,4.0,11978,,10817,Rachael Heyhoe Flint Trophy 2021,2,1064,Northern Diamonds,1067,South East Stars,2021-06-12T14:32:14Z,2,False,422,Alice Davidson-Richards,7074,Rachel Hopkins,7051,Sterre Kalis,9,95,Left,Backward Square Leg,1,0,1,1,HalfVolley,Null,NotOut,Played,0,Worked,Null,Over,Fast,Left,Null,NotReferred,Null,False,False,False,False,False,False,870,False,False,True,False,False,False,1,0,0,0,0,False,False,,,,
403757,10,5.1,4.0,0.0,2.0,51.0,1.0,4.0,11978,,10817,Rachael Heyhoe Flint Trophy 2021,2,1064,Northern Diamonds,1067,South East Stars,2021-06-12T14:32:48Z,3,False,422,Alice Davidson-Richards,7051,Sterre Kalis,7074,Rachel Hopkins,307,83,Left,Mid On,0,0,0,0,HalfVolley,Null,NotOut,Played,0,Flick,Null,Over,Fast,Left,Null,NotReferred,Null,False,False,False,False,False,False,870,False,False,True,False,False,False,0,0,0,0,0,False,False,,,,
403757,10,5.1,4.0,0.0,2.0,51.0,1.0,4.0,11978,,10817,Rachael Heyhoe Flint Trophy 2021,2,1064,Northern Diamonds,1067,South East Stars,2021-06-12T14:33:18Z,4,False,422,Alice Davidson-Richards,7051,Sterre Kalis,7074,Rachel Hopkins,90,48,Left,Wicketkeeper,1,1,1,0,LengthBall,Null,NotOut,MissedLegSide,0,Glance,Null,Over,Fast,Left,Null,NotReferred,Null,True,False,False,False,False,False,870,False,False,True,False,False,False,0,0,1,0,0,False,False,,,,
403757,10,5.1,4.0,0.0,2.0,51.0,1.0,4.0,11978,,10817,Rachael Heyhoe Flint Trophy 2021,2,1064,Northern Diamonds,1067,South East Stars,2021-06-12T14:33:49Z,4,False,422,Alice Davidson-Richards,7051,Sterre Kalis,7074,Rachel Hopkins,90,48,Left,Wicketkeeper,1,1,1,0,LengthBall,Null,NotOut,MissedLegSide,0,Glance,Null,Over,Fast,Left,Null,NotReferred,Null,True,False,False,False,False,False,870,False,False,True,False,False,False,0,0,1,0,0,False,False,,,,
403757,10,5.1,4.0,0.0,2.0,51.0,1.0,4.0,11978,,10817,Rachael Heyhoe Flint Trophy 2021,2,1064,Northern Diamonds,1067,South East Stars,2021-06-12T14:34:20Z,4,False,422,Alice Davidson-Richards,7051,Sterre Kalis,7074,Rachel Hopkins,297,96,Left,Mid On,0,0,0,0,HalfVolley,Null,NotOut,Played,0,Pushed,Null,Over,Fast,Left,Null,NotReferred,Null,False,False,False,False,False,False,870,False,False,True,False,False,False,0,0,0,0,0,False,False,,,,
403757,10,5.1,4.0,0.0,2.0,51.0,1.0,4.0,11978,,10817,Rachael Heyhoe Flint Trophy 2021,2,1064,Northern Diamonds,1067,South East Stars,2021-06-12T14:34:45Z,5,False,422,Alice Davidson-Richards,7051,Sterre Kalis,7074,Rachel Hopkins,319,39,Left,Short Mid Wicket,0,0,0,0,BackOfALength,Null,NotOut,Played,0,Dropped,Null,Over,Fast,Left,Null,NotReferred,Null,False,False,False,False,False,False,870,False,False,True,False,False,False,0,0,0,0,0,False,False,,,,
403757,10,5.1,4.0,0.0,2.0,51.0,1.0,4.0,11978,,10817,Rachael Heyhoe Flint Trophy 2021,2,1064,Northern Diamonds,1067,South East Stars,2021-06-12T14:35:08Z,6,False,422,Alice Davidson-Richards,7051,Sterre Kalis,7074,Rachel Hopkins,344,125,Left,Deep Mid Wicket,1,0,1,1,LengthBall,Null,NotOut,Played,0,Worked,Null,Over,Fast,Left,Null,NotReferred,Null,False,False,False,False,False,False,870,False,False,True,False,False,False,1,0,0,0,0,False,False,,,,
403762,11,5.27,8.0,1.0,1.0,58.0,2.0,8.0,11978,,10817,Rachael Heyhoe Flint Trophy 2021,2,1064,Northern Diamonds,1067,South East Stars,2021-06-12T14:36:15Z,1,False,430,Grace Gibbs,7051,Sterre Kalis,7074,Rachel Hopkins,90,48,Left,Wicketkeeper,1,1,1,0,LengthBall,Null,NotOut,NoShot,0,Leave,Null,Over,Medium,Left,Null,NotReferred,Null,True,False,False,False,False,False,48,False,False,False,False,False,False,0,0,1,0,0,False,False,,,,
403762,11,5.27,8.0,1.0,1.0,58.0,2.0,8.0,11978,,10817,Rachael Heyhoe Flint Trophy 2021,2,1064,Northern Diamonds,1067,South East Stars,2021-06-12T14:36:42Z,1,False,430,Grace Gibbs,7051,Sterre Kalis,7074,Rachel Hopkins,144,175,Left,Third Man,4,0,4,4,BackOfALength,Null,NotOut,HitHard,0,Cut,Null,Over,Medium,Left,Null,NotReferred,Null,False,False,False,False,False,False,48,False,False,False,False,False,False,4,0,0,0,0,False,False,,,,
403762,11,5.27,8.0,1.0,1.0,58.0,2.0,8.0,11978,,10817,Rachael Heyhoe Flint Trophy 2021,2,1064,Northern Diamonds,1067,South East Stars,2021-06-12T14:37:21Z,2,False,430,Grace Gibbs,7051,Sterre Kalis,7074,Rachel Hopkins,149,122,Left,Third Man,2,0,2,2,BackOfALength,Null,NotOut,Played,0,Steer,Null,Over,Medium,Left,Null,NotReferred,Null,False,False,False,False,False,False,48,False,False,False,False,False,False,2,0,0,0,0,False,False,,,,
403762,11,5.27,8.0,1.0,1.0,58.0,2.0,8.0,11978,,10817,Rachael Heyhoe Flint Trophy 2021,2,1064,Northern Diamonds,1067,South East Stars,2021-06-12T14:37:57Z,3,False,430,Grace Gibbs,7051,Sterre Kalis,7074,Rachel Hopkins,213,48,Left,Short Extra Cover,0,0,0,0,LengthBall,Null,NotOut,Played,0,ForwardDefensive,Null,Over,Medium,Left,Null,NotReferred,Null,False,False,False,False,False,False,48,False,False,False,False,False,False,0,0,0,0,0,False,False,,,,
403762,11,5.27,8.0,1.0,1.0,58.0,2.0,8.0,11978,,10817,Rachael Heyhoe Flint Trophy 2021,2,1064,Northern Diamonds,1067,South East Stars,2021-06-12T14:38:24Z,4,False,430,Grace Gibbs,7051,Sterre Kalis,7074,Rachel Hopkins,242,96,Left,Mid Off,0,0,0,0,HalfVolley,Null,NotOut,Played,0,Pushed,Null,Over,Medium,Left,Null,NotReferred,Null,False,False,False,False,False,False,48,False,False,False,False,False,False,0,0,0,0,0,False,False,,,,
403762,11,5.27,8.0,1.0,1.0,58.0,2.0,8.0,11978,,10817,Rachael Heyhoe Flint Trophy 2021,2,1064,Northern Diamonds,1067,South East Stars,2021-06-12T14:38:55Z,5,False,430,Grace Gibbs,7051,Sterre Kalis,7074,Rachel Hopkins,353,103,Left,Square Leg,1,0,1,1,LengthBall,Null,NotOut,Played,0,Worked,Null,Over,Medium,Left,Null,NotReferred,Null,False,False,False,False,False,False,48,False,False,False,False,False,False,1,0,0,0,0,False,False,,,,
403762,11,5.27,8.0,1.0,1.0,58.0,2.0,8.0,11978,,10817,Rachael Heyhoe Flint Trophy 2021,2,1064,Northern Diamonds,1067,South East Stars,2021-06-12T14:39:24Z,6,True,430,Grace Gibbs,7074,Rachel Hopkins,7051,Sterre Kalis,276,5,Left,Short Leg,0,0,0,0,LengthBall,Null,NotOut,HitPad,0,Flick,Null,Over,Medium,Left,Out1stUmpire,NotReferred,Null,False,False,False,False,False,False,48,False,False,False,False,False,False,0,0,0,0,0,False,False,Lbw,7074.0,Rachel Hopkins,LBW
403769,12,5.0,1.0,0.0,1.0,60.0,2.0,2.0,11978,,10817,Rachael Heyhoe Flint Trophy 2021,2,1064,Northern Diamonds,1067,South East Stars,2021-06-12T14:41:54Z,1,False,386,Bryony Smith,7051,Sterre Kalis,7047,Alex MacDonald,90,48,Left,Wicketkeeper,0,0,0,0,LengthBall,Null,NotOut,Missed,0,Cut,Null,Over,OffSpin,Left,Null,NotReferred,Null,False,False,False,False,False,False,870,False,False,False,False,False,False,0,0,0,0,0,False,False,,,,
403769,12,5.0,1.0,0.0,1.0,60.0,2.0,2.0,11978,,10817,Rachael Heyhoe Flint Trophy 2021,2,1064,Northern Diamonds,1067,South East Stars,2021-06-12T14:42:14Z,2,False,386,Bryony Smith,7051,Sterre Kalis,7047,Alex MacDonald,51,93,Left,Short Fine Leg,0,1,1,0,LengthBall,Null,NotOut,HitPad,0,Pull,Null,Over,OffSpin,Left,Null,NotReferred,Null,False,False,False,True,False,False,870,False,False,False,False,False,False,0,0,0,1,0,False,False,,,,
403769,12,5.0,1.0,0.0,1.0,60.0,2.0,2.0,11978,,10817,Rachael Heyhoe Flint Trophy 2021,2,1064,Northern Diamonds,1067,South East Stars,2021-06-12T14:42:48Z,3,False,386,Bryony Smith,7047,Alex MacDonald,7051,Sterre Kalis,354,136,Right,Deep Point,1,0,1,1,LengthBall,Null,NotOut,Played,0,Cut,Null,Round,OffSpin,Left,Null,NotReferred,Null,False,False,False,False,False,False,870,False,False,False,False,False,False,1,0,0,0,0,False,False,,,,
403769,12,5.0,1.0,0.0,1.0,60.0,2.0,2.0,11978,,10817,Rachael Heyhoe Flint Trophy 2021,2,1064,Northern Diamonds,1067,South East Stars,2021-06-12T14:43:10Z,4,False,386,Bryony Smith,7051,Sterre Kalis,7047,Alex MacDonald,29,72,Left,Leg Gully,0,0,0,0,BackOfALength,Null,NotOut,MisTimed,0,Pull,Null,Over,OffSpin,Left,Null,NotReferred,Null,False,False,False,False,False,False,870,False,False,False,False,False,False,0,0,0,0,0,False,False,,,,
403769,12,5.0,1.0,0.0,1.0,60.0,2.0,2.0,11978,,10817,Rachael Heyhoe Flint Trophy 2021,2,1064,Northern Diamonds,1067,South East Stars,2021-06-12T14:43:29Z,5,False,386,Bryony Smith,7051,Sterre Kalis,7047,Alex MacDonald,90,48,Left,Wicketkeeper,0,0,0,0,LengthBall,Null,NotOut,Missed,0,LateCut,Null,Over,OffSpin,Left,Null,NotReferred,Null,False,False,False,False,False,False,870,False,False,False,False,False,False,0,0,0,0,0,False,False,,,,
403769,12,5.0,1.0,0.0,1.0,60.0,2.0,2.0,11978,,10817,Rachael Heyhoe Flint Trophy 2021,2,1064,Northern Diamonds,1067,South East Stars,2021-06-12T14:43:47Z,6,False,386,Bryony Smith,7051,Sterre Kalis,7047,Alex MacDonald,221,52,Left,Short Extra Cover,0,0,0,0,LengthBall,Null,NotOut,Played,0,ForwardDefensive,Null,Over,OffSpin,Left,Null,NotReferred,Null,False,False,False,False,False,False,870,False,False,False,False,False,False,0,0,0,0,0,False,False,,,,
403772,13,4.92,4.0,1.0,0.0,64.0,3.0,4.0,11978,,10817,Rachael Heyhoe Flint Trophy 2021,2,1064,Northern Diamonds,1067,South East Stars,2021-06-12T14:45:00Z,1,False,430,Grace Gibbs,7047,Alex MacDonald,7051,Sterre Kalis,339,86,Right,Cover,0,0,0,0,LengthBall,Null,NotOut,MisTimed,0,Pushed,Null,Over,Medium,Left,Null,NotReferred,Null,False,False,False,False,False,False,48,False,False,False,False,False,False,0,0,0,0,0,False,False,,,,
403772,13,4.92,4.0,1.0,0.0,64.0,3.0,4.0,11978,,10817,Rachael Heyhoe Flint Trophy 2021,2,1064,Northern Diamonds,1067,South East Stars,2021-06-12T14:45:30Z,2,False,430,Grace Gibbs,7047,Alex MacDonald,7051,Sterre Kalis,332,81,Right,Extra Cover,0,0,0,0,HalfVolley,Null,NotOut,MisTimed,0,Pushed,Null,Over,Medium,Left,Null,NotReferred,Null,False,False,False,False,False,False,48,False,False,False,False,False,False,0,0,0,0,0,False,False,,,,
403772,13,4.92,4.0,1.0,0.0,64.0,3.0,4.0,11978,,10817,Rachael Heyhoe Flint Trophy 2021,2,1064,Northern Diamonds,1067,South East Stars,2021-06-12T14:45:57Z,3,False,430,Grace Gibbs,7047,Alex MacDonald,7051,Sterre Kalis,15,58,Right,Gully,0,0,0,0,LengthBall,Null,Lbw,HitPad,0,Worked,Null,Over,Medium,Left,NotOut1stUmpire,NotReferred,Null,False,False,False,False,False,True,48,False,False,False,False,False,False,0,0,0,0,0,False,False,,,,
403772,13,4.92,4.0,1.0,0.0,64.0,3.0,4.0,11978,,10817,Rachael Heyhoe Flint Trophy 2021,2,1064,Northern Diamonds,1067,South East Stars,2021-06-12T14:46:29Z,4,False,430,Grace Gibbs,7047,Alex MacDonald,7051,Sterre Kalis,65,185,Right,Third Man,4,0,4,4,HalfVolley,Null,NotOut,Edged,0,Drive,Null,Over,Medium,Left,Null,NotReferred,Null,False,False,False,False,False,False,48,False,False,False,False,False,False,4,0,0,0,0,False,True,,,,
403772,13,4.92,4.0,1.0,0.0,64.0,3.0,4.0,11978,,10817,Rachael Heyhoe Flint Trophy 2021,2,1064,Northern Diamonds,1067,South East Stars,2021-06-12T14:47:06Z,5,False,430,Grace Gibbs,7047,Alex MacDonald,7051,Sterre Kalis,294,94,Right,Mid Off,0,0,0,0,Yorker,Null,NotOut,Played,0,Pushed,Null,Over,Medium,Left,Null,NotReferred,Null,False,False,False,False,False,False,48,False,False,False,False,False,False,0,0,0,0,0,False,False,,,,
403772,13,4.92,4.0,1.0,0.0,64.0,3.0,4.0,11978,,10817,Rachael Heyhoe Flint Trophy 2021,2,1064,Northern Diamonds,1067,South East Stars,2021-06-12T14:47:33Z,6,True,430,Grace Gibbs,7047,Alex MacDonald,7051,Sterre Kalis,341,87,Right,Cover,0,0,0,0,HalfVolley,Null,NotOut,MisTimed,0,Drive,Null,Over,Medium,Left,Out1stUmpire,NotReferred,Null,False,False,False,False,False,False,48,False,False,False,False,False,False,0,0,0,0,0,False,False,Caught,7047.0,Alex MacDonald,Caught
403776,14,4.64,1.0,1.0,0.0,65.0,4.0,1.0,11978,,10817,Rachael Heyhoe Flint Trophy 2021,2,1064,Northern Diamonds,1067,South East Stars,2021-06-12T14:49:17Z,1,False,6994,Dani Gregory,7051,Sterre Kalis,7076,Ami Campbell,174,117,Left,Point,1,0,1,1,LengthBall,Null,NotOut,Played,0,Cut,Null,Over,LegSpin,Left,Null,NotReferred,Null,False,False,False,False,False,False,870,False,False,False,False,False,False,1,0,0,0,0,False,False,,,,
403776,14,4.64,1.0,1.0,0.0,65.0,4.0,1.0,11978,,10817,Rachael Heyhoe Flint Trophy 2021,2,1064,Northern Diamonds,1067,South East Stars,2021-06-12T14:49:58Z,2,False,6994,Dani Gregory,7076,Ami Campbell,7051,Sterre Kalis,279,16,Right,Short Leg,0,0,0,0,LengthBall,Null,NotOut,Played,0,ForwardDefensive,Null,Over,LegSpin,Left,Null,NotReferred,Null,False,False,False,False,False,False,870,False,False,False,False,False,False,0,0,0,0,0,False,False,,,,
403776,14,4.64,1.0,1.0,0.0,65.0,4.0,1.0,11978,,10817,Rachael Heyhoe Flint Trophy 2021,2,1064,Northern Diamonds,1067,South East Stars,2021-06-12T14:50:27Z,3,False,6994,Dani Gregory,7076,Ami Campbell,7051,Sterre Kalis,332,72,Right,Extra Cover,0,0,0,0,LengthBall,Null,NotOut,MisTimed,0,Pushed,Null,Over,LegSpin,Left,Null,NotReferred,Null,False,False,False,False,False,False,870,False,False,False,False,False,False,0,0,0,0,0,False,False,,,,
403776,14,4.64,1.0,1.0,0.0,65.0,4.0,1.0,11978,,10817,Rachael Heyhoe Flint Trophy 2021,2,1064,Northern Diamonds,1067,South East Stars,2021-06-12T14:50:42Z,4,False,6994,Dani Gregory,7076,Ami Campbell,7051,Sterre Kalis,339,12,Right,Silly Point,0,0,0,0,LengthBall,Null,NotOut,MisTimed,0,Cut,Null,Over,LegSpin,Left,Null,NotReferred,Null,False,False,False,False,False,False,870,False,False,False,False,False,False,0,0,0,0,0,False,False,,,,
403776,14,4.64,1.0,1.0,0.0,65.0,4.0,1.0,11978,,10817,Rachael Heyhoe Flint Trophy 2021,2,1064,Northern Diamonds,1067,South East Stars,2021-06-12T14:50:59Z,5,False,6994,Dani Gregory,7076,Ami Campbell,7051,Sterre Kalis,256,49,Right,Silly Mid On,0,0,0,0,LengthBall,Null,NotOut,MisTimed,0,Worked,Null,Over,LegSpin,Left,Null,NotReferred,Null,False,False,False,False,False,False,870,False,False,False,False,False,False,0,0,0,0,0,False,False,,,,
403776,14,4.64,1.0,1.0,0.0,65.0,4.0,1.0,11978,,10817,Rachael Heyhoe Flint Trophy 2021,2,1064,Northern Diamonds,1067,South East Stars,2021-06-12T14:51:18Z,6,True,6994,Dani Gregory,7076,Ami Campbell,7051,Sterre Kalis,19,82,Right,Backward Point,0,0,0,0,LengthBall,Null,NotOut,Played,0,Cut,Null,Over,LegSpin,Left,Out1stUmpire,NotReferred,Null,False,False,False,False,False,False,48,False,False,False,False,False,False,0,0,0,0,0,False,False,Caught,7076.0,Ami Campbell,Caught
403781,15,4.6,4.0,0.0,0.0,69.0,4.0,4.0,11978,,10817,Rachael Heyhoe Flint Trophy 2021,2,1064,Northern Diamonds,1067,South East Stars,2021-06-12T14:53:07Z,1,False,430,Grace Gibbs,7051,Sterre Kalis,387,Sarah Taylor,201,13,Left,Silly Point,0,0,0,0,LengthBall,Null,NotOut,InsideEdge,0,ForwardDefensive,Null,Over,Medium,Left,Null,NotReferred,Null,False,False,False,False,False,False,48,False,False,False,False,False,False,0,0,0,0,0,False,False,,,,
403781,15,4.6,4.0,0.0,0.0,69.0,4.0,4.0,11978,,10817,Rachael Heyhoe Flint Trophy 2021,2,1064,Northern Diamonds,1067,South East Stars,2021-06-12T14:53:39Z,2,False,430,Grace Gibbs,7051,Sterre Kalis,387,Sarah Taylor,279,103,Left,Mid On,1,0,1,1,HalfVolley,Null,NotOut,Played,0,Pushed,Null,Over,Medium,Left,Null,NotReferred,Null,False,False,False,False,False,False,48,False,False,False,False,False,False,1,0,0,0,0,False,False,,,,
403781,15,4.6,4.0,0.0,0.0,69.0,4.0,4.0,11978,,10817,Rachael Heyhoe Flint Trophy 2021,2,1064,Northern Diamonds,1067,South East Stars,2021-06-12T14:54:15Z,3,False,430,Grace Gibbs,387,Sarah Taylor,7051,Sterre Kalis,341,94,Left,Mid Wicket,1,0,1,1,LengthBall,Null,NotOut,Played,0,Flick,Null,Over,Medium,Left,Null,NotReferred,Null,False,False,False,False,False,False,48,False,False,False,False,False,False,1,0,0,0,0,False,False,,,,
403781,15,4.6,4.0,0.0,0.0,69.0,4.0,4.0,11978,,10817,Rachael Heyhoe Flint Trophy 2021,2,1064,Northern Diamonds,1067,South East Stars,2021-06-12T14:54:43Z,4,False,430,Grace Gibbs,7051,Sterre Kalis,387,Sarah Taylor,301,63,Left,Silly Mid On,0,0,0,0,Yorker,Null,NotOut,Played,0,ForwardDefensive,Null,Over,Medium,Left,Null,NotReferred,Null,False,False,False,False,False,False,48,False,False,False,False,False,False,0,0,0,0,0,False,False,,,,
403781,15,4.6,4.0,0.0,0.0,69.0,4.0,4.0,11978,,10817,Rachael Heyhoe Flint Trophy 2021,2,1064,Northern Diamonds,1067,South East Stars,2021-06-12T14:55:12Z,5,False,430,Grace Gibbs,7051,Sterre Kalis,387,Sarah Taylor,141,101,Left,Short Third Man,1,0,1,1,LengthBall,Null,NotOut,Played,0,Steer,Null,Over,Medium,Left,Null,NotReferred,Null,False,False,False,False,False,False,48,False,False,False,False,False,False,1,0,0,0,0,False,False,,,,
403781,15,4.6,4.0,0.0,0.0,69.0,4.0,4.0,11978,,10817,Rachael Heyhoe Flint Trophy 2021,2,1064,Northern Diamonds,1067,South East Stars,2021-06-12T14:55:45Z,6,False,430,Grace Gibbs,387,Sarah Taylor,7051,Sterre Kalis,351,142,Left,Deep Mid Wicket,1,0,1,1,LengthBall,Null,NotOut,Played,0,Flick,Null,Over,Medium,Left,Null,NotReferred,Null,False,False,False,False,False,False,48,False,False,False,False,False,False,1,0,0,0,0,False,False,,,,
403786,16,4.5,3.0,1.0,1.0,72.0,5.0,3.0,11978,,10817,Rachael Heyhoe Flint Trophy 2021,2,1064,Northern Diamonds,1067,South East Stars,2021-06-12T14:56:46Z,1,False,6994,Dani Gregory,387,Sarah Taylor,7051,Sterre Kalis,291,104,Left,Mid On,0,0,0,0,Yorker,Null,NotOut,Played,0,Drive,Null,Over,LegSpin,Left,Null,NotReferred,Null,False,False,False,False,False,False,870,False,False,False,False,False,False,0,0,0,0,0,False,False,,,,
403786,16,4.5,3.0,1.0,1.0,72.0,5.0,3.0,11978,,10817,Rachael Heyhoe Flint Trophy 2021,2,1064,Northern Diamonds,1067,South East Stars,2021-06-12T14:57:10Z,2,False,6994,Dani Gregory,387,Sarah Taylor,7051,Sterre Kalis,90,48,Left,Wicketkeeper,1,1,1,0,LengthBall,Null,NotOut,MissedLegSide,0,Glance,Null,Over,LegSpin,Left,Null,NotReferred,Null,True,False,False,False,False,False,870,False,False,False,False,False,False,0,0,1,0,0,False,False,,,,
403786,16,4.5,3.0,1.0,1.0,72.0,5.0,3.0,11978,,10817,Rachael Heyhoe Flint Trophy 2021,2,1064,Northern Diamonds,1067,South East Stars,2021-06-12T14:57:29Z,2,False,6994,Dani Gregory,387,Sarah Taylor,7051,Sterre Kalis,322,42,Left,Short Mid Wicket,0,0,0,0,LengthBall,Null,NotOut,HitPad,0,Pushed,Null,Over,LegSpin,Left,Null,NotReferred,Null,False,False,False,False,False,False,870,False,False,False,False,False,False,0,0,0,0,0,False,False,,,,
403786,16,4.5,3.0,1.0,1.0,72.0,5.0,3.0,11978,,10817,Rachael Heyhoe Flint Trophy 2021,2,1064,Northern Diamonds,1067,South East Stars,2021-06-12T14:57:52Z,3,True,6994,Dani Gregory,387,Sarah Taylor,7051,Sterre Kalis,278,7,Left,Short Leg,0,0,0,0,LengthBall,Null,NotOut,InsideEdge,0,Pull,Null,Over,LegSpin,Left,Out1stUmpire,NotReferred,Null,False,False,False,False,False,False,48,False,False,False,False,False,False,0,0,0,0,0,False,False,Bowled,387.0,Sarah Taylor,Bowled
403786,16,4.5,3.0,1.0,1.0,72.0,5.0,3.0,11978,,10817,Rachael Heyhoe Flint Trophy 2021,2,1064,Northern Diamonds,1067,South East Stars,2021-06-12T14:59:35Z,4,False,6994,Dani Gregory,413,Jenny Gunn,7051,Sterre Kalis,90,48,Left,Wicketkeeper,0,0,0,0,LengthBall,Null,NotOut,NoShot,0,Leave,Null,Over,LegSpin,Left,Null,NotReferred,Null,False,False,False,False,False,False,870,False,False,False,False,False,False,0,0,0,0,0,False,False,,,,
403786,16,4.5,3.0,1.0,1.0,72.0,5.0,3.0,11978,,10817,Rachael Heyhoe Flint Trophy 2021,2,1064,Northern Diamonds,1067,South East Stars,2021-06-12T14:59:50Z,5,False,6994,Dani Gregory,413,Jenny Gunn,7051,Sterre Kalis,196,130,Left,Deep Cover,1,0,1,1,LengthBall,Null,NotOut,Played,0,Cut,Null,Over,LegSpin,Left,Null,NotReferred,Null,False,False,False,False,False,False,870,False,False,False,False,False,False,1,0,0,0,0,False,False,,,,
403786,16,4.5,3.0,1.0,1.0,72.0,5.0,3.0,11978,,10817,Rachael Heyhoe Flint Trophy 2021,2,1064,Northern Diamonds,1067,South East Stars,2021-06-12T15:00:17Z,6,False,6994,Dani Gregory,7051,Sterre Kalis,413,Jenny Gunn,202,138,Left,Deep Cover,1,0,1,1,HalfVolley,Null,NotOut,Played,0,Pushed,Null,Over,LegSpin,Left,Null,NotReferred,Null,False,False,False,False,False,False,870,False,False,False,False,False,False,1,0,0,0,0,False,False,,,,
403793,17,4.59,6.0,0.0,0.0,78.0,5.0,6.0,11978,,10817,Rachael Heyhoe Flint Trophy 2021,2,1064,Northern Diamonds,1067,South East Stars,2021-06-12T15:01:14Z,1,False,430,Grace Gibbs,7051,Sterre Kalis,413,Jenny Gunn,184,85,Left,Point,0,0,0,0,HalfVolley,Null,NotOut,MisTimed,0,Drive,Null,Over,Medium,Left,Null,NotReferred,Null,False,False,False,False,False,False,48,False,False,False,False,False,False,0,0,0,0,0,False,False,,,,
403793,17,4.59,6.0,0.0,0.0,78.0,5.0,6.0,11978,,10817,Rachael Heyhoe Flint Trophy 2021,2,1064,Northern Diamonds,1067,South East Stars,2021-06-12T15:01:39Z,2,False,430,Grace Gibbs,7051,Sterre Kalis,413,Jenny Gunn,204,208,Left,Deep Cover,4,0,4,4,HalfVolley,Null,NotOut,HitHard,0,Drive,Null,Over,Medium,Left,Null,NotReferred,Null,False,False,False,False,False,False,48,False,False,False,False,False,False,4,0,0,0,0,False,True,,,,
403793,17,4.59,6.0,0.0,0.0,78.0,5.0,6.0,11978,,10817,Rachael Heyhoe Flint Trophy 2021,2,1064,Northern Diamonds,1067,South East Stars,2021-06-12T15:02:18Z,3,False,430,Grace Gibbs,7051,Sterre Kalis,413,Jenny Gunn,90,48,Left,Wicketkeeper,0,0,0,0,LengthBall,Null,NotOut,NoShot,0,Leave,Null,Over,Medium,Left,Null,NotReferred,Null,False,False,False,False,False,False,48,False,False,False,False,False,False,0,0,0,0,0,False,False,,,,
403793,17,4.59,6.0,0.0,0.0,78.0,5.0,6.0,11978,,10817,Rachael Heyhoe Flint Trophy 2021,2,1064,Northern Diamonds,1067,South East Stars,2021-06-12T15:02:49Z,4,False,430,Grace Gibbs,7051,Sterre Kalis,413,Jenny Gunn,287,75,Left,Mid On,0,0,0,0,HalfVolley,Null,NotOut,Played,0,Pushed,Null,Over,Medium,Left,Null,NotReferred,Null,False,False,False,False,False,False,48,False,False,False,False,False,False,0,0,0,0,0,False,False,,,,
403793,17,4.59,6.0,0.0,0.0,78.0,5.0,6.0,11978,,10817,Rachael Heyhoe Flint Trophy 2021,2,1064,Northern Diamonds,1067,South East Stars,2021-06-12T15:03:18Z,5,False,430,Grace Gibbs,7051,Sterre Kalis,413,Jenny Gunn,243,94,Left,Mid Off,0,0,0,0,HalfVolley,Null,NotOut,Played,0,Pushed,Null,Over,Medium,Left,Null,NotReferred,Null,False,False,False,False,False,False,48,False,False,False,False,False,False,0,0,0,0,0,False,False,,,,
403793,17,4.59,6.0,0.0,0.0,78.0,5.0,6.0,11978,,10817,Rachael Heyhoe Flint Trophy 2021,2,1064,Northern Diamonds,1067,South East Stars,2021-06-12T15:03:46Z,6,False,430,Grace Gibbs,7051,Sterre Kalis,413,Jenny Gunn,26,130,Left,Fine Leg,2,0,2,2,Yorker,Null,NotOut,Played,0,Glance,Null,Over,Medium,Left,Null,NotReferred,Null,False,False,False,False,False,False,48,False,False,False,False,False,False,2,0,0,0,0,False,False,,,,
403798,18,4.33,0.0,0.0,0.0,78.0,5.0,0.0,11978,,10817,Rachael Heyhoe Flint Trophy 2021,2,1064,Northern Diamonds,1067,South East Stars,2021-06-12T15:04:46Z,1,False,6994,Dani Gregory,413,Jenny Gunn,7051,Sterre Kalis,319,41,Left,Short Mid Wicket,0,0,0,0,LengthBall,Null,NotOut,Played,0,BackwardDefensive,Null,Over,LegSpin,Left,Null,NotReferred,Null,False,False,False,False,False,False,870,False,False,False,False,False,False,0,0,0,0,0,False,False,,,,
403798,18,4.33,0.0,0.0,0.0,78.0,5.0,0.0,11978,,10817,Rachael Heyhoe Flint Trophy 2021,2,1064,Northern Diamonds,1067,South East Stars,2021-06-12T15:05:10Z,2,False,6994,Dani Gregory,413,Jenny Gunn,7051,Sterre Kalis,164,60,Left,Gully,0,0,0,0,LengthBall,Null,NotOut,MisTimed,0,Pushed,Null,Over,LegSpin,Left,Null,NotReferred,Null,False,False,False,False,False,False,870,False,False,False,False,False,False,0,0,0,0,0,False,False,,,,
403798,18,4.33,0.0,0.0,0.0,78.0,5.0,0.0,11978,,10817,Rachael Heyhoe Flint Trophy 2021,2,1064,Northern Diamonds,1067,South East Stars,2021-06-12T15:05:29Z,3,False,6994,Dani Gregory,413,Jenny Gunn,7051,Sterre Kalis,270,40,Left,Bowler,0,0,0,0,BackOfALength,Null,NotOut,MisTimed,0,Pushed,Null,Over,LegSpin,Left,Null,NotReferred,Null,False,False,False,False,False,False,870,False,False,False,False,False,False,0,0,0,0,0,False,False,,,,
403798,18,4.33,0.0,0.0,0.0,78.0,5.0,0.0,11978,,10817,Rachael Heyhoe Flint Trophy 2021,2,1064,Northern Diamonds,1067,South East Stars,2021-06-12T15:05:49Z,4,False,6994,Dani Gregory,413,Jenny Gunn,7051,Sterre Kalis,202,21,Left,Silly Point,0,0,0,0,Yorker,Null,NotOut,Played,0,ForwardDefensive,Null,Over,LegSpin,Left,Null,NotReferred,Null,False,False,False,False,False,False,870,False,False,False,False,False,False,0,0,0,0,0,False,False,,,,
403798,18,4.33,0.0,0.0,0.0,78.0,5.0,0.0,11978,,10817,Rachael Heyhoe Flint Trophy 2021,2,1064,Northern Diamonds,1067,South East Stars,2021-06-12T15:06:10Z,5,False,6994,Dani Gregory,413,Jenny Gunn,7051,Sterre Kalis,203,45,Left,Short Extra Cover,0,0,0,0,LengthBall,Null,NotOut,Played,0,ForwardDefensive,Null,Over,LegSpin,Left,Null,NotReferred,Null,False,False,False,False,False,False,870,False,False,False,False,False,False,0,0,0,0,0,False,False,,,,
403798,18,4.33,0.0,0.0,0.0,78.0,5.0,0.0,11978,,10817,Rachael Heyhoe Flint Trophy 2021,2,1064,Northern Diamonds,1067,South East Stars,2021-06-12T15:06:29Z,6,False,6994,Dani Gregory,413,Jenny Gunn,7051,Sterre Kalis,222,41,Left,Short Extra Cover,0,0,0,0,LengthBall,Null,NotOut,Played,0,ForwardDefensive,Null,Over,LegSpin,Left,Null,NotReferred,Null,False,False,False,False,False,False,870,False,False,False,False,False,False,0,0,0,0,0,False,False,,,,
403802,19,4.37,5.0,0.0,1.0,83.0,5.0,5.0,11978,,10817,Rachael Heyhoe Flint Trophy 2021,2,1064,Northern Diamonds,1067,South East Stars,2021-06-12T15:07:18Z,1,False,430,Grace Gibbs,7051,Sterre Kalis,413,Jenny Gunn,15,118,Left,Backward Square Leg,1,0,1,1,LengthBall,Null,NotOut,Played,0,Glance,Null,Over,Medium,Left,Null,NotReferred,Null,False,False,False,False,False,False,48,False,False,False,False,False,False,1,0,0,0,0,False,False,,,,
403802,19,4.37,5.0,0.0,1.0,83.0,5.0,5.0,11978,,10817,Rachael Heyhoe Flint Trophy 2021,2,1064,Northern Diamonds,1067,South East Stars,2021-06-12T15:07:52Z,2,False,430,Grace Gibbs,413,Jenny Gunn,7051,Sterre Kalis,341,152,Left,Deep Mid Wicket,1,0,1,1,Yorker,Null,NotOut,Played,0,Flick,Null,Over,Medium,Left,Null,NotReferred,Null,False,False,False,False,False,False,48,False,False,False,False,False,False,1,0,0,0,0,False,False,,,,
403802,19,4.37,5.0,0.0,1.0,83.0,5.0,5.0,11978,,10817,Rachael Heyhoe Flint Trophy 2021,2,1064,Northern Diamonds,1067,South East Stars,2021-06-12T15:08:24Z,3,False,430,Grace Gibbs,7051,Sterre Kalis,413,Jenny Gunn,300,99,Left,Mid On,1,0,1,1,HalfVolley,Null,NotOut,Played,0,Pushed,Null,Over,Medium,Left,Null,NotReferred,Null,False,False,False,False,False,False,48,False,False,False,False,False,False,1,0,0,0,0,False,False,,,,
403802,19,4.37,5.0,0.0,1.0,83.0,5.0,5.0,11978,,10817,Rachael Heyhoe Flint Trophy 2021,2,1064,Northern Diamonds,1067,South East Stars,2021-06-12T15:08:52Z,4,False,430,Grace Gibbs,413,Jenny Gunn,7051,Sterre Kalis,90,48,Left,Wicketkeeper,1,1,1,0,LengthBall,Null,NotOut,MissedLegSide,0,Pull,Null,Over,Medium,Left,Null,NotReferred,Null,True,False,False,False,False,False,48,False,False,False,False,False,False,0,0,1,0,0,False,False,,,,
403802,19,4.37,5.0,0.0,1.0,83.0,5.0,5.0,11978,,10817,Rachael Heyhoe Flint Trophy 2021,2,1064,Northern Diamonds,1067,South East Stars,2021-06-12T15:09:18Z,4,False,430,Grace Gibbs,413,Jenny Gunn,7051,Sterre Kalis,298,93,Left,Mid On,0,0,0,0,HalfVolley,Null,NotOut,Played,0,Pushed,Null,Over,Medium,Left,Null,NotReferred,Null,False,False,False,False,False,False,48,False,False,False,False,False,False,0,0,0,0,0,False,False,,,,
403802,19,4.37,5.0,0.0,1.0,83.0,5.0,5.0,11978,,10817,Rachael Heyhoe Flint Trophy 2021,2,1064,Northern Diamonds,1067,South East Stars,2021-06-12T15:09:44Z,5,False,430,Grace Gibbs,413,Jenny Gunn,7051,Sterre Kalis,191,76,Left,Cover,0,0,0,0,LengthBall,Null,NotOut,Played,0,Pushed,Null,Over,Medium,Left,Null,NotReferred,Null,False,False,False,False,False,False,48,False,False,False,False,False,False,0,0,0,0,0,False,False,,,,
403802,19,4.37,5.0,0.0,1.0,83.0,5.0,5.0,11978,,10817,Rachael Heyhoe Flint Trophy 2021,2,1064,Northern Diamonds,1067,South East Stars,2021-06-12T15:10:13Z,6,False,430,Grace Gibbs,413,Jenny Gunn,7051,Sterre Kalis,355,137,Left,Deep Square Leg,1,0,1,1,LengthBall,Null,NotOut,Played,0,Flick,Null,Over,Medium,Left,Null,NotReferred,Null,False,False,False,False,False,False,48,False,False,False,False,False,False,1,0,0,0,0,False,False,,,,
403807,20,4.2,1.0,0.0,0.0,84.0,5.0,1.0,11978,,10817,Rachael Heyhoe Flint Trophy 2021,2,1064,Northern Diamonds,1067,South East Stars,2021-06-12T15:11:22Z,1,False,6994,Dani Gregory,413,Jenny Gunn,7051,Sterre Kalis,172,60,Left,Gully,0,0,0,0,LengthBall,Null,NotOut,MisTimed,0,Cut,Null,Over,LegSpin,Left,Null,NotReferred,Null,False,False,False,False,False,False,870,False,False,False,False,False,False,0,0,0,0,0,False,False,,,,
403807,20,4.2,1.0,0.0,0.0,84.0,5.0,1.0,11978,,10817,Rachael Heyhoe Flint Trophy 2021,2,1064,Northern Diamonds,1067,South East Stars,2021-06-12T15:11:43Z,2,False,6994,Dani Gregory,413,Jenny Gunn,7051,Sterre Kalis,206,48,Left,Short Extra Cover,0,0,0,0,Yorker,Null,NotOut,Played,0,ForwardDefensive,Null,Over,LegSpin,Left,Null,NotReferred,Null,False,False,False,False,False,False,870,False,False,False,False,False,False,0,0,0,0,0,False,False,,,,
403807,20,4.2,1.0,0.0,0.0,84.0,5.0,1.0,11978,,10817,Rachael Heyhoe Flint Trophy 2021,2,1064,Northern Diamonds,1067,South East Stars,2021-06-12T15:12:03Z,3,False,6994,Dani Gregory,413,Jenny Gunn,7051,Sterre Kalis,187,67,Left,Point,0,0,0,0,LengthBall,Null,NotOut,MisTimed,0,Pushed,Null,Over,LegSpin,Left,Null,NotReferred,Null,False,False,False,False,False,False,870,False,False,False,False,False,False,0,0,0,0,0,False,False,,,,
403807,20,4.2,1.0,0.0,0.0,84.0,5.0,1.0,11978,,10817,Rachael Heyhoe Flint Trophy 2021,2,1064,Northern Diamonds,1067,South East Stars,2021-06-12T15:12:21Z,4,False,6994,Dani Gregory,413,Jenny Gunn,7051,Sterre Kalis,185,153,Left,Deep Point,1,0,1,1,LengthBall,Null,NotOut,Played,0,Cut,Null,Over,LegSpin,Left,Null,NotReferred,Null,False,False,False,False,False,False,870,False,False,False,False,False,False,1,0,0,0,0,False,False,,,,
403807,20,4.2,1.0,0.0,0.0,84.0,5.0,1.0,11978,,10817,Rachael Heyhoe Flint Trophy 2021,2,1064,Northern Diamonds,1067,South East Stars,2021-06-12T15:12:52Z,5,False,6994,Dani Gregory,7051,Sterre Kalis,413,Jenny Gunn,124,67,Left,Second Slip,0,0,0,0,LengthBall,Null,NotOut,Played,0,Steer,Null,Over,LegSpin,Left,Null,NotReferred,Null,False,False,False,False,False,False,870,False,False,False,False,False,False,0,0,0,0,0,False,False,,,,
403807,20,4.2,1.0,0.0,0.0,84.0,5.0,1.0,11978,,10817,Rachael Heyhoe Flint Trophy 2021,2,1064,Northern Diamonds,1067,South East Stars,2021-06-12T15:13:21Z,6,False,6994,Dani Gregory,7051,Sterre Kalis,413,Jenny Gunn,165,74,Left,Backward Point,0,0,0,0,LengthBall,Null,NotOut,Played,0,Cut,Null,Over,LegSpin,Left,Null,NotReferred,Null,False,False,False,False,False,False,870,False,False,False,False,False,False,0,0,0,0,0,False,False,,,,
403813,21,4.14,3.0,0.0,0.0,87.0,5.0,3.0,11978,,10817,Rachael Heyhoe Flint Trophy 2021,2,1064,Northern Diamonds,1067,South East Stars,2021-06-12T15:14:21Z,1,False,430,Grace Gibbs,413,Jenny Gunn,7051,Sterre Kalis,9,105,Left,Backward Square Leg,1,0,1,1,LengthBall,Null,NotOut,Played,0,Steer,Null,Over,Medium,Left,Null,NotReferred,Null,False,False,False,False,False,False,48,False,False,False,False,False,False,1,0,0,0,0,False,False,,,,
403813,21,4.14,3.0,0.0,0.0,87.0,5.0,3.0,11978,,10817,Rachael Heyhoe Flint Trophy 2021,2,1064,Northern Diamonds,1067,South East Stars,2021-06-12T15:14:53Z,2,False,430,Grace Gibbs,7051,Sterre Kalis,413,Jenny Gunn,196,131,Left,Deep Cover,1,0,1,1,HalfVolley,Null,NotOut,Played,0,Drive,Null,Over,Medium,Left,Null,NotReferred,Null,False,False,False,False,False,False,48,False,False,False,False,False,False,1,0,0,0,0,False,False,,,,
403813,21,4.14,3.0,0.0,0.0,87.0,5.0,3.0,11978,,10817,Rachael Heyhoe Flint Trophy 2021,2,1064,Northern Diamonds,1067,South East Stars,2021-06-12T15:15:21Z,3,False,430,Grace Gibbs,413,Jenny Gunn,7051,Sterre Kalis,242,27,Left,Silly Point,0,0,0,0,LengthBall,Null,NotOut,Played,0,Cut,Null,Over,Medium,Left,Null,NotReferred,Null,False,False,False,False,False,False,48,False,False,False,False,False,False,0,0,0,0,0,False,False,,,,
403813,21,4.14,3.0,0.0,0.0,87.0,5.0,3.0,11978,,10817,Rachael Heyhoe Flint Trophy 2021,2,1064,Northern Diamonds,1067,South East Stars,2021-06-12T15:15:50Z,4,False,430,Grace Gibbs,413,Jenny Gunn,7051,Sterre Kalis,227,60,Left,Short Extra Cover,0,0,0,0,LengthBall,Null,NotOut,Played,0,ForwardDefensive,Null,Over,Medium,Left,Null,NotReferred,Null,False,False,False,False,False,False,48,False,False,False,False,False,False,0,0,0,0,0,False,False,,,,
403813,21,4.14,3.0,0.0,0.0,87.0,5.0,3.0,11978,,10817,Rachael Heyhoe Flint Trophy 2021,2,1064,Northern Diamonds,1067,South East Stars,2021-06-12T15:16:21Z,5,False,430,Grace Gibbs,413,Jenny Gunn,7051,Sterre Kalis,230,42,Left,Short Extra Cover,0,0,0,0,LengthBall,Null,NotOut,Played,0,ForwardDefensive,Null,Over,Medium,Left,Null,NotReferred,Null,False,False,False,False,False,False,48,False,False,False,False,False,False,0,0,0,0,0,False,False,,,,
403813,21,4.14,3.0,0.0,0.0,87.0,5.0,3.0,11978,,10817,Rachael Heyhoe Flint Trophy 2021,2,1064,Northern Diamonds,1067,South East Stars,2021-06-12T15:16:52Z,6,False,430,Grace Gibbs,413,Jenny Gunn,7051,Sterre Kalis,125,129,Left,Third Man,1,0,1,1,LengthBall,Null,NotOut,Played,0,Steer,Null,Over,Medium,Left,Null,NotReferred,Null,False,False,False,False,False,False,48,False,False,False,False,False,False,1,0,0,0,0,False,False,,,,
403817,22,4.23,6.0,0.0,0.0,93.0,5.0,6.0,11978,,10817,Rachael Heyhoe Flint Trophy 2021,2,1064,Northern Diamonds,1067,South East Stars,2021-06-12T15:17:44Z,1,False,6994,Dani Gregory,413,Jenny Gunn,7051,Sterre Kalis,323,85,Left,Mid Wicket,0,0,0,0,BackOfALength,Null,NotOut,Played,0,Pull,Null,Over,LegSpin,Left,Null,NotReferred,Null,False,False,False,False,False,False,870,False,False,False,False,False,False,0,0,0,0,0,False,False,,,,
403817,22,4.23,6.0,0.0,0.0,93.0,5.0,6.0,11978,,10817,Rachael Heyhoe Flint Trophy 2021,2,1064,Northern Diamonds,1067,South East Stars,2021-06-12T15:18:06Z,2,False,6994,Dani Gregory,413,Jenny Gunn,7051,Sterre Kalis,192,150,Left,Deep Cover,1,0,1,1,Yorker,Null,NotOut,Played,0,Pushed,Null,Over,LegSpin,Left,Null,NotReferred,Null,False,False,False,False,False,False,870,False,False,False,False,False,False,1,0,0,0,0,False,False,,,,
403817,22,4.23,6.0,0.0,0.0,93.0,5.0,6.0,11978,,10817,Rachael Heyhoe Flint Trophy 2021,2,1064,Northern Diamonds,1067,South East Stars,2021-06-12T15:18:34Z,3,False,6994,Dani Gregory,7051,Sterre Kalis,413,Jenny Gunn,187,157,Left,Deep Point,1,0,1,1,LengthBall,Null,NotOut,Played,0,Cut,Null,Over,LegSpin,Left,Null,NotReferred,Null,False,False,False,False,False,False,870,False,False,False,False,False,False,1,0,0,0,0,False,False,,,,
403817,22,4.23,6.0,0.0,0.0,93.0,5.0,6.0,11978,,10817,Rachael Heyhoe Flint Trophy 2021,2,1064,Northern Diamonds,1067,South East Stars,2021-06-12T15:18:55Z,4,False,6994,Dani Gregory,413,Jenny Gunn,7051,Sterre Kalis,270,40,Left,Bowler,0,0,0,0,LengthBall,Null,NotOut,Played,0,Pushed,Null,Over,LegSpin,Left,Null,NotReferred,Null,False,False,False,False,False,False,870,False,False,False,False,False,False,0,0,0,0,0,False,False,,,,
403817,22,4.23,6.0,0.0,0.0,93.0,5.0,6.0,11978,,10817,Rachael Heyhoe Flint Trophy 2021,2,1064,Northern Diamonds,1067,South East Stars,2021-06-12T15:19:18Z,5,False,6994,Dani Gregory,413,Jenny Gunn,7051,Sterre Kalis,300,48,Left,Silly Mid On,0,0,0,0,Yorker,Null,NotOut,Played,0,ForwardDefensive,Null,Over,LegSpin,Left,Null,NotReferred,Null,False,False,False,False,False,False,870,False,False,False,False,False,False,0,0,0,0,0,False,False,,,,
403817,22,4.23,6.0,0.0,0.0,93.0,5.0,6.0,11978,,10817,Rachael Heyhoe Flint Trophy 2021,2,1064,Northern Diamonds,1067,South East Stars,2021-06-12T15:19:34Z,6,False,6994,Dani Gregory,413,Jenny Gunn,7051,Sterre Kalis,28,206,Left,Deep Backward Square Leg,4,0,4,4,LengthBall,Null,NotOut,HitHard,0,Sweep,Null,Over,LegSpin,Left,Null,NotReferred,Null,False,False,False,False,False,False,870,False,False,False,False,False,False,4,0,0,0,0,False,True,,,,
403822,23,4.3,6.0,0.0,0.0,99.0,5.0,6.0,11978,,10817,Rachael Heyhoe Flint Trophy 2021,2,1064,Northern Diamonds,1067,South East Stars,2021-06-12T15:21:00Z,1,False,7091,Phoebe Franklin,7051,Sterre Kalis,413,Jenny Gunn,36,107,Left,Fine Leg,1,0,1,1,LengthBall,Null,NotOut,Played,0,Pull,Null,Over,Medium,Left,Null,NotReferred,Null,False,False,False,False,False,False,48,False,False,False,False,False,False,1,0,0,0,0,False,False,,,,
403822,23,4.3,6.0,0.0,0.0,99.0,5.0,6.0,11978,,10817,Rachael Heyhoe Flint Trophy 2021,2,1064,Northern Diamonds,1067,South East Stars,2021-06-12T15:21:32Z,2,False,7091,Phoebe Franklin,413,Jenny Gunn,7051,Sterre Kalis,145,82,Left,Short Third Man,0,0,0,0,Yorker,Null,NotOut,Played,0,Steer,Null,Over,Medium,Left,Null,NotReferred,Null,False,False,False,False,False,False,48,False,False,False,False,False,False,0,0,0,0,0,False,False,,,,
403822,23,4.3,6.0,0.0,0.0,99.0,5.0,6.0,11978,,10817,Rachael Heyhoe Flint Trophy 2021,2,1064,Northern Diamonds,1067,South East Stars,2021-06-12T15:22:03Z,3,False,7091,Phoebe Franklin,413,Jenny Gunn,7051,Sterre Kalis,270,40,Left,Bowler,0,0,0,0,LengthBall,Null,NotOut,Played,0,ForwardDefensive,Null,Over,Medium,Left,Null,NotReferred,Null,False,False,False,False,False,False,48,False,False,False,False,False,False,0,0,0,0,0,False,False,,,,
403822,23,4.3,6.0,0.0,0.0,99.0,5.0,6.0,11978,,10817,Rachael Heyhoe Flint Trophy 2021,2,1064,Northern Diamonds,1067,South East Stars,2021-06-12T15:22:28Z,4,False,7091,Phoebe Franklin,413,Jenny Gunn,7051,Sterre Kalis,12,197,Left,Deep Backward Square Leg,4,0,4,4,LengthBall,Null,NotOut,HitHard,0,Pull,Null,Over,Medium,Left,Null,NotReferred,Null,False,False,False,False,False,False,48,False,False,False,False,False,False,4,0,0,0,0,False,True,,,,
403822,23,4.3,6.0,0.0,0.0,99.0,5.0,6.0,11978,,10817,Rachael Heyhoe Flint Trophy 2021,2,1064,Northern Diamonds,1067,South East Stars,2021-06-12T15:23:06Z,5,False,7091,Phoebe Franklin,413,Jenny Gunn,7051,Sterre Kalis,241,98,Left,Mid Off,0,0,0,0,HalfVolley,Null,NotOut,Played,0,Pushed,Null,Over,Medium,Left,Null,NotReferred,Null,False,False,False,False,False,False,48,False,False,False,False,False,False,0,0,0,0,0,False,False,,,,
403822,23,4.3,6.0,0.0,0.0,99.0,5.0,6.0,11978,,10817,Rachael Heyhoe Flint Trophy 2021,2,1064,Northern Diamonds,1067,South East Stars,2021-06-12T15:23:29Z,6,False,7091,Phoebe Franklin,413,Jenny Gunn,7051,Sterre Kalis,201,121,Left,Deep Cover,1,0,1,1,LengthBall,Null,NotOut,Played,0,Cut,Null,Over,Medium,Left,Null,NotReferred,Null,False,False,False,False,False,False,48,False,False,False,False,False,False,1,0,0,0,0,False,False,,,,
403828,24,4.17,1.0,0.0,0.0,100.0,5.0,1.0,11978,,10817,Rachael Heyhoe Flint Trophy 2021,2,1064,Northern Diamonds,1067,South East Stars,2021-06-12T15:24:26Z,1,False,6994,Dani Gregory,413,Jenny Gunn,7051,Sterre Kalis,192,131,Left,Deep Point,1,0,1,1,LengthBall,Null,NotOut,Played,0,Cut,Null,Over,LegSpin,Left,Null,NotReferred,Null,False,False,False,False,False,False,870,False,False,False,False,False,False,1,0,0,0,0,False,False,,,,
403828,24,4.17,1.0,0.0,0.0,100.0,5.0,1.0,11978,,10817,Rachael Heyhoe Flint Trophy 2021,2,1064,Northern Diamonds,1067,South East Stars,2021-06-12T15:24:52Z,2,False,6994,Dani Gregory,7051,Sterre Kalis,413,Jenny Gunn,162,85,Left,Backward Point,0,0,0,0,LengthBall,Null,NotOut,Played,0,Cut,Null,Over,LegSpin,Left,Null,NotReferred,Null,False,False,False,False,False,False,870,False,False,False,False,False,False,0,0,0,0,0,False,False,,,,
403828,24,4.17,1.0,0.0,0.0,100.0,5.0,1.0,11978,,10817,Rachael Heyhoe Flint Trophy 2021,2,1064,Northern Diamonds,1067,South East Stars,2021-06-12T15:25:16Z,3,False,6994,Dani Gregory,7051,Sterre Kalis,413,Jenny Gunn,90,48,Left,Wicketkeeper,0,0,0,0,Yorker,Null,NotOut,Missed,0,Pushed,Null,Over,LegSpin,Left,Null,NotReferred,Null,False,False,False,False,False,False,870,False,False,False,False,False,False,0,0,0,0,0,False,False,,,,
403828,24,4.17,1.0,0.0,0.0,100.0,5.0,1.0,11978,,10817,Rachael Heyhoe Flint Trophy 2021,2,1064,Northern Diamonds,1067,South East Stars,2021-06-12T15:25:36Z,4,False,6994,Dani Gregory,7051,Sterre Kalis,413,Jenny Gunn,270,40,Left,Bowler,0,0,0,0,LengthBall,Null,NotOut,Played,0,BackwardDefensive,Null,Over,LegSpin,Left,Null,NotReferred,Null,False,False,False,False,False,False,870,False,False,False,False,False,False,0,0,0,0,0,False,False,,,,
403828,24,4.17,1.0,0.0,0.0,100.0,5.0,1.0,11978,,10817,Rachael Heyhoe Flint Trophy 2021,2,1064,Northern Diamonds,1067,South East Stars,2021-06-12T15:26:01Z,5,False,6994,Dani Gregory,7051,Sterre Kalis,413,Jenny Gunn,270,40,Left,Bowler,0,0,0,0,LengthBall,Null,NotOut,Played,0,Pushed,Null,Over,LegSpin,Left,Null,NotReferred,Null,False,False,False,False,False,False,870,False,False,False,False,False,False,0,0,0,0,0,False,False,,,,
403828,24,4.17,1.0,0.0,0.0,100.0,5.0,1.0,11978,,10817,Rachael Heyhoe Flint Trophy 2021,2,1064,Northern Diamonds,1067,South East Stars,2021-06-12T15:26:21Z,6,False,6994,Dani Gregory,7051,Sterre Kalis,413,Jenny Gunn,295,78,Left,Mid On,0,0,0,0,LengthBall,Null,NotOut,Played,0,ForwardDefensive,Null,Over,LegSpin,Left,Null,NotReferred,Null,False,False,False,False,False,False,870,False,False,False,False,False,False,0,0,0,0,0,False,False,,,,
403832,25,4.4,10.0,0.0,0.0,110.0,5.0,10.0,11978,,10817,Rachael Heyhoe Flint Trophy 2021,2,1064,Northern Diamonds,1067,South East Stars,2021-06-12T15:27:29Z,1,False,7091,Phoebe Franklin,413,Jenny Gunn,7051,Sterre Kalis,335,204,Left,Deep Mid Wicket,4,0,4,4,BackOfALength,Null,NotOut,HitHard,0,Pull,Null,Over,Medium,Left,Null,NotReferred,Null,False,False,False,False,False,False,48,False,False,False,False,False,False,4,0,0,0,0,False,True,,,,
403832,25,4.4,10.0,0.0,0.0,110.0,5.0,10.0,11978,,10817,Rachael Heyhoe Flint Trophy 2021,2,1064,Northern Diamonds,1067,South East Stars,2021-06-12T15:28:01Z,2,False,7091,Phoebe Franklin,413,Jenny Gunn,7051,Sterre Kalis,319,247,Left,Long On,4,0,4,4,HalfVolley,Null,NotOut,HitHard,0,Flick,Null,Over,Medium,Left,Null,NotReferred,Null,False,False,False,False,False,False,48,False,False,False,False,False,False,4,0,0,0,0,False,True,,,,
403832,25,4.4,10.0,0.0,0.0,110.0,5.0,10.0,11978,,10817,Rachael Heyhoe Flint Trophy 2021,2,1064,Northern Diamonds,1067,South East Stars,2021-06-12T15:28:44Z,3,False,7091,Phoebe Franklin,413,Jenny Gunn,7051,Sterre Kalis,305,116,Left,Mid On,1,0,1,1,LengthBall,Null,NotOut,Played,0,Pushed,Null,Over,Medium,Left,Null,NotReferred,Null,False,False,False,False,False,False,48,False,False,False,False,False,False,1,0,0,0,0,False,False,,,,
403832,25,4.4,10.0,0.0,0.0,110.0,5.0,10.0,11978,,10817,Rachael Heyhoe Flint Trophy 2021,2,1064,Northern Diamonds,1067,South East Stars,2021-06-12T15:29:37Z,4,False,7091,Phoebe Franklin,7051,Sterre Kalis,413,Jenny Gunn,90,48,Left,Wicketkeeper,0,0,0,0,LengthBall,Null,NotOut,Missed,0,Steer,Null,Over,Medium,Left,Null,NotReferred,Null,False,False,False,False,False,False,48,False,False,False,False,False,False,0,0,0,0,0,False,False,,,,
403832,25,4.4,10.0,0.0,0.0,110.0,5.0,10.0,11978,,10817,Rachael Heyhoe Flint Trophy 2021,2,1064,Northern Diamonds,1067,South East Stars,2021-06-12T15:30:04Z,5,False,7091,Phoebe Franklin,7051,Sterre Kalis,413,Jenny Gunn,305,135,Left,Mid On,1,0,1,1,HalfVolley,Null,NotOut,Played,0,Pushed,Null,Over,Medium,Left,Null,NotReferred,Null,False,False,False,False,False,False,48,False,False,False,False,False,False,1,0,0,0,0,False,False,,,,
403832,25,4.4,10.0,0.0,0.0,110.0,5.0,10.0,11978,,10817,Rachael Heyhoe Flint Trophy 2021,2,1064,Northern Diamonds,1067,South East Stars,2021-06-12T15:30:30Z,6,False,7091,Phoebe Franklin,413,Jenny Gunn,7051,Sterre Kalis,241,41,Left,Silly Mid Off,0,0,0,0,LengthBall,Null,NotOut,Played,0,ForwardDefensive,Null,Over,Medium,Left,Null,NotReferred,Null,False,False,False,False,False,False,48,False,False,False,False,False,False,0,0,0,0,0,False,False,,,,
403840,26,4.31,2.0,0.0,0.0,112.0,5.0,2.0,11978,,10817,Rachael Heyhoe Flint Trophy 2021,2,1064,Northern Diamonds,1067,South East Stars,2021-06-12T15:31:41Z,1,False,386,Bryony Smith,7051,Sterre Kalis,413,Jenny Gunn,320,90,Left,Mid Wicket,0,0,0,0,LengthBall,Null,NotOut,Played,0,Pushed,Null,Over,OffSpin,Left,Null,NotReferred,Null,False,False,False,False,False,False,870,False,False,False,False,False,False,0,0,0,0,0,False,False,,,,
403840,26,4.31,2.0,0.0,0.0,112.0,5.0,2.0,11978,,10817,Rachael Heyhoe Flint Trophy 2021,2,1064,Northern Diamonds,1067,South East Stars,2021-06-12T15:32:00Z,2,False,386,Bryony Smith,7051,Sterre Kalis,413,Jenny Gunn,90,48,Left,Wicketkeeper,0,0,0,0,LengthBall,Null,NotOut,Missed,0,Pushed,Null,Over,OffSpin,Left,Null,NotReferred,Null,False,False,False,False,False,False,870,False,False,False,False,False,False,0,0,0,0,0,False,False,,,,
403840,26,4.31,2.0,0.0,0.0,112.0,5.0,2.0,11978,,10817,Rachael Heyhoe Flint Trophy 2021,2,1064,Northern Diamonds,1067,South East Stars,2021-06-12T15:32:20Z,3,False,386,Bryony Smith,7051,Sterre Kalis,413,Jenny Gunn,344,62,Left,Short Mid Wicket,1,0,1,1,LengthBall,Null,NotOut,MisTimed,0,Worked,Null,Over,OffSpin,Left,Null,NotReferred,Null,False,False,False,False,False,False,870,False,False,False,False,False,False,1,0,0,0,0,False,False,,,,
403840,26,4.31,2.0,0.0,0.0,112.0,5.0,2.0,11978,,10817,Rachael Heyhoe Flint Trophy 2021,2,1064,Northern Diamonds,1067,South East Stars,2021-06-12T15:32:45Z,4,False,386,Bryony Smith,413,Jenny Gunn,7051,Sterre Kalis,353,144,Left,Deep Square Leg,1,0,1,1,LengthBall,Null,NotOut,Played,0,Worked,Null,Over,OffSpin,Left,Null,NotReferred,Null,False,False,False,False,False,False,870,False,False,False,False,False,False,1,0,0,0,0,False,False,,,,
403840,26,4.31,2.0,0.0,0.0,112.0,5.0,2.0,11978,,10817,Rachael Heyhoe Flint Trophy 2021,2,1064,Northern Diamonds,1067,South East Stars,2021-06-12T15:33:10Z,5,False,386,Bryony Smith,7051,Sterre Kalis,413,Jenny Gunn,160,81,Left,Backward Point,0,0,0,0,LengthBall,Null,NotOut,Played,0,Steer,Null,Over,OffSpin,Left,Null,NotReferred,Null,False,False,False,False,False,False,870,False,False,False,False,False,False,0,0,0,0,0,False,False,,,,
403840,26,4.31,2.0,0.0,0.0,112.0,5.0,2.0,11978,,10817,Rachael Heyhoe Flint Trophy 2021,2,1064,Northern Diamonds,1067,South East Stars,2021-06-12T15:33:30Z,6,False,386,Bryony Smith,7051,Sterre Kalis,413,Jenny Gunn,90,48,Left,Wicketkeeper,0,0,0,0,HalfVolley,Null,NotOut,Missed,0,Drive,Null,Over,OffSpin,Left,Null,NotReferred,Null,False,False,False,False,False,False,870,False,False,False,False,False,False,0,0,0,0,0,False,False,,,,
403845,27,4.37,6.0,0.0,0.0,118.0,5.0,6.0,11978,,10817,Rachael Heyhoe Flint Trophy 2021,2,1064,Northern Diamonds,1067,South East Stars,2021-06-12T15:34:41Z,1,False,384,Freya Davies,413,Jenny Gunn,7051,Sterre Kalis,332,58,Left,Short Mid Wicket,0,0,0,0,LengthBall,Null,NotOut,Played,0,BackwardDefensive,Null,Over,Fast,Left,Null,NotReferred,Null,False,False,False,False,False,False,48,False,False,False,False,False,False,0,0,0,0,0,False,False,,,,
403845,27,4.37,6.0,0.0,0.0,118.0,5.0,6.0,11978,,10817,Rachael Heyhoe Flint Trophy 2021,2,1064,Northern Diamonds,1067,South East Stars,2021-06-12T15:35:12Z,2,False,384,Freya Davies,413,Jenny Gunn,7051,Sterre Kalis,316,150,Left,Mid On,1,0,1,1,LengthBall,Null,NotOut,Played,0,Flick,Null,Over,Fast,Left,Null,NotReferred,Null,False,False,False,False,False,False,48,False,False,False,False,False,False,1,0,0,0,0,False,False,,,,
403845,27,4.37,6.0,0.0,0.0,118.0,5.0,6.0,11978,,10817,Rachael Heyhoe Flint Trophy 2021,2,1064,Northern Diamonds,1067,South East Stars,2021-06-12T15:35:44Z,3,False,384,Freya Davies,7051,Sterre Kalis,413,Jenny Gunn,349,105,Left,Mid Wicket,1,0,1,1,LengthBall,Null,NotOut,Played,0,Worked,Null,Over,Fast,Left,Null,NotReferred,Null,False,False,False,False,False,False,48,False,False,False,False,False,False,1,0,0,0,0,False,False,,,,
403845,27,4.37,6.0,0.0,0.0,118.0,5.0,6.0,11978,,10817,Rachael Heyhoe Flint Trophy 2021,2,1064,Northern Diamonds,1067,South East Stars,2021-06-12T15:36:18Z,4,False,384,Freya Davies,413,Jenny Gunn,7051,Sterre Kalis,331,53,Left,Short Mid Wicket,0,0,0,0,LengthBall,Null,NotOut,Played,0,BackwardDefensive,Null,Over,Fast,Left,Null,NotReferred,Null,False,False,False,False,False,False,48,False,False,False,False,False,False,0,0,0,0,0,False,False,,,,
403845,27,4.37,6.0,0.0,0.0,118.0,5.0,6.0,11978,,10817,Rachael Heyhoe Flint Trophy 2021,2,1064,Northern Diamonds,1067,South East Stars,2021-06-12T15:36:46Z,5,False,384,Freya Davies,413,Jenny Gunn,7051,Sterre Kalis,334,57,Left,Short Mid Wicket,0,0,0,0,LengthBall,Null,NotOut,Played,0,ForwardDefensive,Null,Over,Fast,Left,Null,NotReferred,Null,False,False,False,False,False,False,48,False,False,False,False,False,False,0,0,0,0,0,False,False,,,,
403845,27,4.37,6.0,0.0,0.0,118.0,5.0,6.0,11978,,10817,Rachael Heyhoe Flint Trophy 2021,2,1064,Northern Diamonds,1067,South East Stars,2021-06-12T15:37:14Z,6,False,384,Freya Davies,413,Jenny Gunn,7051,Sterre Kalis,131,200,Left,Third Man,4,0,4,4,HalfVolley,Null,NotOut,HitHard,0,Steer,Null,Over,Fast,Left,Null,NotReferred,Null,False,False,False,False,False,False,48,False,False,False,False,False,False,4,0,0,0,0,False,True,,,,
403849,28,4.32,3.0,0.0,0.0,121.0,5.0,3.0,11978,,10817,Rachael Heyhoe Flint Trophy 2021,2,1064,Northern Diamonds,1067,South East Stars,2021-06-12T15:38:16Z,1,False,386,Bryony Smith,7051,Sterre Kalis,413,Jenny Gunn,329,58,Left,Short Mid Wicket,0,0,0,0,LengthBall,Null,NotOut,Played,0,Pushed,Null,Over,OffSpin,Left,Null,NotReferred,Null,False,False,False,False,False,False,870,False,False,False,False,False,False,0,0,0,0,0,False,False,,,,
403849,28,4.32,3.0,0.0,0.0,121.0,5.0,3.0,11978,,10817,Rachael Heyhoe Flint Trophy 2021,2,1064,Northern Diamonds,1067,South East Stars,2021-06-12T15:38:35Z,2,False,386,Bryony Smith,7051,Sterre Kalis,413,Jenny Gunn,13,99,Left,Backward Square Leg,0,0,0,0,LengthBall,Null,NotOut,Played,0,Pull,Null,Over,OffSpin,Left,Null,NotReferred,Null,False,False,False,False,False,False,870,False,False,False,False,False,False,0,0,0,0,0,False,False,,,,
403849,28,4.32,3.0,0.0,0.0,121.0,5.0,3.0,11978,,10817,Rachael Heyhoe Flint Trophy 2021,2,1064,Northern Diamonds,1067,South East Stars,2021-06-12T15:38:53Z,3,False,386,Bryony Smith,7051,Sterre Kalis,413,Jenny Gunn,304,127,Left,Mid On,1,0,1,1,BackOfALength,Null,NotOut,Played,0,Pushed,Null,Over,OffSpin,Left,Null,NotReferred,Null,False,False,False,False,False,False,870,False,False,False,False,False,False,1,0,0,0,0,False,False,,,,
403849,28,4.32,3.0,0.0,0.0,121.0,5.0,3.0,11978,,10817,Rachael Heyhoe Flint Trophy 2021,2,1064,Northern Diamonds,1067,South East Stars,2021-06-12T15:39:13Z,4,False,386,Bryony Smith,413,Jenny Gunn,7051,Sterre Kalis,202,132,Left,Deep Cover,1,0,1,1,HalfVolley,Null,NotOut,Played,0,Drive,Null,Over,OffSpin,Left,Null,NotReferred,Null,False,False,False,False,False,False,870,False,False,False,False,False,False,1,0,0,0,0,False,False,,,,
403849,28,4.32,3.0,0.0,0.0,121.0,5.0,3.0,11978,,10817,Rachael Heyhoe Flint Trophy 2021,2,1064,Northern Diamonds,1067,South East Stars,2021-06-12T15:39:36Z,5,False,386,Bryony Smith,7051,Sterre Kalis,413,Jenny Gunn,162,85,Left,Backward Point,0,0,0,0,LengthBall,Null,NotOut,Played,0,Steer,Null,Over,OffSpin,Left,Null,NotReferred,Null,False,False,False,False,False,False,870,False,False,False,False,False,False,0,0,0,0,0,False,False,,,,
403849,28,4.32,3.0,0.0,0.0,121.0,5.0,3.0,11978,,10817,Rachael Heyhoe Flint Trophy 2021,2,1064,Northern Diamonds,1067,South East Stars,2021-06-12T15:39:55Z,6,False,386,Bryony Smith,7051,Sterre Kalis,413,Jenny Gunn,195,120,Left,Deep Cover,1,0,1,1,HalfVolley,Null,NotOut,Played,0,Drive,Null,Over,OffSpin,Left,Null,NotReferred,Null,False,False,False,False,False,False,870,False,False,False,False,False,False,1,0,0,0,0,False,False,,,,
403854,29,4.52,10.0,0.0,2.0,131.0,5.0,10.0,11978,,10817,Rachael Heyhoe Flint Trophy 2021,2,1064,Northern Diamonds,1067,South East Stars,2021-06-12T15:40:47Z,1,False,384,Freya Davies,7051,Sterre Kalis,413,Jenny Gunn,120,116,Left,Third Man,1,0,1,1,BackOfALength,Null,NotOut,Played,0,LateCut,Null,Over,Fast,Left,Null,NotReferred,Null,False,False,False,False,False,False,48,False,False,False,False,False,False,1,0,0,0,0,False,False,,,,
403854,29,4.52,10.0,0.0,2.0,131.0,5.0,10.0,11978,,10817,Rachael Heyhoe Flint Trophy 2021,2,1064,Northern Diamonds,1067,South East Stars,2021-06-12T15:41:17Z,2,False,384,Freya Davies,413,Jenny Gunn,7051,Sterre Kalis,12,117,Left,Backward Square Leg,1,0,1,1,LengthBall,Null,NotOut,Played,0,Glance,Null,Over,Fast,Left,Null,NotReferred,Null,False,False,False,False,False,False,48,False,False,False,False,False,False,1,0,0,0,0,False,False,,,,
403854,29,4.52,10.0,0.0,2.0,131.0,5.0,10.0,11978,,10817,Rachael Heyhoe Flint Trophy 2021,2,1064,Northern Diamonds,1067,South East Stars,2021-06-12T15:41:47Z,3,False,384,Freya Davies,7051,Sterre Kalis,413,Jenny Gunn,188,144,Left,Deep Point,1,0,1,1,HalfVolley,Null,NotOut,Played,0,Drive,Null,Over,Fast,Left,Null,NotReferred,Null,False,False,False,False,False,False,48,False,False,False,False,False,False,1,0,0,0,0,False,False,,,,
403854,29,4.52,10.0,0.0,2.0,131.0,5.0,10.0,11978,,10817,Rachael Heyhoe Flint Trophy 2021,2,1064,Northern Diamonds,1067,South East Stars,2021-06-12T15:42:18Z,4,False,384,Freya Davies,413,Jenny Gunn,7051,Sterre Kalis,10,196,Left,Deep Square Leg,4,0,4,4,BackOfALength,Null,NotOut,Played,0,Pull,SlowerBall,Over,Fast,Left,Null,NotReferred,Null,False,False,False,False,False,False,48,False,False,False,False,False,False,4,0,0,0,0,False,True,,,,
403854,29,4.52,10.0,0.0,2.0,131.0,5.0,10.0,11978,,10817,Rachael Heyhoe Flint Trophy 2021,2,1064,Northern Diamonds,1067,South East Stars,2021-06-12T15:43:00Z,5,False,384,Freya Davies,413,Jenny Gunn,7051,Sterre Kalis,243,72,Left,Mid Off,0,0,0,0,LengthBall,Null,NotOut,Played,0,Pushed,Null,Over,Fast,Left,Null,NotReferred,Null,False,False,False,False,False,False,48,False,False,False,False,False,False,0,0,0,0,0,False,False,,,,
403854,29,4.52,10.0,0.0,2.0,131.0,5.0,10.0,11978,,10817,Rachael Heyhoe Flint Trophy 2021,2,1064,Northern Diamonds,1067,South East Stars,2021-06-12T15:43:31Z,6,False,384,Freya Davies,413,Jenny Gunn,7051,Sterre Kalis,56,80,Left,Short Fine Leg,2,2,2,0,LengthBall,Null,NotOut,NoShot,0,Leave,SlowerBall,Over,Fast,Left,Null,NotReferred,Null,True,False,False,False,False,False,48,False,False,False,False,False,False,0,0,2,0,0,False,False,,,,
403854,29,4.52,10.0,0.0,2.0,131.0,5.0,10.0,11978,,10817,Rachael Heyhoe Flint Trophy 2021,2,1064,Northern Diamonds,1067,South East Stars,2021-06-12T15:44:05Z,6,False,384,Freya Davies,7051,Sterre Kalis,413,Jenny Gunn,143,117,Left,Third Man,1,0,1,1,LengthBall,Null,NotOut,Played,0,Steer,Null,Over,Fast,Left,Null,NotReferred,Null,False,False,False,False,False,False,48,False,False,False,False,False,False,1,0,0,0,0,False,False,,,,
403859,30,4.47,3.0,0.0,0.0,134.0,5.0,3.0,11978,,10817,Rachael Heyhoe Flint Trophy 2021,2,1064,Northern Diamonds,1067,South East Stars,2021-06-12T15:45:02Z,1,False,386,Bryony Smith,7051,Sterre Kalis,413,Jenny Gunn,90,48,Left,Wicketkeeper,0,0,0,0,HalfVolley,Null,NotOut,Missed,0,Drive,Null,Over,OffSpin,Left,Null,NotReferred,Null,False,False,False,False,False,False,870,False,False,False,False,False,False,0,0,0,0,0,False,False,,,,
403859,30,4.47,3.0,0.0,0.0,134.0,5.0,3.0,11978,,10817,Rachael Heyhoe Flint Trophy 2021,2,1064,Northern Diamonds,1067,South East Stars,2021-06-12T15:45:17Z,2,False,386,Bryony Smith,7051,Sterre Kalis,413,Jenny Gunn,344,120,Left,Mid Wicket,1,0,1,1,LengthBall,Null,NotOut,Played,0,Worked,Null,Over,OffSpin,Left,Null,NotReferred,Null,False,False,False,False,False,False,870,False,False,False,False,False,False,1,0,0,0,0,False,False,,,,
403859,30,4.47,3.0,0.0,0.0,134.0,5.0,3.0,11978,,10817,Rachael Heyhoe Flint Trophy 2021,2,1064,Northern Diamonds,1067,South East Stars,2021-06-12T15:45:38Z,3,False,386,Bryony Smith,413,Jenny Gunn,7051,Sterre Kalis,335,89,Left,Mid Wicket,1,0,1,1,LengthBall,Null,NotOut,Played,0,Pushed,Null,Over,OffSpin,Left,Null,NotReferred,Null,False,False,False,False,False,False,870,False,False,False,False,False,False,1,0,0,0,0,False,False,,,,
403859,30,4.47,3.0,0.0,0.0,134.0,5.0,3.0,11978,,10817,Rachael Heyhoe Flint Trophy 2021,2,1064,Northern Diamonds,1067,South East Stars,2021-06-12T15:46:00Z,4,False,386,Bryony Smith,7051,Sterre Kalis,413,Jenny Gunn,213,88,Left,Extra Cover,0,0,0,0,LengthBall,Null,NotOut,Played,0,Pushed,Null,Over,OffSpin,Left,Null,NotReferred,Null,False,False,False,False,False,False,870,False,False,False,False,False,False,0,0,0,0,0,False,False,,,,
403859,30,4.47,3.0,0.0,0.0,134.0,5.0,3.0,11978,,10817,Rachael Heyhoe Flint Trophy 2021,2,1064,Northern Diamonds,1067,South East Stars,2021-06-12T15:46:16Z,5,False,386,Bryony Smith,7051,Sterre Kalis,413,Jenny Gunn,287,107,Left,Mid On,1,0,1,1,LengthBall,Null,NotOut,Played,0,Pushed,Null,Over,OffSpin,Left,Null,NotReferred,Null,False,False,False,False,False,False,870,False,False,False,False,False,False,1,0,0,0,0,False,False,,,,
403859,30,4.47,3.0,0.0,0.0,134.0,5.0,3.0,11978,,10817,Rachael Heyhoe Flint Trophy 2021,2,1064,Northern Diamonds,1067,South East Stars,2021-06-12T15:46:41Z,6,False,386,Bryony Smith,413,Jenny Gunn,7051,Sterre Kalis,270,40,Left,Bowler,0,0,0,0,BackOfALength,Null,NotOut,Played,0,BackwardDefensive,Null,Over,OffSpin,Left,Null,NotReferred,Null,False,False,False,False,False,False,870,False,False,False,False,False,False,0,0,0,0,0,False,False,,,,
403864,31,4.45,4.0,0.0,0.0,138.0,5.0,4.0,11978,,10817,Rachael Heyhoe Flint Trophy 2021,2,1064,Northern Diamonds,1067,South East Stars,2021-06-12T15:47:44Z,1,False,6979,Alice Capsey,7051,Sterre Kalis,413,Jenny Gunn,294,139,Left,Long On,1,0,1,1,HalfVolley,Null,NotOut,Played,0,Pushed,Null,Over,OffSpin,Left,Null,NotReferred,Null,False,False,False,False,False,False,48,False,False,False,False,False,False,1,0,0,0,0,False,False,,,,
403864,31,4.45,4.0,0.0,0.0,138.0,5.0,4.0,11978,,10817,Rachael Heyhoe Flint Trophy 2021,2,1064,Northern Diamonds,1067,South East Stars,2021-06-12T15:48:05Z,2,False,6979,Alice Capsey,413,Jenny Gunn,7051,Sterre Kalis,225,28,Left,Silly Point,0,0,0,0,LengthBall,Null,NotOut,Played,0,ForwardDefensive,Null,Over,OffSpin,Left,Null,NotReferred,Null,False,False,False,False,False,False,48,False,False,False,False,False,False,0,0,0,0,0,False,False,,,,
403864,31,4.45,4.0,0.0,0.0,138.0,5.0,4.0,11978,,10817,Rachael Heyhoe Flint Trophy 2021,2,1064,Northern Diamonds,1067,South East Stars,2021-06-12T15:48:20Z,3,False,6979,Alice Capsey,413,Jenny Gunn,7051,Sterre Kalis,279,116,Left,Mid On,1,0,1,1,HalfVolley,Null,NotOut,Played,0,Pushed,Null,Over,OffSpin,Left,Null,NotReferred,Null,False,False,False,False,False,False,48,False,False,False,False,False,False,1,0,0,0,0,False,False,,,,
403864,31,4.45,4.0,0.0,0.0,138.0,5.0,4.0,11978,,10817,Rachael Heyhoe Flint Trophy 2021,2,1064,Northern Diamonds,1067,South East Stars,2021-06-12T15:48:49Z,4,False,6979,Alice Capsey,7051,Sterre Kalis,413,Jenny Gunn,270,40,Left,Bowler,0,0,0,0,HalfVolley,Null,NotOut,Played,0,Pushed,Null,Over,OffSpin,Left,Null,NotReferred,Null,False,False,False,False,False,False,48,False,False,False,False,False,False,0,0,0,0,0,False,False,,,,
403864,31,4.45,4.0,0.0,0.0,138.0,5.0,4.0,11978,,10817,Rachael Heyhoe Flint Trophy 2021,2,1064,Northern Diamonds,1067,South East Stars,2021-06-12T15:49:07Z,5,False,6979,Alice Capsey,7051,Sterre Kalis,413,Jenny Gunn,285,157,Left,Long On,1,0,1,1,HalfVolley,Null,NotOut,Played,0,Pushed,Null,Over,OffSpin,Left,Null,NotReferred,Null,False,False,False,False,False,False,48,False,False,False,False,False,False,1,0,0,0,0,False,False,,,,
403864,31,4.45,4.0,0.0,0.0,138.0,5.0,4.0,11978,,10817,Rachael Heyhoe Flint Trophy 2021,2,1064,Northern Diamonds,1067,South East Stars,2021-06-12T15:49:36Z,6,False,6979,Alice Capsey,413,Jenny Gunn,7051,Sterre Kalis,321,143,Left,Mid On,1,0,1,1,HalfVolley,Null,NotOut,Played,0,Pushed,Null,Over,OffSpin,Left,Null,NotReferred,Null,False,False,False,False,False,False,48,False,False,False,False,False,False,1,0,0,0,0,False,False,,,,
403867,32,4.41,3.0,0.0,0.0,141.0,5.0,3.0,11978,,10817,Rachael Heyhoe Flint Trophy 2021,2,1064,Northern Diamonds,1067,South East Stars,2021-06-12T15:50:49Z,1,False,386,Bryony Smith,413,Jenny Gunn,7051,Sterre Kalis,4,100,Left,Square Leg,1,0,1,1,LengthBall,Null,NotOut,Played,0,Glance,Null,Over,OffSpin,Left,Null,NotReferred,Null,False,False,False,False,False,False,870,False,False,False,False,False,False,1,0,0,0,0,False,False,,,,
403867,32,4.41,3.0,0.0,0.0,141.0,5.0,3.0,11978,,10817,Rachael Heyhoe Flint Trophy 2021,2,1064,Northern Diamonds,1067,South East Stars,2021-06-12T15:51:13Z,2,False,386,Bryony Smith,7051,Sterre Kalis,413,Jenny Gunn,288,135,Left,Long On,1,0,1,1,BackOfALength,Null,NotOut,Played,0,Pushed,Null,Over,OffSpin,Left,Null,NotReferred,Null,False,False,False,False,False,False,870,False,False,False,False,False,False,1,0,0,0,0,False,False,,,,
403867,32,4.41,3.0,0.0,0.0,141.0,5.0,3.0,11978,,10817,Rachael Heyhoe Flint Trophy 2021,2,1064,Northern Diamonds,1067,South East Stars,2021-06-12T15:51:32Z,3,False,386,Bryony Smith,413,Jenny Gunn,7051,Sterre Kalis,169,42,Left,Gully,0,0,0,0,LengthBall,Null,NotOut,Played,0,ForwardDefensive,Null,Over,OffSpin,Left,Null,NotReferred,Null,False,False,False,False,False,False,870,False,False,False,False,False,False,0,0,0,0,0,False,False,,,,
403867,32,4.41,3.0,0.0,0.0,141.0,5.0,3.0,11978,,10817,Rachael Heyhoe Flint Trophy 2021,2,1064,Northern Diamonds,1067,South East Stars,2021-06-12T15:51:52Z,4,False,386,Bryony Smith,413,Jenny Gunn,7051,Sterre Kalis,163,84,Left,Backward Point,0,0,0,0,LengthBall,Null,NotOut,Played,0,Cut,Null,Over,OffSpin,Left,Null,NotReferred,Null,False,False,False,False,False,False,870,False,False,False,False,False,False,0,0,0,0,0,False,False,,,,
403867,32,4.41,3.0,0.0,0.0,141.0,5.0,3.0,11978,,10817,Rachael Heyhoe Flint Trophy 2021,2,1064,Northern Diamonds,1067,South East Stars,2021-06-12T15:52:10Z,5,False,386,Bryony Smith,413,Jenny Gunn,7051,Sterre Kalis,313,52,Left,Short Mid Wicket,0,0,0,0,LengthBall,Null,NotOut,Played,0,ForwardDefensive,Null,Over,OffSpin,Left,Null,NotReferred,Null,False,False,False,False,False,False,870,False,False,False,False,False,False,0,0,0,0,0,False,False,,,,
403867,32,4.41,3.0,0.0,0.0,141.0,5.0,3.0,11978,,10817,Rachael Heyhoe Flint Trophy 2021,2,1064,Northern Diamonds,1067,South East Stars,2021-06-12T15:52:28Z,6,False,386,Bryony Smith,413,Jenny Gunn,7051,Sterre Kalis,345,61,Left,Short Mid Wicket,1,0,1,1,LengthBall,Null,NotOut,Played,0,Worked,Null,Over,OffSpin,Left,Null,NotReferred,Null,False,False,False,False,False,False,870,False,False,False,False,False,False,1,0,0,0,0,False,False,,,,
403871,33,4.36,3.0,0.0,0.0,144.0,5.0,3.0,11978,,10817,Rachael Heyhoe Flint Trophy 2021,2,1064,Northern Diamonds,1067,South East Stars,2021-06-12T15:53:14Z,1,False,6979,Alice Capsey,413,Jenny Gunn,7051,Sterre Kalis,328,88,Left,Mid Wicket,0,0,0,0,HalfVolley,Null,NotOut,Played,0,Flick,Null,Over,OffSpin,Left,Null,NotReferred,Null,False,False,False,False,False,False,48,False,False,False,False,False,False,0,0,0,0,0,False,False,,,,
403871,33,4.36,3.0,0.0,0.0,144.0,5.0,3.0,11978,,10817,Rachael Heyhoe Flint Trophy 2021,2,1064,Northern Diamonds,1067,South East Stars,2021-06-12T15:53:31Z,2,False,6979,Alice Capsey,413,Jenny Gunn,7051,Sterre Kalis,331,81,Left,Mid Wicket,0,0,0,0,HalfVolley,Null,NotOut,Played,0,Pushed,Null,Over,OffSpin,Left,Null,NotReferred,Null,False,False,False,False,False,False,48,False,False,False,False,False,False,0,0,0,0,0,False,False,,,,
403871,33,4.36,3.0,0.0,0.0,144.0,5.0,3.0,11978,,10817,Rachael Heyhoe Flint Trophy 2021,2,1064,Northern Diamonds,1067,South East Stars,2021-06-12T15:53:52Z,3,False,6979,Alice Capsey,413,Jenny Gunn,7051,Sterre Kalis,328,78,Left,Mid Wicket,0,0,0,0,LengthBall,Null,NotOut,Played,0,Pushed,Null,Over,OffSpin,Left,Null,NotReferred,Null,False,False,False,False,False,False,48,False,False,False,False,False,False,0,0,0,0,0,False,False,,,,
403871,33,4.36,3.0,0.0,0.0,144.0,5.0,3.0,11978,,10817,Rachael Heyhoe Flint Trophy 2021,2,1064,Northern Diamonds,1067,South East Stars,2021-06-12T15:54:10Z,4,False,6979,Alice Capsey,413,Jenny Gunn,7051,Sterre Kalis,295,130,Left,Long On,1,0,1,1,BackOfALength,Null,NotOut,Played,0,Pushed,Null,Over,OffSpin,Left,Null,NotReferred,Null,False,False,False,False,False,False,48,False,False,False,False,False,False,1,0,0,0,0,False,False,,,,
403871,33,4.36,3.0,0.0,0.0,144.0,5.0,3.0,11978,,10817,Rachael Heyhoe Flint Trophy 2021,2,1064,Northern Diamonds,1067,South East Stars,2021-06-12T15:54:37Z,5,False,6979,Alice Capsey,7051,Sterre Kalis,413,Jenny Gunn,291,144,Left,Long On,1,0,1,1,HalfVolley,Null,NotOut,Played,0,Pushed,Null,Over,OffSpin,Left,Null,NotReferred,Null,False,False,False,False,False,False,48,False,False,False,False,False,False,1,0,0,0,0,False,False,,,,
403871,33,4.36,3.0,0.0,0.0,144.0,5.0,3.0,11978,,10817,Rachael Heyhoe Flint Trophy 2021,2,1064,Northern Diamonds,1067,South East Stars,2021-06-12T15:54:57Z,6,False,6979,Alice Capsey,413,Jenny Gunn,7051,Sterre Kalis,290,129,Left,Long On,1,0,1,1,Yorker,Null,NotOut,Played,0,Pushed,Null,Over,OffSpin,Left,Null,NotReferred,Null,False,False,False,False,False,False,48,False,False,False,False,False,False,1,0,0,0,0,False,False,,,,
403875,34,4.35,4.0,0.0,0.0,148.0,5.0,4.0,11978,,10817,Rachael Heyhoe Flint Trophy 2021,2,1064,Northern Diamonds,1067,South East Stars,2021-06-12T15:55:47Z,1,False,386,Bryony Smith,413,Jenny Gunn,7051,Sterre Kalis,296,144,Left,Long On,1,0,1,1,BackOfALength,Null,NotOut,Played,0,Pull,Null,Over,OffSpin,Left,Null,NotReferred,Null,False,False,False,False,False,False,870,False,False,False,False,False,False,1,0,0,0,0,False,False,,,,
403875,34,4.35,4.0,0.0,0.0,148.0,5.0,4.0,11978,,10817,Rachael Heyhoe Flint Trophy 2021,2,1064,Northern Diamonds,1067,South East Stars,2021-06-12T15:56:05Z,2,False,386,Bryony Smith,7051,Sterre Kalis,413,Jenny Gunn,334,114,Left,Mid Wicket,1,0,1,1,LengthBall,Null,NotOut,Played,0,Worked,Null,Over,OffSpin,Left,Null,NotReferred,Null,False,False,False,False,False,False,870,False,False,False,False,False,False,1,0,0,0,0,False,False,,,,
403875,34,4.35,4.0,0.0,0.0,148.0,5.0,4.0,11978,,10817,Rachael Heyhoe Flint Trophy 2021,2,1064,Northern Diamonds,1067,South East Stars,2021-06-12T15:56:26Z,3,False,386,Bryony Smith,413,Jenny Gunn,7051,Sterre Kalis,257,120,Left,Mid Off,1,0,1,1,HalfVolley,Null,NotOut,Played,0,Drive,Null,Over,OffSpin,Left,Null,NotReferred,Null,False,False,False,False,False,False,870,False,False,False,False,False,False,1,0,0,0,0,False,False,,,,
403875,34,4.35,4.0,0.0,0.0,148.0,5.0,4.0,11978,,10817,Rachael Heyhoe Flint Trophy 2021,2,1064,Northern Diamonds,1067,South East Stars,2021-06-12T15:56:50Z,4,False,386,Bryony Smith,7051,Sterre Kalis,413,Jenny Gunn,13,139,Left,Deep Backward Square Leg,1,0,1,1,BackOfALength,Null,NotOut,Played,0,Pull,Null,Over,OffSpin,Left,Null,NotReferred,Null,False,False,False,False,False,False,870,False,False,False,False,False,False,1,0,0,0,0,False,False,,,,
403875,34,4.35,4.0,0.0,0.0,148.0,5.0,4.0,11978,,10817,Rachael Heyhoe Flint Trophy 2021,2,1064,Northern Diamonds,1067,South East Stars,2021-06-12T15:57:10Z,5,False,386,Bryony Smith,413,Jenny Gunn,7051,Sterre Kalis,270,40,Left,Bowler,0,0,0,0,LengthBall,Null,NotOut,Played,0,Pull,Null,Over,OffSpin,Left,Null,NotReferred,Null,False,False,False,False,False,False,870,False,False,False,False,False,False,0,0,0,0,0,False,False,,,,
403875,34,4.35,4.0,0.0,0.0,148.0,5.0,4.0,11978,,10817,Rachael Heyhoe Flint Trophy 2021,2,1064,Northern Diamonds,1067,South East Stars,2021-06-12T15:57:27Z,6,False,386,Bryony Smith,413,Jenny Gunn,7051,Sterre Kalis,319,93,Left,Mid Wicket,0,0,0,0,BackOfALength,Null,NotOut,Played,0,Pull,Null,Over,OffSpin,Left,Null,NotReferred,Null,False,False,False,False,False,False,870,False,False,False,False,False,False,0,0,0,0,0,False,False,,,,
403879,35,4.43,7.0,0.0,0.0,155.0,5.0,7.0,11978,,10817,Rachael Heyhoe Flint Trophy 2021,2,1064,Northern Diamonds,1067,South East Stars,2021-06-12T15:58:10Z,1,False,6979,Alice Capsey,7051,Sterre Kalis,413,Jenny Gunn,57,119,Left,Short Fine Leg,2,0,2,2,LengthBall,Null,NotOut,MisTimed,0,Pull,Null,Over,OffSpin,Left,Null,NotReferred,Null,False,False,False,False,False,False,48,False,False,False,False,False,False,2,0,0,0,0,False,False,,,,
403879,35,4.43,7.0,0.0,0.0,155.0,5.0,7.0,11978,,10817,Rachael Heyhoe Flint Trophy 2021,2,1064,Northern Diamonds,1067,South East Stars,2021-06-12T15:58:45Z,2,False,6979,Alice Capsey,7051,Sterre Kalis,413,Jenny Gunn,334,143,Left,Deep Mid Wicket,2,0,2,2,FullToss,Null,NotOut,Played,0,Flick,Null,Over,OffSpin,Left,Null,NotReferred,Null,False,False,False,False,False,False,48,False,False,False,False,False,False,2,0,0,0,0,False,False,,,,
403879,35,4.43,7.0,0.0,0.0,155.0,5.0,7.0,11978,,10817,Rachael Heyhoe Flint Trophy 2021,2,1064,Northern Diamonds,1067,South East Stars,2021-06-12T15:59:18Z,3,False,6979,Alice Capsey,7051,Sterre Kalis,413,Jenny Gunn,344,18,Left,Short Leg,0,0,0,0,LengthBall,Null,NotOut,HitPad,0,Glance,Null,Over,OffSpin,Left,Null,NotReferred,Null,False,False,False,False,False,False,48,False,False,False,False,False,False,0,0,0,0,0,False,False,,,,
403879,35,4.43,7.0,0.0,0.0,155.0,5.0,7.0,11978,,10817,Rachael Heyhoe Flint Trophy 2021,2,1064,Northern Diamonds,1067,South East Stars,2021-06-12T15:59:43Z,4,False,6979,Alice Capsey,7051,Sterre Kalis,413,Jenny Gunn,293,112,Left,Mid On,1,0,1,1,HalfVolley,Null,NotOut,Played,0,Pushed,Null,Over,OffSpin,Left,Null,NotReferred,Null,False,False,False,False,False,False,48,False,False,False,False,False,False,1,0,0,0,0,False,False,,,,
403879,35,4.43,7.0,0.0,0.0,155.0,5.0,7.0,11978,,10817,Rachael Heyhoe Flint Trophy 2021,2,1064,Northern Diamonds,1067,South East Stars,2021-06-12T16:00:01Z,5,False,6979,Alice Capsey,413,Jenny Gunn,7051,Sterre Kalis,289,123,Left,Mid On,1,0,1,1,LengthBall,Null,NotOut,Played,0,Pushed,Null,Over,OffSpin,Left,Null,NotReferred,Null,False,False,False,False,False,False,48,False,False,False,False,False,False,1,0,0,0,0,False,False,,,,
403879,35,4.43,7.0,0.0,0.0,155.0,5.0,7.0,11978,,10817,Rachael Heyhoe Flint Trophy 2021,2,1064,Northern Diamonds,1067,South East Stars,2021-06-12T16:00:21Z,6,False,6979,Alice Capsey,7051,Sterre Kalis,413,Jenny Gunn,16,129,Left,Deep Backward Square Leg,1,0,1,1,LengthBall,Null,NotOut,Played,0,Worked,Null,Over,OffSpin,Left,Null,NotReferred,Null,False,False,False,False,False,False,48,False,False,False,False,False,False,1,0,0,0,0,False,False,,,,
403883,36,4.44,4.0,1.0,1.0,160.0,6.0,5.0,11978,,10817,Rachael Heyhoe Flint Trophy 2021,2,1064,Northern Diamonds,1067,South East Stars,2021-06-12T16:01:18Z,1,False,386,Bryony Smith,7051,Sterre Kalis,413,Jenny Gunn,336,81,Left,Mid Wicket,1,0,1,1,BackOfALength,Null,NotOut,Played,0,Worked,Null,Over,OffSpin,Left,Null,NotReferred,Null,False,False,False,False,False,False,870,False,False,False,False,False,False,1,0,0,0,0,False,False,,,,
403883,36,4.44,4.0,1.0,1.0,160.0,6.0,5.0,11978,,10817,Rachael Heyhoe Flint Trophy 2021,2,1064,Northern Diamonds,1067,South East Stars,2021-06-12T16:01:36Z,2,False,386,Bryony Smith,413,Jenny Gunn,7051,Sterre Kalis,225,114,Left,Mid Off,2,0,2,2,HalfVolley,Null,NotOut,Played,0,Drive,Null,Over,OffSpin,Left,Null,NotReferred,Null,False,False,False,False,False,False,870,False,False,False,False,False,False,2,0,0,0,0,False,False,,,,
403883,36,4.44,4.0,1.0,1.0,160.0,6.0,5.0,11978,,10817,Rachael Heyhoe Flint Trophy 2021,2,1064,Northern Diamonds,1067,South East Stars,2021-06-12T16:02:27Z,3,False,386,Bryony Smith,413,Jenny Gunn,7051,Sterre Kalis,17,76,Left,Backward Square Leg,0,1,1,0,LengthBall,Null,NotOut,HitPad,0,Worked,Null,Round,OffSpin,Left,Null,NotReferred,Null,False,False,False,True,False,False,870,False,False,False,False,False,False,0,0,0,1,0,False,False,,,,
403883,36,4.44,4.0,1.0,1.0,160.0,6.0,5.0,11978,,10817,Rachael Heyhoe Flint Trophy 2021,2,1064,Northern Diamonds,1067,South East Stars,2021-06-12T16:02:54Z,4,False,386,Bryony Smith,7051,Sterre Kalis,413,Jenny Gunn,12,138,Left,Deep Backward Square Leg,1,0,1,1,BackOfALength,Null,NotOut,Played,0,Pull,Null,Round,OffSpin,Left,Null,NotReferred,Null,False,False,False,False,False,False,870,False,False,False,False,False,False,1,0,0,0,0,False,False,,,,
403883,36,4.44,4.0,1.0,1.0,160.0,6.0,5.0,11978,,10817,Rachael Heyhoe Flint Trophy 2021,2,1064,Northern Diamonds,1067,South East Stars,2021-06-12T16:03:18Z,5,False,386,Bryony Smith,413,Jenny Gunn,7051,Sterre Kalis,162,85,Left,Backward Point,0,0,0,0,LengthBall,Null,NotOut,Played,0,LateCut,Null,Round,OffSpin,Left,Null,NotReferred,Null,False,False,False,False,False,False,870,False,False,False,False,False,False,0,0,0,0,0,False,False,,,,
403883,36,4.44,4.0,1.0,1.0,160.0,6.0,5.0,11978,,10817,Rachael Heyhoe Flint Trophy 2021,2,1064,Northern Diamonds,1067,South East Stars,2021-06-12T16:03:38Z,6,True,386,Bryony Smith,413,Jenny Gunn,7051,Sterre Kalis,338,146,Left,Deep Mid Wicket,0,0,0,0,FullToss,Null,NotOut,Played,0,Slog,Null,Round,OffSpin,Left,Out1stUmpire,NotReferred,Null,False,False,False,False,False,False,48,False,False,False,False,False,False,0,0,0,0,0,False,False,Caught,413.0,Jenny Gunn,Caught
403891,37,4.46,4.0,0.0,2.0,165.0,6.0,5.0,11978,,10817,Rachael Heyhoe Flint Trophy 2021,2,1064,Northern Diamonds,1067,South East Stars,2021-06-12T16:06:12Z,1,False,430,Grace Gibbs,7051,Sterre Kalis,426,Beth Langston,293,92,Left,Mid On,0,0,0,0,HalfVolley,Null,NotOut,Played,0,Pushed,Null,Over,Medium,Left,Null,NotReferred,Null,False,False,False,False,False,False,48,False,False,False,False,False,False,0,0,0,0,0,False,False,,,,
403891,37,4.46,4.0,0.0,2.0,165.0,6.0,5.0,11978,,10817,Rachael Heyhoe Flint Trophy 2021,2,1064,Northern Diamonds,1067,South East Stars,2021-06-12T16:06:42Z,2,False,430,Grace Gibbs,7051,Sterre Kalis,426,Beth Langston,31,123,Left,Fine Leg,1,0,1,1,LengthBall,Null,NotOut,Played,0,Glance,Null,Over,Medium,Left,Null,NotReferred,Null,False,False,False,False,False,False,48,False,False,False,False,False,False,1,0,0,0,0,False,False,,,,
403891,37,4.46,4.0,0.0,2.0,165.0,6.0,5.0,11978,,10817,Rachael Heyhoe Flint Trophy 2021,2,1064,Northern Diamonds,1067,South East Stars,2021-06-12T16:07:18Z,3,False,430,Grace Gibbs,426,Beth Langston,7051,Sterre Kalis,90,48,Left,Wicketkeeper,1,1,1,0,HalfVolley,Null,NotOut,MissedLegSide,0,Glance,Null,Over,Medium,Left,Null,NotReferred,Null,True,False,False,False,False,False,48,False,False,False,False,False,False,0,0,1,0,0,False,False,,,,
403891,37,4.46,4.0,0.0,2.0,165.0,6.0,5.0,11978,,10817,Rachael Heyhoe Flint Trophy 2021,2,1064,Northern Diamonds,1067,South East Stars,2021-06-12T16:07:53Z,3,False,430,Grace Gibbs,426,Beth Langston,7051,Sterre Kalis,292,16,Left,Short Leg,0,0,0,0,HalfVolley,Null,Lbw,HitPad,0,Drive,Null,Over,Medium,Left,NotOut1stUmpire,NotReferred,Null,False,False,False,False,False,True,48,False,False,False,False,False,False,0,0,0,0,0,False,False,,,,
403891,37,4.46,4.0,0.0,2.0,165.0,6.0,5.0,11978,,10817,Rachael Heyhoe Flint Trophy 2021,2,1064,Northern Diamonds,1067,South East Stars,2021-06-12T16:08:20Z,4,False,430,Grace Gibbs,426,Beth Langston,7051,Sterre Kalis,207,128,Left,Deep Cover,2,0,2,2,HalfVolley,Null,NotOut,Played,0,Drive,Null,Over,Medium,Left,Null,NotReferred,Null,False,False,False,False,False,False,48,False,False,False,False,False,False,2,0,0,0,0,False,False,,,,
403891,37,4.46,4.0,0.0,2.0,165.0,6.0,5.0,11978,,10817,Rachael Heyhoe Flint Trophy 2021,2,1064,Northern Diamonds,1067,South East Stars,2021-06-12T16:08:51Z,5,False,430,Grace Gibbs,426,Beth Langston,7051,Sterre Kalis,62,131,Left,Fine Leg,0,1,1,0,LengthBall,Null,NotOut,HitPad,0,Glance,Null,Over,Medium,Left,Null,NotReferred,Null,False,False,False,True,False,False,48,False,False,False,False,False,False,0,0,0,1,0,False,False,,,,
403891,37,4.46,4.0,0.0,2.0,165.0,6.0,5.0,11978,,10817,Rachael Heyhoe Flint Trophy 2021,2,1064,Northern Diamonds,1067,South East Stars,2021-06-12T16:09:21Z,6,False,430,Grace Gibbs,7051,Sterre Kalis,426,Beth Langston,36,38,Left,Leg Gully,0,0,0,0,LengthBall,Null,NotOut,Edged,0,Pushed,Null,Over,Medium,Left,Null,NotReferred,Null,False,False,False,False,False,False,48,False,False,False,False,False,False,0,0,0,0,0,False,False,,,,
403897,38,4.55,7.0,0.0,0.0,173.0,6.0,7.0,11978,,10817,Rachael Heyhoe Flint Trophy 2021,2,1064,Northern Diamonds,1067,South East Stars,2021-06-12T16:10:25Z,1,False,6994,Dani Gregory,426,Beth Langston,7051,Sterre Kalis,218,82,Left,Extra Cover,0,0,0,0,LengthBall,Null,NotOut,MisTimed,0,Pushed,Null,Over,LegSpin,Left,Null,NotReferred,Null,False,False,False,False,False,False,870,False,False,False,False,False,False,0,0,0,0,0,False,False,,,,
403897,38,4.55,7.0,0.0,0.0,173.0,6.0,7.0,11978,,10817,Rachael Heyhoe Flint Trophy 2021,2,1064,Northern Diamonds,1067,South East Stars,2021-06-12T16:10:45Z,2,False,6994,Dani Gregory,426,Beth Langston,7051,Sterre Kalis,113,188,Left,Third Man,4,0,4,4,LengthBall,Null,NotOut,Edged,0,Cut,Null,Over,LegSpin,Left,Null,NotReferred,Null,False,False,False,False,False,False,870,False,False,False,False,False,False,4,0,0,0,0,False,True,,,,
403897,38,4.55,7.0,0.0,0.0,173.0,6.0,7.0,11978,,10817,Rachael Heyhoe Flint Trophy 2021,2,1064,Northern Diamonds,1067,South East Stars,2021-06-12T16:11:19Z,3,False,6994,Dani Gregory,426,Beth Langston,7051,Sterre Kalis,161,84,Left,Backward Point,1,0,1,1,LengthBall,Null,NotOut,MisTimed,0,Cut,Null,Over,LegSpin,Left,Null,NotReferred,Null,False,False,False,False,False,False,870,False,False,False,False,False,False,1,0,0,0,0,False,False,,,,
403897,38,4.55,7.0,0.0,0.0,173.0,6.0,7.0,11978,,10817,Rachael Heyhoe Flint Trophy 2021,2,1064,Northern Diamonds,1067,South East Stars,2021-06-12T16:11:45Z,4,False,6994,Dani Gregory,7051,Sterre Kalis,426,Beth Langston,3,72,Left,Square Leg,1,0,1,1,BackOfALength,Null,NotOut,Played,0,Worked,Null,Over,LegSpin,Left,Null,NotReferred,Null,False,False,False,False,False,False,870,False,False,False,False,False,False,1,0,0,0,0,False,False,,,,
403897,38,4.55,7.0,0.0,0.0,173.0,6.0,7.0,11978,,10817,Rachael Heyhoe Flint Trophy 2021,2,1064,Northern Diamonds,1067,South East Stars,2021-06-12T16:12:12Z,5,False,6994,Dani Gregory,426,Beth Langston,7051,Sterre Kalis,309,60,Left,Short Mid Wicket,0,0,0,0,LengthBall,Null,NotOut,MisTimed,0,Pushed,Null,Over,LegSpin,Left,Null,NotReferred,Null,False,False,False,False,False,False,870,False,False,False,False,False,False,0,0,0,0,0,False,False,,,,
403897,38,4.55,7.0,0.0,0.0,173.0,6.0,7.0,11978,,10817,Rachael Heyhoe Flint Trophy 2021,2,1064,Northern Diamonds,1067,South East Stars,2021-06-12T16:12:32Z,6,False,6994,Dani Gregory,426,Beth Langston,7051,Sterre Kalis,339,96,Left,Mid Wicket,1,0,1,1,LengthBall,Null,NotOut,Played,0,Worked,Null,Over,LegSpin,Left,Null,NotReferred,Null,False,False,False,False,False,False,870,False,False,False,False,False,False,1,0,0,0,0,False,False,,,,
403902,39,4.56,6.0,0.0,1.0,178.0,6.0,6.0,11978,,10817,Rachael Heyhoe Flint Trophy 2021,2,1064,Northern Diamonds,1067,South East Stars,2021-06-12T16:13:25Z,1,False,430,Grace Gibbs,426,Beth Langston,7051,Sterre Kalis,90,48,Left,Wicketkeeper,1,1,1,0,LengthBall,Null,NotOut,MissedLegSide,0,Glance,Null,Over,Medium,Left,Null,NotReferred,Null,True,False,False,False,False,False,48,False,False,False,False,False,False,0,0,1,0,0,False,False,,,,
403902,39,4.56,6.0,0.0,1.0,178.0,6.0,6.0,11978,,10817,Rachael Heyhoe Flint Trophy 2021,2,1064,Northern Diamonds,1067,South East Stars,2021-06-12T16:13:55Z,1,False,430,Grace Gibbs,426,Beth Langston,7051,Sterre Kalis,227,58,Left,Short Extra Cover,0,0,0,0,LengthBall,Null,NotOut,Played,0,ForwardDefensive,Null,Over,Medium,Left,Null,NotReferred,Null,False,False,False,False,False,False,48,False,False,False,False,False,False,0,0,0,0,0,False,False,,,,
403902,39,4.56,6.0,0.0,1.0,178.0,6.0,6.0,11978,,10817,Rachael Heyhoe Flint Trophy 2021,2,1064,Northern Diamonds,1067,South East Stars,2021-06-12T16:14:22Z,2,False,430,Grace Gibbs,426,Beth Langston,7051,Sterre Kalis,6,135,Left,Deep Square Leg,1,0,1,1,FullToss,Null,NotOut,Played,0,Flick,Null,Over,Medium,Left,Null,NotReferred,Null,False,False,False,False,False,False,48,False,False,False,False,False,False,1,0,0,0,0,False,False,,,,
403902,39,4.56,6.0,0.0,1.0,178.0,6.0,6.0,11978,,10817,Rachael Heyhoe Flint Trophy 2021,2,1064,Northern Diamonds,1067,South East Stars,2021-06-12T16:14:51Z,3,False,430,Grace Gibbs,7051,Sterre Kalis,426,Beth Langston,164,118,Left,Deep Backward Point,1,0,1,1,LengthBall,Null,NotOut,Played,0,Cut,Null,Over,Medium,Left,Null,NotReferred,Null,False,False,False,False,False,False,48,False,False,False,False,False,False,1,0,0,0,0,False,False,,,,
403902,39,4.56,6.0,0.0,1.0,178.0,6.0,6.0,11978,,10817,Rachael Heyhoe Flint Trophy 2021,2,1064,Northern Diamonds,1067,South East Stars,2021-06-12T16:15:23Z,4,False,430,Grace Gibbs,426,Beth Langston,7051,Sterre Kalis,326,36,Left,Short Mid Wicket,1,0,1,1,LengthBall,Null,NotOut,Edged,0,Flick,Null,Over,Medium,Left,Null,NotReferred,Null,False,False,False,False,False,False,48,False,False,False,False,False,False,1,0,0,0,0,False,False,,,,
403902,39,4.56,6.0,0.0,1.0,178.0,6.0,6.0,11978,,10817,Rachael Heyhoe Flint Trophy 2021,2,1064,Northern Diamonds,1067,South East Stars,2021-06-12T16:15:54Z,5,False,430,Grace Gibbs,7051,Sterre Kalis,426,Beth Langston,340,119,Left,Mid Wicket,1,0,1,1,LengthBall,Null,NotOut,Played,0,Worked,Null,Over,Medium,Left,Null,NotReferred,Null,False,False,False,False,False,False,48,False,False,False,False,False,False,1,0,0,0,0,False,False,,,,
403902,39,4.56,6.0,0.0,1.0,178.0,6.0,6.0,11978,,10817,Rachael Heyhoe Flint Trophy 2021,2,1064,Northern Diamonds,1067,South East Stars,2021-06-12T16:16:23Z,6,False,430,Grace Gibbs,426,Beth Langston,7051,Sterre Kalis,356,54,Left,Short Mid Wicket,1,0,1,1,LengthBall,Null,NotOut,Edged,0,ForwardDefensive,Null,Over,Medium,Left,Null,NotReferred,Null,False,False,False,False,False,False,48,False,False,False,False,False,False,1,0,0,0,0,False,False,,,,
403906,40,4.6,6.0,0.0,0.0,184.0,6.0,6.0,11978,,10817,Rachael Heyhoe Flint Trophy 2021,2,1064,Northern Diamonds,1067,South East Stars,2021-06-12T16:17:15Z,1,False,6994,Dani Gregory,426,Beth Langston,7051,Sterre Kalis,270,40,Left,Bowler,0,0,0,0,Yorker,Null,NotOut,Played,0,Pushed,Null,Over,LegSpin,Left,Null,NotReferred,Null,False,False,False,False,False,False,870,False,False,False,False,False,False,0,0,0,0,0,False,False,,,,
403906,40,4.6,6.0,0.0,0.0,184.0,6.0,6.0,11978,,10817,Rachael Heyhoe Flint Trophy 2021,2,1064,Northern Diamonds,1067,South East Stars,2021-06-12T16:17:28Z,2,False,6994,Dani Gregory,426,Beth Langston,7051,Sterre Kalis,195,144,Left,Deep Cover,1,0,1,1,LengthBall,Null,NotOut,Played,0,Cut,Null,Over,LegSpin,Left,Null,NotReferred,Null,False,False,False,False,False,False,870,False,False,False,False,False,False,1,0,0,0,0,False,False,,,,
403906,40,4.6,6.0,0.0,0.0,184.0,6.0,6.0,11978,,10817,Rachael Heyhoe Flint Trophy 2021,2,1064,Northern Diamonds,1067,South East Stars,2021-06-12T16:17:55Z,3,False,6994,Dani Gregory,7051,Sterre Kalis,426,Beth Langston,223,217,Left,Deep Extra Cover,4,0,4,4,HalfVolley,Null,NotOut,Played,0,Drive,Null,Over,LegSpin,Left,Null,NotReferred,Null,False,False,False,False,True,False,870,False,False,False,False,False,False,4,0,0,0,0,False,True,,,,
403906,40,4.6,6.0,0.0,0.0,184.0,6.0,6.0,11978,,10817,Rachael Heyhoe Flint Trophy 2021,2,1064,Northern Diamonds,1067,South East Stars,2021-06-12T16:18:30Z,4,False,6994,Dani Gregory,7051,Sterre Kalis,426,Beth Langston,19,85,Left,Backward Square Leg,1,0,1,1,LengthBall,Null,NotOut,Played,0,Worked,Null,Over,LegSpin,Left,Null,NotReferred,Null,False,False,False,False,False,False,870,False,False,False,False,False,False,1,0,0,0,0,False,False,,,,
403906,40,4.6,6.0,0.0,0.0,184.0,6.0,6.0,11978,,10817,Rachael Heyhoe Flint Trophy 2021,2,1064,Northern Diamonds,1067,South East Stars,2021-06-12T16:18:52Z,5,False,6994,Dani Gregory,426,Beth Langston,7051,Sterre Kalis,205,60,Left,Short Extra Cover,0,0,0,0,Yorker,Null,NotOut,Played,0,Pushed,Null,Over,LegSpin,Left,Null,NotReferred,Null,False,False,False,False,False,False,870,False,False,False,False,False,False,0,0,0,0,0,False,False,,,,
403906,40,4.6,6.0,0.0,0.0,184.0,6.0,6.0,11978,,10817,Rachael Heyhoe Flint Trophy 2021,2,1064,Northern Diamonds,1067,South East Stars,2021-06-12T16:19:09Z,6,False,6994,Dani Gregory,426,Beth Langston,7051,Sterre Kalis,214,88,Left,Extra Cover,0,0,0,0,BackOfALength,Null,NotOut,Played,0,Pushed,Null,Over,LegSpin,Left,Null,NotReferred,Null,False,False,False,False,False,False,870,False,False,False,False,False,False,0,0,0,0,0,False,False,,,,
403910,41,4.76,11.0,0.0,0.0,195.0,6.0,11.0,11978,,10817,Rachael Heyhoe Flint Trophy 2021,2,1064,Northern Diamonds,1067,South East Stars,2021-06-12T16:20:02Z,1,False,386,Bryony Smith,7051,Sterre Kalis,426,Beth Langston,297,140,Left,Long On,1,0,1,1,BackOfALength,Null,NotOut,Played,0,Worked,Null,Over,OffSpin,Left,Null,NotReferred,Null,False,False,False,False,False,False,48,False,False,False,False,False,False,1,0,0,0,0,False,False,,,,
403910,41,4.76,11.0,0.0,0.0,195.0,6.0,11.0,11978,,10817,Rachael Heyhoe Flint Trophy 2021,2,1064,Northern Diamonds,1067,South East Stars,2021-06-12T16:20:29Z,2,False,386,Bryony Smith,426,Beth Langston,7051,Sterre Kalis,117,173,Left,Third Man,4,0,4,4,LengthBall,Null,NotOut,HitHard,0,LateCut,Null,Over,OffSpin,Left,Null,NotReferred,Null,False,False,False,False,False,False,48,False,False,False,False,False,False,4,0,0,0,0,False,True,,,,
403910,41,4.76,11.0,0.0,0.0,195.0,6.0,11.0,11978,,10817,Rachael Heyhoe Flint Trophy 2021,2,1064,Northern Diamonds,1067,South East Stars,2021-06-12T16:21:09Z,3,False,386,Bryony Smith,426,Beth Langston,7051,Sterre Kalis,305,114,Left,Mid On,1,0,1,1,LengthBall,Null,NotOut,Played,0,Flick,Null,Round,OffSpin,Left,Null,NotReferred,Null,False,False,False,False,False,False,48,False,False,False,False,False,False,1,0,0,0,0,False,False,,,,
403910,41,4.76,11.0,0.0,0.0,195.0,6.0,11.0,11978,,10817,Rachael Heyhoe Flint Trophy 2021,2,1064,Northern Diamonds,1067,South East Stars,2021-06-12T16:21:28Z,4,False,386,Bryony Smith,7051,Sterre Kalis,426,Beth Langston,138,183,Left,Third Man,4,0,4,4,LengthBall,Null,NotOut,HitHard,0,LateCut,Null,Round,OffSpin,Left,Null,NotReferred,Null,False,False,False,False,False,False,48,False,False,False,False,False,False,4,0,0,0,0,False,True,,,,
403910,41,4.76,11.0,0.0,0.0,195.0,6.0,11.0,11978,,10817,Rachael Heyhoe Flint Trophy 2021,2,1064,Northern Diamonds,1067,South East Stars,2021-06-12T16:22:16Z,5,False,386,Bryony Smith,7051,Sterre Kalis,426,Beth Langston,134,83,Left,Short Third Man,0,0,0,0,LengthBall,Null,NotOut,Played,0,LateCut,Null,Round,OffSpin,Left,Null,NotReferred,Null,False,False,False,False,False,False,48,False,False,False,False,False,False,0,0,0,0,0,False,False,,,,
403910,41,4.76,11.0,0.0,0.0,195.0,6.0,11.0,11978,,10817,Rachael Heyhoe Flint Trophy 2021,2,1064,Northern Diamonds,1067,South East Stars,2021-06-12T16:22:39Z,6,False,386,Bryony Smith,7051,Sterre Kalis,426,Beth Langston,195,134,Left,Deep Cover,1,0,1,1,HalfVolley,Null,NotOut,Played,0,Drive,Null,Over,OffSpin,Left,Null,NotReferred,Null,False,False,False,False,False,False,48,False,False,False,False,False,False,1,0,0,0,0,False,False,,,,
403915,42,4.71,3.0,0.0,0.0,198.0,6.0,3.0,11978,,10817,Rachael Heyhoe Flint Trophy 2021,2,1064,Northern Diamonds,1067,South East Stars,2021-06-12T16:23:37Z,1,False,6994,Dani Gregory,7051,Sterre Kalis,426,Beth Langston,318,70,Left,Mid Wicket,1,0,1,1,BackOfALength,Null,NotOut,Played,0,Worked,Null,Over,LegSpin,Left,Null,NotReferred,Null,False,False,False,False,False,False,870,False,False,False,False,False,False,1,0,0,0,0,False,False,,,,
403915,42,4.71,3.0,0.0,0.0,198.0,6.0,3.0,11978,,10817,Rachael Heyhoe Flint Trophy 2021,2,1064,Northern Diamonds,1067,South East Stars,2021-06-12T16:24:00Z,2,False,6994,Dani Gregory,426,Beth Langston,7051,Sterre Kalis,242,96,Left,Mid Off,1,0,1,1,HalfVolley,Null,NotOut,Played,0,Drive,Null,Over,LegSpin,Left,Null,NotReferred,Null,False,False,False,False,False,False,870,False,False,False,False,False,False,1,0,0,0,0,False,False,,,,
403915,42,4.71,3.0,0.0,0.0,198.0,6.0,3.0,11978,,10817,Rachael Heyhoe Flint Trophy 2021,2,1064,Northern Diamonds,1067,South East Stars,2021-06-12T16:24:23Z,3,False,6994,Dani Gregory,7051,Sterre Kalis,426,Beth Langston,232,32,Left,Silly Point,0,0,0,0,LengthBall,Null,NotOut,Played,0,ForwardDefensive,Null,Over,LegSpin,Left,Null,NotReferred,Null,False,False,False,False,False,False,870,False,False,False,False,False,False,0,0,0,0,0,False,False,,,,
403915,42,4.71,3.0,0.0,0.0,198.0,6.0,3.0,11978,,10817,Rachael Heyhoe Flint Trophy 2021,2,1064,Northern Diamonds,1067,South East Stars,2021-06-12T16:24:49Z,4,False,6994,Dani Gregory,7051,Sterre Kalis,426,Beth Langston,302,97,Left,Mid On,1,0,1,1,HalfVolley,Null,NotOut,Played,0,Pushed,Null,Over,LegSpin,Left,Null,NotReferred,Null,False,False,False,False,False,False,870,False,False,False,False,False,False,1,0,0,0,0,False,False,,,,
403915,42,4.71,3.0,0.0,0.0,198.0,6.0,3.0,11978,,10817,Rachael Heyhoe Flint Trophy 2021,2,1064,Northern Diamonds,1067,South East Stars,2021-06-12T16:25:13Z,5,False,6994,Dani Gregory,426,Beth Langston,7051,Sterre Kalis,270,40,Left,Bowler,0,0,0,0,Yorker,Null,NotOut,MisTimed,0,Drive,Null,Over,LegSpin,Left,Null,NotReferred,Null,False,False,False,False,False,False,870,False,False,False,False,False,False,0,0,0,0,0,False,False,,,,
403915,42,4.71,3.0,0.0,0.0,198.0,6.0,3.0,11978,,10817,Rachael Heyhoe Flint Trophy 2021,2,1064,Northern Diamonds,1067,South East Stars,2021-06-12T16:25:31Z,6,False,6994,Dani Gregory,426,Beth Langston,7051,Sterre Kalis,181,90,Left,Point,0,0,0,0,LengthBall,Null,NotOut,Played,0,Cut,Null,Over,LegSpin,Left,Null,NotReferred,Null,False,False,False,False,False,False,870,False,False,False,False,False,False,0,0,0,0,0,False,False,,,,
403919,43,4.74,6.0,0.0,0.0,204.0,6.0,6.0,11978,,10817,Rachael Heyhoe Flint Trophy 2021,2,1064,Northern Diamonds,1067,South East Stars,2021-06-12T16:26:44Z,1,False,386,Bryony Smith,7051,Sterre Kalis,426,Beth Langston,297,126,Left,Mid On,1,0,1,1,LengthBall,Null,NotOut,Played,0,Worked,Null,Over,OffSpin,Left,Null,NotReferred,Null,False,False,False,False,False,False,48,False,False,False,False,False,False,1,0,0,0,0,False,False,,,,
403919,43,4.74,6.0,0.0,0.0,204.0,6.0,6.0,11978,,10817,Rachael Heyhoe Flint Trophy 2021,2,1064,Northern Diamonds,1067,South East Stars,2021-06-12T16:27:04Z,2,False,386,Bryony Smith,426,Beth Langston,7051,Sterre Kalis,248,91,Left,Mid Off,0,0,0,0,LengthBall,Null,NotOut,Played,0,Drive,Null,Over,OffSpin,Left,Null,NotReferred,Null,False,False,False,False,False,False,48,False,False,False,False,False,False,0,0,0,0,0,False,False,,,,
403919,43,4.74,6.0,0.0,0.0,204.0,6.0,6.0,11978,,10817,Rachael Heyhoe Flint Trophy 2021,2,1064,Northern Diamonds,1067,South East Stars,2021-06-12T16:27:19Z,3,False,386,Bryony Smith,426,Beth Langston,7051,Sterre Kalis,247,103,Left,Mid Off,0,0,0,0,FullToss,Null,NotOut,Played,0,Drive,Null,Over,OffSpin,Left,Null,NotReferred,Null,False,False,False,False,False,False,48,False,False,False,False,False,False,0,0,0,0,0,False,False,,,,
403919,43,4.74,6.0,0.0,0.0,204.0,6.0,6.0,11978,,10817,Rachael Heyhoe Flint Trophy 2021,2,1064,Northern Diamonds,1067,South East Stars,2021-06-12T16:27:54Z,4,False,386,Bryony Smith,426,Beth Langston,7051,Sterre Kalis,233,179,Left,Long Off,4,0,4,4,LengthBall,Null,NotOut,HitHard,0,Pushed,Null,Over,OffSpin,Left,Null,NotReferred,Null,False,False,False,False,False,False,48,False,False,False,False,False,False,4,0,0,0,0,False,True,,,,
403919,43,4.74,6.0,0.0,0.0,204.0,6.0,6.0,11978,,10817,Rachael Heyhoe Flint Trophy 2021,2,1064,Northern Diamonds,1067,South East Stars,2021-06-12T16:28:24Z,5,False,386,Bryony Smith,426,Beth Langston,7051,Sterre Kalis,328,87,Left,Mid Wicket,1,0,1,1,LengthBall,Null,NotOut,Played,0,Worked,Null,Over,OffSpin,Left,Null,NotReferred,Null,False,False,False,False,False,False,48,False,False,False,False,False,False,1,0,0,0,0,False,False,,,,
403919,43,4.74,6.0,0.0,0.0,204.0,6.0,6.0,11978,,10817,Rachael Heyhoe Flint Trophy 2021,2,1064,Northern Diamonds,1067,South East Stars,2021-06-12T16:28:50Z,6,False,386,Bryony Smith,7051,Sterre Kalis,426,Beth Langston,214,86,Left,Extra Cover,0,0,0,0,HalfVolley,Null,NotOut,MisTimed,0,Pushed,Null,Over,OffSpin,Left,Null,NotReferred,Null,False,False,False,False,False,False,48,False,False,False,False,False,False,0,0,0,0,0,False,False,,,,
403922,44,4.7,3.0,0.0,0.0,207.0,6.0,3.0,11978,,10817,Rachael Heyhoe Flint Trophy 2021,2,1064,Northern Diamonds,1067,South East Stars,2021-06-12T16:29:38Z,1,False,6994,Dani Gregory,426,Beth Langston,7051,Sterre Kalis,341,147,Left,Deep Mid Wicket,1,0,1,1,BackOfALength,Null,NotOut,Played,0,Pull,Null,Over,LegSpin,Left,Null,NotReferred,Null,False,False,False,False,False,False,870,False,False,False,False,False,False,1,0,0,0,0,False,False,,,,
403922,44,4.7,3.0,0.0,0.0,207.0,6.0,3.0,11978,,10817,Rachael Heyhoe Flint Trophy 2021,2,1064,Northern Diamonds,1067,South East Stars,2021-06-12T16:30:02Z,2,False,6994,Dani Gregory,7051,Sterre Kalis,426,Beth Langston,282,124,Left,Mid On,1,0,1,1,Yorker,Null,NotOut,Played,0,Pushed,Null,Over,LegSpin,Left,Null,NotReferred,Null,False,False,False,False,False,False,870,False,False,False,False,False,False,1,0,0,0,0,False,False,,,,
403922,44,4.7,3.0,0.0,0.0,207.0,6.0,3.0,11978,,10817,Rachael Heyhoe Flint Trophy 2021,2,1064,Northern Diamonds,1067,South East Stars,2021-06-12T16:30:23Z,3,False,6994,Dani Gregory,426,Beth Langston,7051,Sterre Kalis,90,48,Left,Wicketkeeper,0,0,0,0,LengthBall,Null,NotOut,Missed,0,LateCut,Null,Over,LegSpin,Left,Null,NotReferred,Null,False,False,False,False,False,False,870,False,False,False,False,False,False,0,0,0,0,0,False,False,,,,
403922,44,4.7,3.0,0.0,0.0,207.0,6.0,3.0,11978,,10817,Rachael Heyhoe Flint Trophy 2021,2,1064,Northern Diamonds,1067,South East Stars,2021-06-12T16:30:39Z,4,False,6994,Dani Gregory,426,Beth Langston,7051,Sterre Kalis,90,48,Left,Wicketkeeper,0,0,0,0,LengthBall,Null,NotOut,Missed,0,LateCut,Null,Over,LegSpin,Left,Null,NotReferred,Null,False,False,False,False,False,False,870,False,False,False,False,False,False,0,0,0,0,0,False,False,,,,
403922,44,4.7,3.0,0.0,0.0,207.0,6.0,3.0,11978,,10817,Rachael Heyhoe Flint Trophy 2021,2,1064,Northern Diamonds,1067,South East Stars,2021-06-12T16:30:59Z,5,False,6994,Dani Gregory,426,Beth Langston,7051,Sterre Kalis,241,96,Left,Mid Off,1,0,1,1,Yorker,Null,NotOut,Played,0,Drive,Null,Over,LegSpin,Left,Null,NotReferred,Null,False,False,False,False,False,False,870,False,False,False,False,False,False,1,0,0,0,0,False,False,,,,
403922,44,4.7,3.0,0.0,0.0,207.0,6.0,3.0,11978,,10817,Rachael Heyhoe Flint Trophy 2021,2,1064,Northern Diamonds,1067,South East Stars,2021-06-12T16:31:18Z,6,False,6994,Dani Gregory,7051,Sterre Kalis,426,Beth Langston,163,86,Left,Backward Point,0,0,0,0,LengthBall,Null,NotOut,Played,0,LateCut,Null,Over,LegSpin,Left,Null,NotReferred,Null,False,False,False,False,False,False,870,False,False,False,False,False,False,0,0,0,0,0,False,False,,,,
403926,45,4.67,3.0,1.0,0.0,210.0,7.0,3.0,11978,,10817,Rachael Heyhoe Flint Trophy 2021,2,1064,Northern Diamonds,1067,South East Stars,2021-06-12T16:32:09Z,1,False,386,Bryony Smith,426,Beth Langston,7051,Sterre Kalis,208,122,Left,Extra Cover,1,0,1,1,LengthBall,Null,NotOut,Played,0,Pushed,Null,Over,OffSpin,Left,Null,NotReferred,Null,False,False,False,False,False,False,48,False,False,False,False,False,False,1,0,0,0,0,False,False,,,,
403926,45,4.67,3.0,1.0,0.0,210.0,7.0,3.0,11978,,10817,Rachael Heyhoe Flint Trophy 2021,2,1064,Northern Diamonds,1067,South East Stars,2021-06-12T16:32:26Z,2,True,386,Bryony Smith,7051,Sterre Kalis,426,Beth Langston,341,154,Left,Deep Mid Wicket,1,0,1,1,LengthBall,Null,NotOut,Played,0,Pull,Null,Over,OffSpin,Left,Out1stUmpire,NotReferred,Null,False,False,False,False,False,False,48,False,False,False,False,False,False,1,0,0,0,0,False,False,RunOut,7051.0,Sterre Kalis,Run out
403926,45,4.67,3.0,1.0,0.0,210.0,7.0,3.0,11978,,10817,Rachael Heyhoe Flint Trophy 2021,2,1064,Northern Diamonds,1067,South East Stars,2021-06-12T16:34:00Z,3,False,386,Bryony Smith,426,Beth Langston,417,Linsey Smith,327,97,Left,Mid Wicket,1,0,1,1,LengthBall,Null,NotOut,Played,0,Pushed,Null,Over,OffSpin,Left,Null,NotReferred,Null,False,False,False,False,False,False,48,False,False,False,False,False,False,1,0,0,0,0,False,False,,,,
403926,45,4.67,3.0,1.0,0.0,210.0,7.0,3.0,11978,,10817,Rachael Heyhoe Flint Trophy 2021,2,1064,Northern Diamonds,1067,South East Stars,2021-06-12T16:34:44Z,4,False,386,Bryony Smith,417,Linsey Smith,426,Beth Langston,270,40,Right,Bowler,0,0,0,0,LengthBall,Null,NotOut,Played,0,Pushed,Null,Round,OffSpin,Left,Null,NotReferred,Null,False,False,False,False,False,False,48,False,False,False,False,False,False,0,0,0,0,0,False,False,,,,
403926,45,4.67,3.0,1.0,0.0,210.0,7.0,3.0,11978,,10817,Rachael Heyhoe Flint Trophy 2021,2,1064,Northern Diamonds,1067,South East Stars,2021-06-12T16:34:57Z,5,False,386,Bryony Smith,417,Linsey Smith,426,Beth Langston,338,85,Right,Cover,0,0,0,0,HalfVolley,Null,NotOut,Played,0,Pushed,Null,Round,OffSpin,Left,Null,NotReferred,Null,False,False,False,False,False,False,48,False,False,False,False,False,False,0,0,0,0,0,False,False,,,,
403926,45,4.67,3.0,1.0,0.0,210.0,7.0,3.0,11978,,10817,Rachael Heyhoe Flint Trophy 2021,2,1064,Northern Diamonds,1067,South East Stars,2021-06-12T16:35:13Z,6,False,386,Bryony Smith,417,Linsey Smith,426,Beth Langston,238,67,Right,Silly Mid On,0,0,0,0,Yorker,Null,NotOut,Played,0,Pushed,Null,Round,OffSpin,Left,Null,NotReferred,Null,False,False,False,False,False,False,48,False,False,False,False,False,False,0,0,0,0,0,False,False,,,,
403930,46,4.89,13.0,0.0,0.0,225.0,7.0,13.0,11978,,10817,Rachael Heyhoe Flint Trophy 2021,2,1064,Northern Diamonds,1067,South East Stars,2021-06-12T16:36:30Z,1,False,384,Freya Davies,426,Beth Langston,417,Linsey Smith,90,48,Left,Wicketkeeper,0,0,0,0,HalfVolley,Null,NotOut,Missed,0,Drive,Null,Over,Fast,Left,Null,NotReferred,Null,False,False,False,False,False,False,870,False,False,False,False,False,False,0,0,0,0,0,False,False,,,,
403930,46,4.89,13.0,0.0,0.0,225.0,7.0,13.0,11978,,10817,Rachael Heyhoe Flint Trophy 2021,2,1064,Northern Diamonds,1067,South East Stars,2021-06-12T16:36:56Z,2,False,384,Freya Davies,426,Beth Langston,417,Linsey Smith,207,222,Left,Deep Extra Cover,4,0,4,4,HalfVolley,Null,NotOut,HitHard,0,Drive,Null,Over,Fast,Left,Null,NotReferred,Null,False,False,False,False,True,False,870,False,False,False,False,False,False,4,0,0,0,0,False,True,,,,
403930,46,4.89,13.0,0.0,0.0,225.0,7.0,13.0,11978,,10817,Rachael Heyhoe Flint Trophy 2021,2,1064,Northern Diamonds,1067,South East Stars,2021-06-12T16:37:29Z,3,False,384,Freya Davies,426,Beth Langston,417,Linsey Smith,90,48,Left,Wicketkeeper,0,0,0,0,LengthBall,Null,NotOut,Missed,0,Steer,Null,Over,Fast,Left,Null,NotReferred,Null,False,False,False,False,False,False,870,False,False,False,False,False,False,0,0,0,0,0,False,False,,,,
403930,46,4.89,13.0,0.0,0.0,225.0,7.0,13.0,11978,,10817,Rachael Heyhoe Flint Trophy 2021,2,1064,Northern Diamonds,1067,South East Stars,2021-06-12T16:37:59Z,4,False,384,Freya Davies,426,Beth Langston,417,Linsey Smith,333,219,Left,Deep Mid Wicket,4,0,4,4,FullToss,Null,NotOut,HitHard,0,SlogSweep,SlowerBall,Over,Fast,Left,Null,NotReferred,Null,False,False,False,False,True,False,870,False,False,False,False,False,False,4,0,0,0,0,False,True,,,,
403930,46,4.89,13.0,0.0,0.0,225.0,7.0,13.0,11978,,10817,Rachael Heyhoe Flint Trophy 2021,2,1064,Northern Diamonds,1067,South East Stars,2021-06-12T16:38:42Z,5,False,384,Freya Davies,426,Beth Langston,417,Linsey Smith,318,211,Left,Long On,4,0,4,4,HalfVolley,Null,NotOut,HitHard,0,Drive,Null,Over,Fast,Left,Null,NotReferred,Null,False,False,False,False,True,False,870,False,False,False,False,False,False,4,0,0,0,0,False,True,,,,
403930,46,4.89,13.0,0.0,0.0,225.0,7.0,13.0,11978,,10817,Rachael Heyhoe Flint Trophy 2021,2,1064,Northern Diamonds,1067,South East Stars,2021-06-12T16:39:33Z,6,False,384,Freya Davies,426,Beth Langston,417,Linsey Smith,360,121,Left,Square Leg,1,0,1,1,LengthBall,Null,NotOut,Played,0,Worked,Null,Over,Fast,Left,Null,NotReferred,Null,False,False,False,False,False,False,870,False,False,False,False,False,False,1,0,0,0,0,False,False,,,,
403935,47,4.85,5.0,0.0,2.0,228.0,7.0,5.0,11978,,10817,Rachael Heyhoe Flint Trophy 2021,2,1064,Northern Diamonds,1067,South East Stars,2021-06-12T16:40:53Z,1,False,422,Alice Davidson-Richards,426,Beth Langston,417,Linsey Smith,90,48,Left,Wicketkeeper,1,1,1,0,FullToss,Null,NotOut,MissedLegSide,0,SlogSweep,SlowerBall,Over,Fast,Left,Null,NotReferred,Null,True,False,False,False,False,False,48,False,False,False,False,False,False,0,0,1,0,0,False,False,,,,
403935,47,4.85,5.0,0.0,2.0,228.0,7.0,5.0,11978,,10817,Rachael Heyhoe Flint Trophy 2021,2,1064,Northern Diamonds,1067,South East Stars,2021-06-12T16:41:17Z,1,False,422,Alice Davidson-Richards,426,Beth Langston,417,Linsey Smith,90,48,Left,Wicketkeeper,1,1,1,0,LengthBall,Null,NotOut,MissedLegSide,0,SlogSweep,Null,Over,Fast,Left,Null,NotReferred,Null,True,False,False,False,False,False,48,False,False,False,False,False,False,0,0,1,0,0,False,False,,,,
403935,47,4.85,5.0,0.0,2.0,228.0,7.0,5.0,11978,,10817,Rachael Heyhoe Flint Trophy 2021,2,1064,Northern Diamonds,1067,South East Stars,2021-06-12T16:41:44Z,1,False,422,Alice Davidson-Richards,426,Beth Langston,417,Linsey Smith,90,48,Left,Wicketkeeper,0,0,0,0,LengthBall,Null,NotOut,Edged,0,Cut,Null,Over,Fast,Left,Null,NotReferred,Null,False,False,False,False,False,False,48,False,False,False,False,False,False,0,0,0,0,0,False,False,,,,
403935,47,4.85,5.0,0.0,2.0,228.0,7.0,5.0,11978,,10817,Rachael Heyhoe Flint Trophy 2021,2,1064,Northern Diamonds,1067,South East Stars,2021-06-12T16:42:17Z,2,False,422,Alice Davidson-Richards,426,Beth Langston,417,Linsey Smith,270,40,Left,Bowler,0,0,0,0,LengthBall,Null,NotOut,Played,0,Pushed,Null,Over,Fast,Left,Null,NotReferred,Null,False,False,False,False,False,False,48,False,False,False,False,False,False,0,0,0,0,0,False,False,,,,
403935,47,4.85,5.0,0.0,2.0,228.0,7.0,5.0,11978,,10817,Rachael Heyhoe Flint Trophy 2021,2,1064,Northern Diamonds,1067,South East Stars,2021-06-12T16:42:48Z,3,False,422,Alice Davidson-Richards,426,Beth Langston,417,Linsey Smith,262,11,Left,Short Leg,0,0,0,0,LengthBall,Null,Lbw,HitPad,0,SlogSweep,SlowerBall,Over,Fast,Left,NotOut1stUmpire,NotReferred,Null,False,False,False,False,False,True,48,False,False,False,False,False,False,0,0,0,0,0,False,False,,,,
403935,47,4.85,5.0,0.0,2.0,228.0,7.0,5.0,11978,,10817,Rachael Heyhoe Flint Trophy 2021,2,1064,Northern Diamonds,1067,South East Stars,2021-06-12T16:43:22Z,4,False,422,Alice Davidson-Richards,426,Beth Langston,417,Linsey Smith,330,77,Left,Mid Wicket,1,0,1,1,LengthBall,Null,NotOut,MisTimed,0,Drive,Null,Over,Fast,Left,Null,NotReferred,Null,False,False,False,False,False,False,48,False,False,False,False,False,False,1,0,0,0,0,False,False,,,,
403935,47,4.85,5.0,0.0,2.0,228.0,7.0,5.0,11978,,10817,Rachael Heyhoe Flint Trophy 2021,2,1064,Northern Diamonds,1067,South East Stars,2021-06-12T16:44:08Z,5,False,422,Alice Davidson-Richards,417,Linsey Smith,426,Beth Langston,213,142,Right,Deep Mid Wicket,1,0,1,1,BackOfALength,Null,NotOut,Played,0,Pull,SlowerBall,Round,Fast,Left,Null,NotReferred,Null,False,False,False,False,False,False,48,False,False,False,False,False,False,1,0,0,0,0,False,False,,,,
403935,47,4.85,5.0,0.0,2.0,228.0,7.0,5.0,11978,,10817,Rachael Heyhoe Flint Trophy 2021,2,1064,Northern Diamonds,1067,South East Stars,2021-06-12T16:44:41Z,6,False,422,Alice Davidson-Richards,426,Beth Langston,417,Linsey Smith,251,95,Left,Mid Off,1,0,1,1,LengthBall,Null,NotOut,MisTimed,0,Cut,Null,Over,Fast,Left,Null,NotReferred,Null,False,False,False,False,False,False,48,False,False,False,False,False,False,1,0,0,0,0,False,False,,,,
403940,48,5.04,13.0,0.0,2.0,242.0,7.0,14.0,11978,,10817,Rachael Heyhoe Flint Trophy 2021,2,1064,Northern Diamonds,1067,South East Stars,2021-06-12T16:45:51Z,1,False,384,Freya Davies,426,Beth Langston,417,Linsey Smith,28,67,Left,Leg Gully,0,1,1,0,LengthBall,Null,NotOut,HitBody,0,Pull,SlowerBall,Over,Fast,Left,Null,NotReferred,Null,False,False,False,True,False,False,870,False,False,False,False,False,False,0,0,0,1,0,False,False,,,,
403940,48,5.04,13.0,0.0,2.0,242.0,7.0,14.0,11978,,10817,Rachael Heyhoe Flint Trophy 2021,2,1064,Northern Diamonds,1067,South East Stars,2021-06-12T16:46:27Z,2,False,384,Freya Davies,417,Linsey Smith,426,Beth Langston,274,205,Right,Long Off,4,0,4,4,HalfVolley,Null,NotOut,HitHard,0,Drive,Null,Round,Fast,Left,Null,NotReferred,Null,False,False,False,False,False,False,870,False,False,False,False,False,False,4,0,0,0,0,False,True,,,,
403940,48,5.04,13.0,0.0,2.0,242.0,7.0,14.0,11978,,10817,Rachael Heyhoe Flint Trophy 2021,2,1064,Northern Diamonds,1067,South East Stars,2021-06-12T16:47:01Z,3,False,384,Freya Davies,417,Linsey Smith,426,Beth Langston,220,126,Right,Mid On,1,0,1,1,LengthBall,Null,NotOut,MisTimed,0,Slog,Null,Round,Fast,Left,Null,NotReferred,Null,False,False,False,False,False,False,870,False,False,False,False,False,False,1,0,0,0,0,False,False,,,,
403940,48,5.04,13.0,0.0,2.0,242.0,7.0,14.0,11978,,10817,Rachael Heyhoe Flint Trophy 2021,2,1064,Northern Diamonds,1067,South East Stars,2021-06-12T16:47:30Z,4,False,384,Freya Davies,426,Beth Langston,417,Linsey Smith,204,126,Left,Deep Cover,2,0,2,2,HalfVolley,Null,NotOut,MisTimed,0,Slog,Null,Over,Fast,Left,Null,NotReferred,Null,False,False,False,False,False,False,870,False,False,False,False,False,False,2,0,0,0,0,False,False,,,,
403940,48,5.04,13.0,0.0,2.0,242.0,7.0,14.0,11978,,10817,Rachael Heyhoe Flint Trophy 2021,2,1064,Northern Diamonds,1067,South East Stars,2021-06-12T16:48:20Z,5,False,384,Freya Davies,426,Beth Langston,417,Linsey Smith,104,177,Left,Third Man,4,0,4,4,LengthBall,Null,NotOut,Edged,0,Pull,SlowerBall,Over,Fast,Left,Null,NotReferred,Null,False,False,False,False,False,False,870,False,False,False,False,False,False,4,0,0,0,0,False,True,,,,
403940,48,5.04,13.0,0.0,2.0,242.0,7.0,14.0,11978,,10817,Rachael Heyhoe Flint Trophy 2021,2,1064,Northern Diamonds,1067,South East Stars,2021-06-12T16:49:34Z,6,False,384,Freya Davies,426,Beth Langston,417,Linsey Smith,90,48,Left,Wicketkeeper,1,1,1,0,Yorker,Null,NotOut,MissedLegSide,0,Glance,Null,Over,Fast,Left,Null,NotReferred,Null,True,False,False,False,False,False,870,False,False,False,False,False,False,0,0,1,0,0,False,False,,,,
403940,48,5.04,13.0,0.0,2.0,242.0,7.0,14.0,11978,,10817,Rachael Heyhoe Flint Trophy 2021,2,1064,Northern Diamonds,1067,South East Stars,2021-06-12T16:50:01Z,6,False,384,Freya Davies,426,Beth Langston,417,Linsey Smith,209,84,Left,Extra Cover,1,0,1,1,Yorker,Null,NotOut,Played,0,Pushed,Null,Over,Fast,Left,Null,NotReferred,Null,False,False,False,False,False,False,870,False,False,False,False,False,False,1,0,0,0,0,False,False,,,,
403946,49,5.1,8.0,0.0,1.0,250.0,7.0,8.0,11978,,10817,Rachael Heyhoe Flint Trophy 2021,2,1064,Northern Diamonds,1067,South East Stars,2021-06-12T16:51:07Z,1,False,422,Alice Davidson-Richards,426,Beth Langston,417,Linsey Smith,7,195,Left,Deep Square Leg,4,0,4,4,LengthBall,Null,NotOut,HitHard,0,Pull,Null,Over,Fast,Left,Null,NotReferred,Null,False,False,False,False,False,False,48,False,False,False,False,False,False,4,0,0,0,0,False,True,,,,
403946,49,5.1,8.0,0.0,1.0,250.0,7.0,8.0,11978,,10817,Rachael Heyhoe Flint Trophy 2021,2,1064,Northern Diamonds,1067,South East Stars,2021-06-12T16:51:46Z,2,False,422,Alice Davidson-Richards,426,Beth Langston,417,Linsey Smith,90,48,Left,Wicketkeeper,1,1,1,0,Short,Null,NotOut,NoShot,0,Leave,Null,Over,Fast,Left,Null,NotReferred,Overhead,False,True,False,False,False,False,48,False,False,False,False,False,False,0,0,0,0,1,False,False,,,,
403946,49,5.1,8.0,0.0,1.0,250.0,7.0,8.0,11978,,10817,Rachael Heyhoe Flint Trophy 2021,2,1064,Northern Diamonds,1067,South East Stars,2021-06-12T16:52:18Z,2,False,422,Alice Davidson-Richards,426,Beth Langston,417,Linsey Smith,353,104,Left,Square Leg,1,0,1,1,LengthBall,Null,NotOut,Played,0,Pull,Null,Over,Fast,Left,Null,NotReferred,Null,False,False,False,False,False,False,48,False,False,False,False,False,False,1,0,0,0,0,False,False,,,,
403946,49,5.1,8.0,0.0,1.0,250.0,7.0,8.0,11978,,10817,Rachael Heyhoe Flint Trophy 2021,2,1064,Northern Diamonds,1067,South East Stars,2021-06-12T16:53:05Z,3,False,422,Alice Davidson-Richards,417,Linsey Smith,426,Beth Langston,198,121,Right,Mid Wicket,1,0,1,1,BackOfALength,Null,NotOut,Played,0,Pull,Null,Round,Fast,Left,Null,NotReferred,Null,False,False,False,False,False,False,48,False,False,False,False,False,False,1,0,0,0,0,False,False,,,,
403946,49,5.1,8.0,0.0,1.0,250.0,7.0,8.0,11978,,10817,Rachael Heyhoe Flint Trophy 2021,2,1064,Northern Diamonds,1067,South East Stars,2021-06-12T16:53:52Z,4,False,422,Alice Davidson-Richards,426,Beth Langston,417,Linsey Smith,328,80,Left,Mid Wicket,0,0,0,0,LengthBall,Null,NotOut,MisTimed,0,Pull,Null,Over,Fast,Left,Null,NotReferred,Null,False,False,False,False,False,False,48,False,False,False,False,False,False,0,0,0,0,0,False,False,,,,
403946,49,5.1,8.0,0.0,1.0,250.0,7.0,8.0,11978,,10817,Rachael Heyhoe Flint Trophy 2021,2,1064,Northern Diamonds,1067,South East Stars,2021-06-12T16:54:21Z,5,False,422,Alice Davidson-Richards,426,Beth Langston,417,Linsey Smith,11,126,Left,Backward Square Leg,1,0,1,1,LengthBall,Null,NotOut,Played,0,Pull,Null,Over,Fast,Left,Null,NotReferred,Null,False,False,False,False,False,False,48,False,False,False,False,False,False,1,0,0,0,0,False,False,,,,
403946,49,5.1,8.0,0.0,1.0,250.0,7.0,8.0,11978,,10817,Rachael Heyhoe Flint Trophy 2021,2,1064,Northern Diamonds,1067,South East Stars,2021-06-12T16:55:00Z,6,False,422,Alice Davidson-Richards,417,Linsey Smith,426,Beth Langston,90,48,Right,Wicketkeeper,0,0,0,0,Yorker,Null,NotOut,Missed,0,Steer,Null,Round,Fast,Left,Null,NotReferred,Null,False,False,False,False,False,False,48,False,False,False,False,False,False,0,0,0,0,0,False,False,,,,
403950,50,5.16,4.0,0.0,0.0,254.0,7.0,4.0,11978,,10817,Rachael Heyhoe Flint Trophy 2021,2,1064,Northern Diamonds,1067,South East Stars,2021-06-12T16:55:54Z,1,False,384,Freya Davies,426,Beth Langston,417,Linsey Smith,297,97,Left,Mid On,0,0,0,0,HalfVolley,Null,NotOut,Played,0,Drive,Null,Over,Fast,Left,Null,NotReferred,Null,False,False,False,False,False,False,870,False,False,False,False,False,False,0,0,0,0,0,False,False,,,,
403950,50,5.16,4.0,0.0,0.0,254.0,7.0,4.0,11978,,10817,Rachael Heyhoe Flint Trophy 2021,2,1064,Northern Diamonds,1067,South East Stars,2021-06-12T16:56:23Z,2,False,384,Freya Davies,426,Beth Langston,417,Linsey Smith,346,212,Left,Deep Mid Wicket,4,0,4,4,FullToss,Null,NotOut,HitHard,0,Slog,Null,Over,Fast,Left,Null,NotReferred,Null,False,False,False,False,True,False,870,False,False,False,False,False,False,4,0,0,0,0,False,True,,,,
