over_id,over_overNumber,over_runrate,over_runsConceded,over_wickets,over_runsExtras,over_totalInningRuns,over_totalInningWickets,over_totalRuns,id,matchName,fixtureId,fixtureName,inningNumber,battingTeamId,battingTeamName,bowlingTeamId,bowlingTeamName,ballDateTime,ballNumber,isWicket,bowlerPlayerId,bowlerPlayerName,battingPlayerId,battingPlayerName,nonStrikeBattingPlayerId,nonStrikeBattingPlayerName,shotAngle,shotMagnitude,fieldingPosition,runsConceded,extras,runs,runsScored,lengthTypeId,lineTypeId,appealDismissalTypeId,battingConnectionId,battingFeetId,battingShotTypeId,bowlingDetailId,bowlingFromId,bowlingTypeId,bowlingHandId,outcomeId,referralOutcomeId,noBallReasonId,isWide,isNoBall,isByes,isLegByes,isAirControlled,isAppeal,decisionOfficialId,isFreeHit,isNewBall,isPowerPlay,isBattingPowerPlay,isFloodLit,isReferred,teamRuns,runsByes,runsWide,runsLegByes,noBallsCount,isBoundry,isAirNotControlled,catchDifficulty,dismissalTypeId,dismissalPlayerId,dismissalPlayerName,dismissalType
1094290,1,3.0,3.0,0.0,0.0,3.0,0.0,3.0,39640,,23407,Major League Cricket 2025,1,1293,MI New York,1295,Washington Freedom,2025-07-14T05:31:55Z,1,False,3479,Saurabh Netravalkar,3472,Monank Patel,729,Quinton de Kock,319,48,Short Mid Wicket,1,0,1,1,LengthBall,LegStump,NotOut,None,DownTheTrack,Worked,InSwinger,Over,Fast,Left,Null,NotReferred,Null,False,False,False,False,False,False,256,False,True,True,False,False,False,1,0,0,0,0,False,False,0.0,,,,
1094290,1,3.0,3.0,0.0,0.0,3.0,0.0,3.0,39640,,23407,Major League Cricket 2025,1,1293,MI New York,1295,Washington Freedom,2025-07-14T05:33:28Z,2,False,3479,Saurabh Netravalkar,729,Quinton de Kock,3472,Monank Patel,24,85,Backward Point,1,0,1,1,LengthBall,OutsideOff,NotOut,None,FrontFoot,Drive,AwaySwinger,Over,Fast,Left,Null,NotReferred,Null,False,False,False,False,False,False,256,False,False,True,False,False,False,1,0,0,0,0,False,False,0.0,,,,
1094290,1,3.0,3.0,0.0,0.0,3.0,0.0,3.0,39640,,23407,Major League Cricket 2025,1,1293,MI New York,1295,Washington Freedom,2025-07-14T05:34:14Z,3,False,3479,Saurabh Netravalkar,3472,Monank Patel,729,Quinton de Kock,61,145,Fine Leg,1,0,1,1,Short,DownLeg,NotOut,TopEdge,BackFoot,Pull,AwaySwinger,Over,Fast,Left,Null,NotReferred,Null,False,False,False,False,False,False,256,False,False,True,False,False,False,1,0,0,0,0,False,False,0.0,,,,
1094290,1,3.0,3.0,0.0,0.0,3.0,0.0,3.0,39640,,23407,Major League Cricket 2025,1,1293,MI New York,1295,Washington Freedom,2025-07-14T05:34:55Z,4,False,3479,Saurabh Netravalkar,729,Quinton de Kock,3472,Monank Patel,42,91,Short Third Man,0,0,0,0,LengthBall,OutsideOff,NotOut,None,BackFoot,LateCut,NoMovement,Over,Fast,Left,Null,NotReferred,Null,False,False,False,False,False,False,256,False,False,True,False,False,False,0,0,0,0,0,False,False,0.0,,,,
1094290,1,3.0,3.0,0.0,0.0,3.0,0.0,3.0,39640,,23407,Major League Cricket 2025,1,1293,MI New York,1295,Washington Freedom,2025-07-14T05:35:28Z,5,False,3479,Saurabh Netravalkar,729,Quinton de Kock,3472,Monank Patel,16,13,Silly Point,0,0,0,0,LengthBall,OffStump,NotOut,None,BackFoot,Pushed,AwaySwinger,Over,Fast,Left,Null,NotReferred,Null,False,False,False,False,False,False,256,False,False,True,False,False,False,0,0,0,0,0,False,False,0.0,,,,
1094290,1,3.0,3.0,0.0,0.0,3.0,0.0,3.0,39640,,23407,Major League Cricket 2025,1,1293,MI New York,1295,Washington Freedom,2025-07-14T05:36:08Z,6,False,3479,Saurabh Netravalkar,729,Quinton de Kock,3472,Monank Patel,246,55,Silly Mid On,0,0,0,0,LengthBall,OutsideOff,NotOut,None,FrontFoot,Pushed,AwaySwinger,Over,Fast,Left,Null,NotReferred,Null,False,False,False,False,False,False,256,False,False,True,False,False,False,0,0,0,0,0,False,False,0.0,,,,
1094293,2,5.5,7.0,0.0,1.0,11.0,0.0,8.0,39640,,23407,Major League Cricket 2025,1,1293,MI New York,1295,Washington Freedom,2025-07-14T05:37:18Z,1,False,591,Glenn Maxwell,3472,Monank Patel,729,Quinton de Kock,19,134,Deep Backward Square Leg,1,0,1,1,LengthBall,OutsideOff,NotOut,None,BackFoot,Worked,OffBreak,Over,OffSpin,Right,Null,NotReferred,Null,False,False,False,False,False,False,144,False,False,True,False,True,False,1,0,0,0,0,False,False,,,,,
1094293,2,5.5,7.0,0.0,1.0,11.0,0.0,8.0,39640,,23407,Major League Cricket 2025,1,1293,MI New York,1295,Washington Freedom,2025-07-14T05:37:58Z,2,False,591,Glenn Maxwell,729,Quinton de Kock,3472,Monank Patel,141,66,Short Fine Leg,0,1,1,0,LengthBall,LegStump,NotOut,HitPad,FrontFoot,Glance,OffBreak,Round,OffSpin,Right,Null,NotReferred,Null,False,False,False,True,False,False,144,False,False,True,False,True,False,1,0,0,1,0,False,False,,,,,
1094293,2,5.5,7.0,0.0,1.0,11.0,0.0,8.0,39640,,23407,Major League Cricket 2025,1,1293,MI New York,1295,Washington Freedom,2025-07-14T05:38:26Z,3,False,591,Glenn Maxwell,3472,Monank Patel,729,Quinton de Kock,182,183,Deep Point,4,0,4,4,LengthBall,Wide,NotOut,WellTimed,FrontFoot,Drive,OffBreak,Over,OffSpin,Right,Null,NotReferred,Null,False,False,False,False,True,False,144,False,False,True,False,True,False,4,0,0,0,0,False,True,,,,,
1094293,2,5.5,7.0,0.0,1.0,11.0,0.0,8.0,39640,,23407,Major League Cricket 2025,1,1293,MI New York,1295,Washington Freedom,2025-07-14T05:38:54Z,4,False,591,Glenn Maxwell,3472,Monank Patel,729,Quinton de Kock,342,148,Deep Mid Wicket,1,0,1,1,LengthBall,OutsideOff,NotOut,None,FrontFoot,Worked,OffBreak,Over,OffSpin,Right,Null,NotReferred,Null,False,False,False,False,False,False,144,False,False,True,False,True,False,1,0,0,0,0,False,False,,,,,
1094293,2,5.5,7.0,0.0,1.0,11.0,0.0,8.0,39640,,23407,Major League Cricket 2025,1,1293,MI New York,1295,Washington Freedom,2025-07-14T05:39:13Z,5,False,591,Glenn Maxwell,729,Quinton de Kock,3472,Monank Patel,331,98,Extra Cover,1,0,1,1,LengthBall,OutsideOff,NotOut,None,FrontFoot,Pushed,OffBreak,Round,OffSpin,Right,Null,NotReferred,Null,False,False,False,False,False,False,144,False,False,True,False,True,False,1,0,0,0,0,False,False,,,,,
1094293,2,5.5,7.0,0.0,1.0,11.0,0.0,8.0,39640,,23407,Major League Cricket 2025,1,1293,MI New York,1295,Washington Freedom,2025-07-14T05:39:30Z,6,False,591,Glenn Maxwell,3472,Monank Patel,729,Quinton de Kock,360,90,Square Leg,0,0,0,0,LengthBall,OutsideOff,NotOut,None,BackFoot,Worked,OffBreak,Over,OffSpin,Right,Null,NotReferred,Null,False,False,False,False,False,False,144,False,False,True,False,True,False,0,0,0,0,0,False,False,,,,,
1094296,3,7.67,11.0,0.0,1.0,23.0,0.0,12.0,39640,,23407,Major League Cricket 2025,1,1293,MI New York,1295,Washington Freedom,2025-07-14T05:40:37Z,1,False,1692,Jack Edwards,729,Quinton de Kock,3472,Monank Patel,327,211,Deep Extra Cover,6,0,6,6,LengthBall,OutsideOff,NotOut,Middled,FrontFoot,Drive,NoMovement,Over,Fast,Right,Null,NotReferred,Null,False,False,False,False,True,False,256,False,False,True,False,True,False,6,0,0,0,0,False,True,,,,,
1094296,3,7.67,11.0,0.0,1.0,23.0,0.0,12.0,39640,,23407,Major League Cricket 2025,1,1293,MI New York,1295,Washington Freedom,2025-07-14T05:41:17Z,2,False,1692,Jack Edwards,729,Quinton de Kock,3472,Monank Patel,355,81,Point,0,1,1,0,LengthBall,DownLeg,NotOut,HitPad,FrontFoot,Worked,NoMovement,Over,Fast,Right,Null,NotReferred,Null,False,False,False,True,False,False,256,False,False,True,False,True,False,1,0,0,1,0,False,False,,,,,
1094296,3,7.67,11.0,0.0,1.0,23.0,0.0,12.0,39640,,23407,Major League Cricket 2025,1,1293,MI New York,1295,Washington Freedom,2025-07-14T05:42:09Z,3,False,1692,Jack Edwards,3472,Monank Patel,729,Quinton de Kock,285,93,Mid On,1,0,1,1,LengthBall,OutsideOff,NotOut,MisTimed,FrontFoot,Drive,NoMovement,Over,Fast,Right,Null,NotReferred,Null,False,False,False,False,False,False,256,False,False,True,False,True,False,1,0,0,0,0,False,False,,,,,
1094296,3,7.67,11.0,0.0,1.0,23.0,0.0,12.0,39640,,23407,Major League Cricket 2025,1,1293,MI New York,1295,Washington Freedom,2025-07-14T05:42:38Z,4,False,1692,Jack Edwards,729,Quinton de Kock,3472,Monank Patel,295,219,Long Off,4,0,4,4,LengthBall,OffStump,NotOut,WellTimed,FrontFoot,Drive,NoMovement,Over,Fast,Right,Null,NotReferred,Null,False,False,False,False,False,False,256,False,False,True,False,True,False,4,0,0,0,0,False,True,,,,,
1094296,3,7.67,11.0,0.0,1.0,23.0,0.0,12.0,39640,,23407,Major League Cricket 2025,1,1293,MI New York,1295,Washington Freedom,2025-07-14T05:43:18Z,5,False,1692,Jack Edwards,729,Quinton de Kock,3472,Monank Patel,294,81,Mid Off,0,0,0,0,LengthBall,OffStump,NotOut,None,FrontFoot,Drive,NoMovement,Over,Fast,Right,Null,NotReferred,Null,False,False,False,False,False,False,256,False,False,True,False,True,False,0,0,0,0,0,False,False,,,,,
1094296,3,7.67,11.0,0.0,1.0,23.0,0.0,12.0,39640,,23407,Major League Cricket 2025,1,1293,MI New York,1295,Washington Freedom,2025-07-14T05:43:49Z,6,False,1692,Jack Edwards,729,Quinton de Kock,3472,Monank Patel,52,84,Short Third Man,0,0,0,0,LengthBall,LegStump,NotOut,None,FrontFoot,Steer,NoMovement,Over,Fast,Right,Null,NotReferred,Null,False,False,False,False,False,False,256,False,False,True,False,True,False,0,0,0,0,0,False,False,,,,,
1094298,4,10.25,18.0,0.0,1.0,41.0,0.0,18.0,39640,,23407,Major League Cricket 2025,1,1293,MI New York,1295,Washington Freedom,2025-07-14T05:44:35Z,1,False,591,Glenn Maxwell,3472,Monank Patel,729,Quinton de Kock,358,187,Deep Square Leg,4,0,4,4,LengthBall,OutsideOff,NotOut,WellTimed,BackFoot,Pull,OffBreak,Over,OffSpin,Right,Null,NotReferred,Null,False,False,False,False,True,False,144,False,False,True,False,True,False,4,0,0,0,0,False,True,0.0,,,,
1094298,4,10.25,18.0,0.0,1.0,41.0,0.0,18.0,39640,,23407,Major League Cricket 2025,1,1293,MI New York,1295,Washington Freedom,2025-07-14T05:45:05Z,2,False,591,Glenn Maxwell,3472,Monank Patel,729,Quinton de Kock,303,150,Long On,2,0,2,2,LengthBall,OffStump,NotOut,MisTimed,FrontFoot,SlogSweep,OffBreak,Over,OffSpin,Right,Null,NotReferred,Null,False,False,False,False,False,False,144,False,False,True,False,True,False,2,0,0,0,0,False,False,0.0,,,,
1094298,4,10.25,18.0,0.0,1.0,41.0,0.0,18.0,39640,,23407,Major League Cricket 2025,1,1293,MI New York,1295,Washington Freedom,2025-07-14T05:45:33Z,3,False,591,Glenn Maxwell,3472,Monank Patel,729,Quinton de Kock,343,149,Deep Mid Wicket,1,0,1,1,LengthBall,OffStump,NotOut,None,FrontFoot,Worked,OffBreak,Over,OffSpin,Right,Null,NotReferred,Null,False,False,False,False,False,False,144,False,False,True,False,True,False,1,0,0,0,0,False,False,0.0,,,,
1094298,4,10.25,18.0,0.0,1.0,41.0,0.0,18.0,39640,,23407,Major League Cricket 2025,1,1293,MI New York,1295,Washington Freedom,2025-07-14T05:45:52Z,4,False,591,Glenn Maxwell,729,Quinton de Kock,3472,Monank Patel,90,48,Wicketkeeper,1,1,1,0,LengthBall,DownLeg,NotOut,PlayAndMissLegSide,FrontFoot,Slog,OffBreak,Round,OffSpin,Right,Null,NotReferred,Null,True,False,False,False,False,False,144,False,False,True,False,True,False,1,0,1,0,0,False,False,0.0,,,,
1094298,4,10.25,18.0,0.0,1.0,41.0,0.0,18.0,39640,,23407,Major League Cricket 2025,1,1293,MI New York,1295,Washington Freedom,2025-07-14T05:46:17Z,4,False,591,Glenn Maxwell,729,Quinton de Kock,3472,Monank Patel,270,40,Bowler,0,0,0,0,LengthBall,OutsideOff,NotOut,None,BackFoot,Pushed,OffBreak,Round,OffSpin,Right,Null,NotReferred,Null,False,False,False,False,False,False,144,False,False,True,False,True,False,0,0,0,0,0,False,False,0.0,,,,
1094298,4,10.25,18.0,0.0,1.0,41.0,0.0,18.0,39640,,23407,Major League Cricket 2025,1,1293,MI New York,1295,Washington Freedom,2025-07-14T05:46:29Z,5,False,591,Glenn Maxwell,729,Quinton de Kock,3472,Monank Patel,293,202,Long Off,6,0,6,6,LengthBall,OutsideOff,NotOut,Middled,DownTheTrack,Drive,OffBreak,Round,OffSpin,Right,Null,NotReferred,Null,False,False,False,False,True,False,144,False,False,True,False,True,False,6,0,0,0,0,False,True,0.0,,,,
1094298,4,10.25,18.0,0.0,1.0,41.0,0.0,18.0,39640,,23407,Major League Cricket 2025,1,1293,MI New York,1295,Washington Freedom,2025-07-14T05:47:15Z,6,False,591,Glenn Maxwell,729,Quinton de Kock,3472,Monank Patel,202,215,Deep Mid Wicket,4,0,4,4,LengthBall,OutsideOff,NotOut,WellTimed,BackFoot,Pull,OffBreak,Round,OffSpin,Right,Null,NotReferred,Null,False,False,False,False,True,False,144,False,False,True,False,True,False,4,0,0,0,0,False,True,0.0,,,,
1094300,5,9.0,4.0,0.0,0.0,45.0,0.0,4.0,39640,,23407,Major League Cricket 2025,1,1293,MI New York,1295,Washington Freedom,2025-07-14T05:48:15Z,1,False,65,Lockie Ferguson,3472,Monank Patel,729,Quinton de Kock,270,40,Bowler,0,0,0,0,BackOfALength,OutsideOff,NotOut,MisTimed,BackFoot,Worked,NoMovement,Over,Fast,Right,Null,NotReferred,Null,False,False,False,False,False,False,256,False,False,True,False,True,False,0,0,0,0,0,False,False,,,,,
1094300,5,9.0,4.0,0.0,0.0,45.0,0.0,4.0,39640,,23407,Major League Cricket 2025,1,1293,MI New York,1295,Washington Freedom,2025-07-14T05:48:46Z,2,False,65,Lockie Ferguson,3472,Monank Patel,729,Quinton de Kock,305,150,Long On,1,0,1,1,LengthBall,OutsideOff,NotOut,None,FrontFoot,Worked,NoMovement,Over,Fast,Right,Null,NotReferred,Null,False,False,False,False,False,False,256,False,False,True,False,True,False,1,0,0,0,0,False,False,,,,,
1094300,5,9.0,4.0,0.0,0.0,45.0,0.0,4.0,39640,,23407,Major League Cricket 2025,1,1293,MI New York,1295,Washington Freedom,2025-07-14T05:49:20Z,3,False,65,Lockie Ferguson,729,Quinton de Kock,3472,Monank Patel,320,47,Short Extra Cover,1,0,1,1,LengthBall,MiddleStump,NotOut,None,FrontFoot,Drive,NoMovement,Over,Fast,Right,Null,NotReferred,Null,False,False,False,False,False,False,256,False,False,True,False,True,False,1,0,0,0,0,False,False,,,,,
1094300,5,9.0,4.0,0.0,0.0,45.0,0.0,4.0,39640,,23407,Major League Cricket 2025,1,1293,MI New York,1295,Washington Freedom,2025-07-14T05:49:59Z,4,False,65,Lockie Ferguson,3472,Monank Patel,729,Quinton de Kock,291,58,Silly Mid On,1,0,1,1,HalfVolley,OffStump,NotOut,None,FrontFoot,Pushed,NoMovement,Over,Fast,Right,Null,NotReferred,Null,False,False,False,False,False,False,256,False,False,True,False,True,False,1,0,0,0,0,False,False,,,,,
1094300,5,9.0,4.0,0.0,0.0,45.0,0.0,4.0,39640,,23407,Major League Cricket 2025,1,1293,MI New York,1295,Washington Freedom,2025-07-14T05:50:31Z,5,False,65,Lockie Ferguson,729,Quinton de Kock,3472,Monank Patel,207,130,Deep Mid Wicket,1,0,1,1,HalfVolley,LegStump,NotOut,None,FrontFoot,Slog,NoMovement,Over,Fast,Right,Null,NotReferred,Null,False,False,False,False,False,False,256,False,False,True,False,True,False,1,0,0,0,0,False,False,,,,,
1094300,5,9.0,4.0,0.0,0.0,45.0,0.0,4.0,39640,,23407,Major League Cricket 2025,1,1293,MI New York,1295,Washington Freedom,2025-07-14T05:51:05Z,6,False,65,Lockie Ferguson,3472,Monank Patel,729,Quinton de Kock,162,91,Backward Point,0,0,0,0,LengthBall,OutsideOff,NotOut,None,FrontFoot,Steer,NoMovement,Over,Fast,Right,Null,NotReferred,Null,False,False,False,False,False,False,256,False,False,True,False,True,False,0,0,0,0,0,False,False,,,,,
1094303,6,9.83,13.0,0.0,1.0,59.0,0.0,13.0,39640,,23407,Major League Cricket 2025,1,1293,MI New York,1295,Washington Freedom,2025-07-14T05:52:17Z,1,False,3479,Saurabh Netravalkar,729,Quinton de Kock,3472,Monank Patel,168,148,Deep Backward Square Leg,1,0,1,1,BackOfALength,OutsideOff,NotOut,None,BackFoot,Worked,NoMovement,Over,Fast,Left,Null,NotReferred,Null,False,False,False,False,False,False,144,False,False,True,False,True,False,1,0,0,0,0,False,False,,,,,
1094303,6,9.83,13.0,0.0,1.0,59.0,0.0,13.0,39640,,23407,Major League Cricket 2025,1,1293,MI New York,1295,Washington Freedom,2025-07-14T05:53:06Z,2,False,3479,Saurabh Netravalkar,3472,Monank Patel,729,Quinton de Kock,300,151,Long On,1,0,1,1,LengthBall,DownLeg,NotOut,WellTimed,BacksAway,Slog,NoMovement,Over,Fast,Left,Null,NotReferred,Null,False,False,False,False,True,False,144,False,False,True,False,True,False,1,0,0,0,0,False,False,,,,,
1094303,6,9.83,13.0,0.0,1.0,59.0,0.0,13.0,39640,,23407,Major League Cricket 2025,1,1293,MI New York,1295,Washington Freedom,2025-07-14T05:53:48Z,3,False,3479,Saurabh Netravalkar,729,Quinton de Kock,3472,Monank Patel,159,219,Deep Backward Square Leg,7,1,7,6,FullToss,LegStump,NotOut,WellTimed,FrontFoot,Flick,NoMovement,Over,Fast,Left,Null,NotReferred,FrontFoot,False,True,False,False,True,False,144,False,False,True,False,True,False,7,0,0,0,1,False,True,,,,,
1094303,6,9.83,13.0,0.0,1.0,59.0,0.0,13.0,39640,,23407,Major League Cricket 2025,1,1293,MI New York,1295,Washington Freedom,2025-07-14T05:54:33Z,3,False,3479,Saurabh Netravalkar,729,Quinton de Kock,3472,Monank Patel,346,143,Deep Cover,2,0,2,2,HalfVolley,OutsideOff,NotOut,None,DownTheTrack,Drive,NoMovement,Over,Fast,Left,Null,NotReferred,Null,False,False,False,False,True,False,144,True,False,True,False,True,False,2,0,0,0,0,False,False,,,,,
1094303,6,9.83,13.0,0.0,1.0,59.0,0.0,13.0,39640,,23407,Major League Cricket 2025,1,1293,MI New York,1295,Washington Freedom,2025-07-14T05:55:15Z,4,False,3479,Saurabh Netravalkar,729,Quinton de Kock,3472,Monank Patel,201,149,Deep Mid Wicket,1,0,1,1,LengthBall,OutsideOff,NotOut,MisTimed,FrontFoot,Slog,NoMovement,Over,Fast,Left,Null,NotReferred,Null,False,False,False,False,False,False,144,False,False,True,False,True,False,1,0,0,0,0,False,False,,,,,
1094303,6,9.83,13.0,0.0,1.0,59.0,0.0,13.0,39640,,23407,Major League Cricket 2025,1,1293,MI New York,1295,Washington Freedom,2025-07-14T05:55:58Z,5,False,3479,Saurabh Netravalkar,3472,Monank Patel,729,Quinton de Kock,342,109,Mid Wicket,0,0,0,0,BackOfALength,WideDownLeg,NotOut,MisTimed,BacksAway,Slog,NoMovement,Over,Fast,Left,Null,NotReferred,Null,False,False,False,False,False,False,144,False,False,True,False,True,False,0,0,0,0,0,False,False,,,,,
1094303,6,9.83,13.0,0.0,1.0,59.0,0.0,13.0,39640,,23407,Major League Cricket 2025,1,1293,MI New York,1295,Washington Freedom,2025-07-14T05:56:37Z,6,False,3479,Saurabh Netravalkar,3472,Monank Patel,729,Quinton de Kock,19,136,Deep Backward Square Leg,1,0,1,1,LengthBall,DownLeg,NotOut,None,FrontFoot,Worked,NoMovement,Over,Fast,Left,Null,NotReferred,Null,False,False,False,False,False,False,144,False,False,True,False,True,False,1,0,0,0,0,False,False,,,,,
1094306,7,10.29,14.0,0.0,1.0,72.0,0.0,14.0,39640,,23407,Major League Cricket 2025,1,1293,MI New York,1295,Washington Freedom,2025-07-14T06:00:06Z,1,False,3960,Mitchell Owen,3472,Monank Patel,729,Quinton de Kock,90,48,Wicketkeeper,1,1,1,0,HalfTracker,OutsideOff,NotOut,Left,SwayedAway,Leave,NoMovement,Over,Medium,Right,Null,NotReferred,Null,True,False,False,False,False,False,256,False,False,False,False,True,False,1,0,1,0,0,False,False,,,,,
1094306,7,10.29,14.0,0.0,1.0,72.0,0.0,14.0,39640,,23407,Major League Cricket 2025,1,1293,MI New York,1295,Washington Freedom,2025-07-14T06:00:40Z,1,False,3960,Mitchell Owen,3472,Monank Patel,729,Quinton de Kock,298,147,Long On,1,0,1,1,LengthBall,OutsideOff,NotOut,None,FrontFoot,Worked,SlowerBall,Over,Medium,Right,Null,NotReferred,Null,False,False,False,False,False,False,256,False,False,False,False,True,False,1,0,0,0,0,False,False,,,,,
1094306,7,10.29,14.0,0.0,1.0,72.0,0.0,14.0,39640,,23407,Major League Cricket 2025,1,1293,MI New York,1295,Washington Freedom,2025-07-14T06:01:14Z,2,False,3960,Mitchell Owen,729,Quinton de Kock,3472,Monank Patel,200,205,Deep Mid Wicket,4,0,4,4,BackOfALength,MiddleStump,NotOut,WellTimed,BackFoot,Pull,NoMovement,Over,Medium,Right,Null,NotReferred,Null,False,False,False,False,True,False,256,False,False,False,False,True,False,4,0,0,0,0,False,False,,,,,
1094306,7,10.29,14.0,0.0,1.0,72.0,0.0,14.0,39640,,23407,Major League Cricket 2025,1,1293,MI New York,1295,Washington Freedom,2025-07-14T06:01:59Z,3,False,3960,Mitchell Owen,729,Quinton de Kock,3472,Monank Patel,123,144,Fine Leg,1,0,1,1,LengthBall,DownLeg,NotOut,None,FrontFoot,Glance,NoMovement,Over,Medium,Right,Null,NotReferred,Null,False,False,False,False,False,False,256,False,False,False,False,True,False,1,0,0,0,0,False,False,,,,,
1094306,7,10.29,14.0,0.0,1.0,72.0,0.0,14.0,39640,,23407,Major League Cricket 2025,1,1293,MI New York,1295,Washington Freedom,2025-07-14T06:02:41Z,4,False,3960,Mitchell Owen,3472,Monank Patel,729,Quinton de Kock,295,211,Long On,6,0,6,6,LengthBall,OffStump,NotOut,WellTimed,DownTheTrack,Drive,NoMovement,Over,Medium,Right,Null,NotReferred,Null,False,False,False,False,True,False,256,False,False,False,False,True,False,6,0,0,0,0,False,False,,,,,
1094306,7,10.29,14.0,0.0,1.0,72.0,0.0,14.0,39640,,23407,Major League Cricket 2025,1,1293,MI New York,1295,Washington Freedom,2025-07-14T06:03:18Z,5,False,3960,Mitchell Owen,3472,Monank Patel,729,Quinton de Kock,90,48,Wicketkeeper,0,0,0,0,LengthBall,Wide,NotOut,BottomEdge,BackFoot,Cut,NoMovement,Over,Medium,Right,Null,NotReferred,Null,False,False,False,False,False,False,256,False,False,False,False,True,False,0,0,0,0,0,False,False,,,,,
1094306,7,10.29,14.0,0.0,1.0,72.0,0.0,14.0,39640,,23407,Major League Cricket 2025,1,1293,MI New York,1295,Washington Freedom,2025-07-14T06:03:50Z,7,False,3960,Mitchell Owen,3472,Monank Patel,729,Quinton de Kock,256,153,Long Off,1,0,1,1,LengthBall,OutsideOff,NotOut,MisTimed,FrontFoot,Flick,NoMovement,Over,Medium,Right,Null,NotReferred,Null,False,False,False,False,False,False,256,False,False,False,False,True,False,1,0,0,0,0,False,False,,,,,
1094309,8,10.25,10.0,1.0,0.0,82.0,1.0,10.0,39640,,23407,Major League Cricket 2025,1,1293,MI New York,1295,Washington Freedom,2025-07-14T06:04:51Z,1,True,65,Lockie Ferguson,3472,Monank Patel,729,Quinton de Kock,211,47,Short Extra Cover,0,0,0,0,LengthBall,Wide,NotOut,MisTimed,FrontFoot,Drive,SlowerBall,Over,Fast,Right,Out2ndUmpire,NotReferred,Null,False,False,False,False,False,False,144,False,False,False,False,True,False,0,0,0,0,0,False,False,2.0,Caught,3472.0,Monank Patel,Caught
1094309,8,10.25,10.0,1.0,0.0,82.0,1.0,10.0,39640,,23407,Major League Cricket 2025,1,1293,MI New York,1295,Washington Freedom,2025-07-14T06:06:44Z,2,False,65,Lockie Ferguson,13784,Tajinder Singh,729,Quinton de Kock,20,187,Deep Backward Square Leg,4,0,4,4,LengthBall,OffStump,NotOut,WellTimed,BackFoot,Flick,NoMovement,Over,Fast,Right,Null,NotReferred,Null,False,False,False,False,True,False,144,False,False,False,False,True,False,4,0,0,0,0,False,True,0.0,,,,
1094309,8,10.25,10.0,1.0,0.0,82.0,1.0,10.0,39640,,23407,Major League Cricket 2025,1,1293,MI New York,1295,Washington Freedom,2025-07-14T06:07:22Z,3,False,65,Lockie Ferguson,13784,Tajinder Singh,729,Quinton de Kock,245,227,Long Off,4,0,4,4,HalfVolley,OutsideOff,NotOut,WellTimed,FrontFoot,Drive,NoMovement,Over,Fast,Right,Null,NotReferred,Null,False,False,False,False,False,False,144,False,False,False,False,True,False,4,0,0,0,0,False,True,0.0,,,,
1094309,8,10.25,10.0,1.0,0.0,82.0,1.0,10.0,39640,,23407,Major League Cricket 2025,1,1293,MI New York,1295,Washington Freedom,2025-07-14T06:08:10Z,4,False,65,Lockie Ferguson,13784,Tajinder Singh,729,Quinton de Kock,167,144,Deep Backward Point,2,0,2,2,LengthBall,Wide,NotOut,None,BackFoot,Drive,LegCutter,Over,Fast,Right,Null,NotReferred,Null,False,False,False,False,True,False,144,False,False,False,False,True,False,2,0,0,0,0,False,False,0.0,,,,
1094309,8,10.25,10.0,1.0,0.0,82.0,1.0,10.0,39640,,23407,Major League Cricket 2025,1,1293,MI New York,1295,Washington Freedom,2025-07-14T06:08:48Z,5,False,65,Lockie Ferguson,13784,Tajinder Singh,729,Quinton de Kock,90,48,Wicketkeeper,0,0,0,0,LengthBall,OutsideOff,Caught,Missed,FrontFoot,Drive,SeamAway,Over,Fast,Right,NotOut2ndUmpire,NotReferred,Null,False,False,False,False,False,True,144,False,False,False,False,True,False,0,0,0,0,0,False,False,0.0,,,,
1094309,8,10.25,10.0,1.0,0.0,82.0,1.0,10.0,39640,,23407,Major League Cricket 2025,1,1293,MI New York,1295,Washington Freedom,2025-07-14T06:09:23Z,6,False,65,Lockie Ferguson,13784,Tajinder Singh,729,Quinton de Kock,90,48,Wicketkeeper,0,0,0,0,BackOfALength,Wide,NotOut,Missed,BackFoot,Drive,SeamAway,Over,Fast,Right,Null,NotReferred,Null,False,False,False,False,False,False,144,False,False,False,False,True,False,0,0,0,0,0,False,False,0.0,,,,
1094314,9,9.78,6.0,0.0,0.0,88.0,1.0,6.0,39640,,23407,Major League Cricket 2025,1,1293,MI New York,1295,Washington Freedom,2025-07-14T06:10:18Z,1,False,1692,Jack Edwards,729,Quinton de Kock,13784,Tajinder Singh,168,114,Backward Square Leg,1,0,1,1,LengthBall,DownLeg,NotOut,None,FrontFoot,Worked,OffCutter,Over,Fast,Right,Null,NotReferred,Null,False,False,False,False,False,False,256,False,False,False,False,True,False,1,0,0,0,0,False,False,0.0,,,,
1094314,9,9.78,6.0,0.0,0.0,88.0,1.0,6.0,39640,,23407,Major League Cricket 2025,1,1293,MI New York,1295,Washington Freedom,2025-07-14T06:11:14Z,2,False,1692,Jack Edwards,13784,Tajinder Singh,729,Quinton de Kock,207,62,Short Extra Cover,1,0,1,1,LengthBall,OutsideOff,NotOut,None,BackFoot,Dropped,NoMovement,Over,Fast,Right,Null,NotReferred,Null,False,False,False,False,False,False,256,False,False,False,False,True,False,1,0,0,0,0,False,False,0.0,,,,
1094314,9,9.78,6.0,0.0,0.0,88.0,1.0,6.0,39640,,23407,Major League Cricket 2025,1,1293,MI New York,1295,Washington Freedom,2025-07-14T06:12:32Z,3,False,1692,Jack Edwards,729,Quinton de Kock,13784,Tajinder Singh,201,148,Deep Mid Wicket,2,0,2,2,Short,DownLeg,NotOut,MisTimed,BackFoot,Pull,SlowerBall,Over,Fast,Right,Null,NotReferred,Null,False,False,False,False,False,False,256,False,False,False,False,True,False,2,0,0,0,0,False,False,0.0,,,,
1094314,9,9.78,6.0,0.0,0.0,88.0,1.0,6.0,39640,,23407,Major League Cricket 2025,1,1293,MI New York,1295,Washington Freedom,2025-07-14T06:13:09Z,4,False,1692,Jack Edwards,729,Quinton de Kock,13784,Tajinder Singh,25,83,Backward Point,1,0,1,1,LengthBall,DownLeg,NotOut,None,FrontFoot,Steer,NoMovement,Over,Fast,Right,Null,NotReferred,Null,False,False,False,False,False,False,256,False,False,False,False,True,False,1,0,0,0,0,False,False,0.0,,,,
1094314,9,9.78,6.0,0.0,0.0,88.0,1.0,6.0,39640,,23407,Major League Cricket 2025,1,1293,MI New York,1295,Washington Freedom,2025-07-14T06:13:25Z,5,False,1692,Jack Edwards,13784,Tajinder Singh,729,Quinton de Kock,90,48,Wicketkeeper,0,0,0,0,LengthBall,OutsideOff,NotOut,Missed,FrontFoot,Steer,SeamAway,Over,Fast,Right,Null,NotReferred,Null,False,False,False,False,False,False,256,False,False,False,False,True,False,0,0,0,0,0,False,False,0.0,,,,
1094314,9,9.78,6.0,0.0,0.0,88.0,1.0,6.0,39640,,23407,Major League Cricket 2025,1,1293,MI New York,1295,Washington Freedom,2025-07-14T06:13:51Z,6,False,1692,Jack Edwards,13784,Tajinder Singh,729,Quinton de Kock,346,146,Deep Mid Wicket,1,0,1,1,Short,OutsideOff,NotOut,MisTimed,DownTheTrack,Pull,NoMovement,Over,Fast,Right,Null,NotReferred,Null,False,False,False,False,False,False,256,False,False,False,False,True,False,1,0,0,0,0,False,False,0.0,,,,
1094316,10,9.2,4.0,1.0,0.0,92.0,2.0,4.0,39640,,23407,Major League Cricket 2025,1,1293,MI New York,1295,Washington Freedom,2025-07-14T06:15:07Z,1,False,499,Ian Holland,13784,Tajinder Singh,729,Quinton de Kock,303,144,Long On,1,0,1,1,LengthBall,OutsideOff,NotOut,None,FrontFoot,Worked,LegCutter,Over,Medium,Right,Null,NotReferred,Null,False,False,False,False,False,False,144,False,False,False,False,True,False,1,0,0,0,0,False,False,0.0,,,,
1094316,10,9.2,4.0,1.0,0.0,92.0,2.0,4.0,39640,,23407,Major League Cricket 2025,1,1293,MI New York,1295,Washington Freedom,2025-07-14T06:15:47Z,2,False,499,Ian Holland,729,Quinton de Kock,13784,Tajinder Singh,43,88,Short Third Man,1,0,1,1,LengthBall,OutsideOff,NotOut,None,BackFoot,Steer,SlowerBall,Over,Medium,Right,Null,NotReferred,Null,False,False,False,False,False,False,144,False,False,False,False,True,False,1,0,0,0,0,False,False,0.0,,,,
1094316,10,9.2,4.0,1.0,0.0,92.0,2.0,4.0,39640,,23407,Major League Cricket 2025,1,1293,MI New York,1295,Washington Freedom,2025-07-14T06:16:21Z,3,False,499,Ian Holland,13784,Tajinder Singh,729,Quinton de Kock,337,110,Mid Wicket,1,0,1,1,BackOfALength,OutsideOff,NotOut,None,BackFoot,Worked,LegCutter,Over,Medium,Right,Null,NotReferred,Null,False,False,False,False,False,False,144,False,False,False,False,True,False,1,0,0,0,0,False,False,0.0,,,,
1094316,10,9.2,4.0,1.0,0.0,92.0,2.0,4.0,39640,,23407,Major League Cricket 2025,1,1293,MI New York,1295,Washington Freedom,2025-07-14T06:16:52Z,4,False,499,Ian Holland,729,Quinton de Kock,13784,Tajinder Singh,206,153,Deep Mid Wicket,1,0,1,1,BackOfALength,LegStump,NotOut,None,BackFoot,Pull,LegCutter,Over,Medium,Right,Null,NotReferred,Null,False,False,False,False,True,False,144,False,False,False,False,True,False,1,0,0,0,0,False,False,0.0,,,,
1094316,10,9.2,4.0,1.0,0.0,92.0,2.0,4.0,39640,,23407,Major League Cricket 2025,1,1293,MI New York,1295,Washington Freedom,2025-07-14T06:17:22Z,5,True,499,Ian Holland,13784,Tajinder Singh,729,Quinton de Kock,135,87,Short Third Man,0,0,0,0,HalfVolley,Wide,NotOut,ThickEdge,FrontFoot,Drive,LegCutter,Over,Medium,Right,Out2ndUmpire,NotReferred,Null,False,False,False,False,False,False,144,False,False,False,False,True,False,0,0,0,0,0,False,False,2.0,Caught,13784.0,Tajinder Singh,Caught
1094316,10,9.2,4.0,1.0,0.0,92.0,2.0,4.0,39640,,23407,Major League Cricket 2025,1,1293,MI New York,1295,Washington Freedom,2025-07-14T06:19:15Z,6,False,499,Ian Holland,1846,Nicholas Pooran,729,Quinton de Kock,90,48,Wicketkeeper,0,0,0,0,LengthBall,OffStump,NotOut,Missed,FrontFoot,Steer,SlowerBall,Over,Medium,Right,Null,NotReferred,Null,False,False,False,False,False,False,144,False,False,False,False,True,False,0,0,0,0,0,False,False,0.0,,,,
1094320,11,9.55,13.0,0.0,1.0,105.0,2.0,13.0,39640,,23407,Major League Cricket 2025,1,1293,MI New York,1295,Washington Freedom,2025-07-14T06:20:11Z,1,False,3960,Mitchell Owen,729,Quinton de Kock,1846,Nicholas Pooran,205,150,Deep Mid Wicket,2,0,2,2,BackOfALength,LegStump,NotOut,None,BackFoot,Pull,NoMovement,Over,Medium,Right,Null,NotReferred,Null,False,False,False,False,True,False,256,False,False,False,False,True,False,2,0,0,0,0,False,False,0.0,,,,
1094320,11,9.55,13.0,0.0,1.0,105.0,2.0,13.0,39640,,23407,Major League Cricket 2025,1,1293,MI New York,1295,Washington Freedom,2025-07-14T06:21:31Z,2,False,3960,Mitchell Owen,729,Quinton de Kock,1846,Nicholas Pooran,18,198,Deep Backward Point,4,0,4,4,BackOfALength,OffStump,NotOut,WellTimed,BackFoot,Cut,NoMovement,Over,Medium,Right,Null,NotReferred,Null,False,False,False,False,True,False,256,False,False,False,False,True,False,4,0,0,0,0,False,False,0.0,,,,
1094320,11,9.55,13.0,0.0,1.0,105.0,2.0,13.0,39640,,23407,Major League Cricket 2025,1,1293,MI New York,1295,Washington Freedom,2025-07-14T06:20:59Z,2,False,3960,Mitchell Owen,729,Quinton de Kock,1846,Nicholas Pooran,90,48,Wicketkeeper,1,1,1,0,LengthBall,DownLeg,NotOut,Left,FrontFoot,Leave,NoMovement,Over,Medium,Right,Null,NotReferred,Null,True,False,False,False,False,False,256,False,False,False,False,True,False,1,0,1,0,0,False,False,0.0,,,,
1094320,11,9.55,13.0,0.0,1.0,105.0,2.0,13.0,39640,,23407,Major League Cricket 2025,1,1293,MI New York,1295,Washington Freedom,2025-07-14T06:22:05Z,3,False,3960,Mitchell Owen,729,Quinton de Kock,1846,Nicholas Pooran,175,140,Deep Square Leg,1,0,1,1,BackOfALength,DownLeg,NotOut,MisTimed,BackFoot,Pull,NoMovement,Over,Medium,Right,Null,NotReferred,Null,False,False,False,False,False,False,256,False,False,False,False,True,False,1,0,0,0,0,False,False,0.0,,,,
1094320,11,9.55,13.0,0.0,1.0,105.0,2.0,13.0,39640,,23407,Major League Cricket 2025,1,1293,MI New York,1295,Washington Freedom,2025-07-14T06:22:49Z,4,False,3960,Mitchell Owen,1846,Nicholas Pooran,729,Quinton de Kock,323,38,Short Extra Cover,0,0,0,0,LengthBall,OffStump,NotOut,None,FrontFoot,Drive,NoMovement,Over,Medium,Right,Null,NotReferred,Null,False,False,False,False,False,False,256,False,False,False,False,True,False,0,0,0,0,0,False,False,0.0,,,,
1094320,11,9.55,13.0,0.0,1.0,105.0,2.0,13.0,39640,,23407,Major League Cricket 2025,1,1293,MI New York,1295,Washington Freedom,2025-07-14T06:23:15Z,5,False,3960,Mitchell Owen,1846,Nicholas Pooran,729,Quinton de Kock,183,141,Deep Square Leg,1,0,1,1,BackOfALength,DownLeg,NotOut,None,BackFoot,Pull,NoMovement,Over,Medium,Right,Null,NotReferred,Null,False,False,False,False,True,False,256,False,False,False,False,True,False,1,0,0,0,0,False,False,0.0,,,,
1094320,11,9.55,13.0,0.0,1.0,105.0,2.0,13.0,39640,,23407,Major League Cricket 2025,1,1293,MI New York,1295,Washington Freedom,2025-07-14T06:24:09Z,6,False,3960,Mitchell Owen,729,Quinton de Kock,1846,Nicholas Pooran,18,193,Deep Backward Point,4,0,4,4,BackOfALength,LegStump,NotOut,WellTimed,BackFoot,Cut,NoMovement,Over,Medium,Right,Null,NotReferred,Null,False,False,False,False,True,False,256,False,False,False,False,True,False,4,0,0,0,0,False,False,0.0,,,,
1094322,12,9.5,9.0,0.0,0.0,114.0,2.0,9.0,39640,,23407,Major League Cricket 2025,1,1293,MI New York,1295,Washington Freedom,2025-07-14T06:25:03Z,1,False,591,Glenn Maxwell,1846,Nicholas Pooran,729,Quinton de Kock,350,91,Cover,1,0,1,1,LengthBall,OutsideOff,NotOut,None,FrontFoot,Pushed,OffBreak,Round,OffSpin,Right,Null,NotReferred,Null,False,False,False,False,False,False,144,False,False,False,False,True,False,1,0,0,0,0,False,False,0.0,,,,
1094322,12,9.5,9.0,0.0,0.0,114.0,2.0,9.0,39640,,23407,Major League Cricket 2025,1,1293,MI New York,1295,Washington Freedom,2025-07-14T06:25:40Z,2,False,591,Glenn Maxwell,729,Quinton de Kock,1846,Nicholas Pooran,203,148,Deep Mid Wicket,1,0,1,1,HalfVolley,OffStump,NotOut,None,FrontFoot,Worked,OffBreak,Round,OffSpin,Right,Null,NotReferred,Null,False,False,False,False,False,False,144,False,False,False,False,True,False,1,0,0,0,0,False,False,0.0,,,,
1094322,12,9.5,9.0,0.0,0.0,114.0,2.0,9.0,39640,,23407,Major League Cricket 2025,1,1293,MI New York,1295,Washington Freedom,2025-07-14T06:26:04Z,3,False,591,Glenn Maxwell,1846,Nicholas Pooran,729,Quinton de Kock,204,151,Deep Mid Wicket,1,0,1,1,LengthBall,OffStump,NotOut,None,BackFoot,Worked,OffBreak,Round,OffSpin,Right,Null,NotReferred,Null,False,False,False,False,False,False,144,False,False,False,False,True,False,1,0,0,0,0,False,False,0.0,,,,
1094322,12,9.5,9.0,0.0,0.0,114.0,2.0,9.0,39640,,23407,Major League Cricket 2025,1,1293,MI New York,1295,Washington Freedom,2025-07-14T06:26:34Z,4,False,591,Glenn Maxwell,729,Quinton de Kock,1846,Nicholas Pooran,326,47,Short Extra Cover,0,0,0,0,LengthBall,OutsideOff,NotOut,None,FrontFoot,ForwardDefensive,OffBreak,Round,OffSpin,Right,Null,NotReferred,Null,False,False,False,False,False,False,144,False,False,False,False,True,False,0,0,0,0,0,False,False,0.0,,,,
1094322,12,9.5,9.0,0.0,0.0,114.0,2.0,9.0,39640,,23407,Major League Cricket 2025,1,1293,MI New York,1295,Washington Freedom,2025-07-14T06:26:57Z,5,False,591,Glenn Maxwell,729,Quinton de Kock,1846,Nicholas Pooran,17,14,Silly Point,0,0,0,0,LengthBall,OutsideOff,NotOut,None,FrontFoot,ForwardDefensive,OffBreak,Round,OffSpin,Right,Null,NotReferred,Null,False,False,False,False,False,False,144,False,False,False,False,True,False,0,0,0,0,0,False,False,0.0,,,,
1094322,12,9.5,9.0,0.0,0.0,114.0,2.0,9.0,39640,,23407,Major League Cricket 2025,1,1293,MI New York,1295,Washington Freedom,2025-07-14T06:27:15Z,6,False,591,Glenn Maxwell,729,Quinton de Kock,1846,Nicholas Pooran,202,203,Deep Mid Wicket,6,0,6,6,LengthBall,OffStump,NotOut,WellTimed,FrontFoot,Slog,OffBreak,Round,OffSpin,Right,Null,NotReferred,Null,False,False,False,False,True,False,144,False,False,False,False,True,False,6,0,0,0,0,False,True,0.0,,,,
1094326,13,9.08,3.0,0.0,1.0,118.0,2.0,4.0,39640,,23407,Major League Cricket 2025,1,1293,MI New York,1295,Washington Freedom,2025-07-14T06:28:21Z,1,False,65,Lockie Ferguson,1846,Nicholas Pooran,729,Quinton de Kock,270,40,Bowler,0,0,0,0,LengthBall,LegStump,NotOut,MisTimed,FrontFoot,Drive,NoMovement,Over,Fast,Right,Null,NotReferred,Null,False,False,False,False,False,False,256,False,False,False,False,True,False,0,0,0,0,0,False,False,0.0,,,,
1094326,13,9.08,3.0,0.0,1.0,118.0,2.0,4.0,39640,,23407,Major League Cricket 2025,1,1293,MI New York,1295,Washington Freedom,2025-07-14T06:29:09Z,2,False,65,Lockie Ferguson,1846,Nicholas Pooran,729,Quinton de Kock,330,46,Short Extra Cover,0,0,0,0,LengthBall,DownLeg,NotOut,MisTimed,FrontFoot,Pushed,SlowerBall,Over,Fast,Right,Null,NotReferred,Null,False,False,False,False,False,False,256,False,False,False,False,True,False,0,0,0,0,0,False,False,0.0,,,,
1094326,13,9.08,3.0,0.0,1.0,118.0,2.0,4.0,39640,,23407,Major League Cricket 2025,1,1293,MI New York,1295,Washington Freedom,2025-07-14T06:29:41Z,3,False,65,Lockie Ferguson,1846,Nicholas Pooran,729,Quinton de Kock,165,100,Backward Square Leg,1,0,1,1,BackOfALength,LegStump,NotOut,BottomEdge,BackFoot,Pull,LegCutter,Over,Fast,Right,Null,NotReferred,Null,False,False,False,False,False,False,256,False,False,False,False,True,False,1,0,0,0,0,False,False,0.0,,,,
1094326,13,9.08,3.0,0.0,1.0,118.0,2.0,4.0,39640,,23407,Major League Cricket 2025,1,1293,MI New York,1295,Washington Freedom,2025-07-14T06:30:22Z,4,False,65,Lockie Ferguson,729,Quinton de Kock,1846,Nicholas Pooran,53,143,Third Man,0,1,1,0,LengthBall,DownLeg,Lbw,HitPad,FrontFoot,Slog,NoMovement,Over,Fast,Right,NotOut1stUmpire,NotReferred,Null,False,False,False,True,False,True,256,False,False,False,False,True,False,1,0,0,1,0,False,False,0.0,,,,
1094326,13,9.08,3.0,0.0,1.0,118.0,2.0,4.0,39640,,23407,Major League Cricket 2025,1,1293,MI New York,1295,Washington Freedom,2025-07-14T06:31:12Z,5,False,65,Lockie Ferguson,1846,Nicholas Pooran,729,Quinton de Kock,358,133,Deep Point,1,0,1,1,HalfVolley,OutsideOff,NotOut,None,FrontFoot,Worked,NoMovement,Over,Fast,Right,Null,NotReferred,Null,False,False,False,False,False,False,256,False,False,False,False,True,False,1,0,0,0,0,False,False,0.0,,,,
1094326,13,9.08,3.0,0.0,1.0,118.0,2.0,4.0,39640,,23407,Major League Cricket 2025,1,1293,MI New York,1295,Washington Freedom,2025-07-14T06:31:41Z,6,False,65,Lockie Ferguson,729,Quinton de Kock,1846,Nicholas Pooran,183,102,Square Leg,1,0,1,1,LengthBall,DownLeg,NotOut,None,FrontFoot,Worked,SlowerBall,Over,Fast,Right,Null,NotReferred,Null,False,False,False,False,False,False,256,False,False,False,False,True,False,1,0,0,0,0,False,False,0.0,,,,
1094329,14,9.14,10.0,0.0,0.0,128.0,2.0,10.0,39640,,23407,Major League Cricket 2025,1,1293,MI New York,1295,Washington Freedom,2025-07-14T06:32:42Z,1,False,499,Ian Holland,729,Quinton de Kock,1846,Nicholas Pooran,19,137,Deep Backward Point,1,0,1,1,LengthBall,OutsideOff,NotOut,None,BackFoot,Cut,SlowerBall,Over,Medium,Right,Null,NotReferred,Null,False,False,False,False,False,False,144,False,False,False,False,True,False,1,0,0,0,0,False,False,0.0,,,,
1094329,14,9.14,10.0,0.0,0.0,128.0,2.0,10.0,39640,,23407,Major League Cricket 2025,1,1293,MI New York,1295,Washington Freedom,2025-07-14T06:33:22Z,2,False,499,Ian Holland,1846,Nicholas Pooran,729,Quinton de Kock,354,143,Deep Point,1,0,1,1,LengthBall,OutsideOff,NotOut,MisTimed,BackFoot,Cut,SlowerBall,Over,Medium,Right,Null,NotReferred,Null,False,False,False,False,False,False,144,False,False,False,False,True,False,1,0,0,0,0,False,False,0.0,,,,
1094329,14,9.14,10.0,0.0,0.0,128.0,2.0,10.0,39640,,23407,Major League Cricket 2025,1,1293,MI New York,1295,Washington Freedom,2025-07-14T06:33:48Z,3,False,499,Ian Holland,729,Quinton de Kock,1846,Nicholas Pooran,298,147,Long Off,1,0,1,1,LengthBall,OutsideOff,NotOut,MisTimed,BackFoot,Slog,SlowerBall,Over,Medium,Right,Null,NotReferred,Null,False,False,False,False,False,False,144,False,False,False,False,True,False,1,0,0,0,0,False,False,0.0,,,,
1094329,14,9.14,10.0,0.0,0.0,128.0,2.0,10.0,39640,,23407,Major League Cricket 2025,1,1293,MI New York,1295,Washington Freedom,2025-07-14T06:34:14Z,4,False,499,Ian Holland,1846,Nicholas Pooran,729,Quinton de Kock,327,212,Deep Extra Cover,4,0,4,4,LengthBall,OutsideOff,NotOut,WellTimed,FrontFoot,Cut,SlowerBall,Over,Medium,Right,Null,NotReferred,Null,False,False,False,False,True,False,144,False,False,False,False,True,False,4,0,0,0,0,False,True,0.0,,,,
1094329,14,9.14,10.0,0.0,0.0,128.0,2.0,10.0,39640,,23407,Major League Cricket 2025,1,1293,MI New York,1295,Washington Freedom,2025-07-14T06:34:52Z,5,False,499,Ian Holland,1846,Nicholas Pooran,729,Quinton de Kock,249,145,Long On,1,0,1,1,LengthBall,DownLeg,NotOut,WellTimed,FrontFoot,Slog,SlowerBall,Over,Medium,Right,Null,NotReferred,Null,False,False,False,False,True,False,144,False,False,False,False,True,False,1,0,0,0,0,False,False,0.0,,,,
1094329,14,9.14,10.0,0.0,0.0,128.0,2.0,10.0,39640,,23407,Major League Cricket 2025,1,1293,MI New York,1295,Washington Freedom,2025-07-14T06:35:29Z,6,False,499,Ian Holland,729,Quinton de Kock,1846,Nicholas Pooran,341,146,Deep Cover,2,0,2,2,HalfVolley,OutsideOff,NotOut,None,FrontFoot,Drive,NoMovement,Over,Medium,Right,Null,NotReferred,Null,False,False,False,False,False,False,144,False,False,False,False,True,False,2,0,0,0,0,False,False,0.0,,,,
1094330,15,9.67,17.0,0.0,1.0,145.0,2.0,17.0,39640,,23407,Major League Cricket 2025,1,1293,MI New York,1295,Washington Freedom,2025-07-14T06:36:32Z,1,False,1692,Jack Edwards,1846,Nicholas Pooran,729,Quinton de Kock,163,198,Deep Backward Square Leg,6,0,6,6,LengthBall,DownLeg,NotOut,Middled,FrontFoot,Slog,OffCutter,Over,Fast,Right,Null,NotReferred,Null,False,False,False,False,True,False,256,False,False,False,False,True,False,6,0,0,0,0,False,True,0.0,,,,
1094330,15,9.67,17.0,0.0,1.0,145.0,2.0,17.0,39640,,23407,Major League Cricket 2025,1,1293,MI New York,1295,Washington Freedom,2025-07-14T06:37:49Z,2,False,1692,Jack Edwards,1846,Nicholas Pooran,729,Quinton de Kock,203,145,Deep Mid Wicket,2,0,2,2,HalfVolley,DownLeg,NotOut,WellTimed,FrontFoot,Slog,NoMovement,Over,Fast,Right,Null,NotReferred,Null,False,False,False,False,True,False,256,False,False,False,False,True,False,2,0,0,0,0,False,False,0.0,,,,
1094330,15,9.67,17.0,0.0,1.0,145.0,2.0,17.0,39640,,23407,Major League Cricket 2025,1,1293,MI New York,1295,Washington Freedom,2025-07-14T06:37:13Z,2,False,1692,Jack Edwards,1846,Nicholas Pooran,729,Quinton de Kock,90,48,Wicketkeeper,1,1,1,0,HalfTracker,DownLeg,NotOut,Left,BackFoot,Leave,OffCutter,Over,Fast,Right,Null,NotReferred,Null,True,False,False,False,False,False,256,False,False,False,False,True,False,1,0,1,0,0,False,False,0.0,,,,
1094330,15,9.67,17.0,0.0,1.0,145.0,2.0,17.0,39640,,23407,Major League Cricket 2025,1,1293,MI New York,1295,Washington Freedom,2025-07-14T06:38:26Z,3,False,1692,Jack Edwards,1846,Nicholas Pooran,729,Quinton de Kock,242,149,Long On,1,0,1,1,LengthBall,DownLeg,NotOut,MisTimed,FrontFoot,Slog,SlowerBall,Over,Fast,Right,Null,NotReferred,Null,False,False,False,False,False,False,256,False,False,False,False,True,False,1,0,0,0,0,False,False,0.0,,,,
1094330,15,9.67,17.0,0.0,1.0,145.0,2.0,17.0,39640,,23407,Major League Cricket 2025,1,1293,MI New York,1295,Washington Freedom,2025-07-14T06:39:04Z,4,False,1692,Jack Edwards,729,Quinton de Kock,1846,Nicholas Pooran,119,186,Fine Leg,4,0,4,4,HalfVolley,LegStump,NotOut,BottomEdge,FrontFoot,Sweep,ReverseSwingOut,Over,Fast,Right,Null,NotReferred,Null,False,False,False,False,False,False,256,False,False,False,False,True,False,4,0,0,0,0,False,False,0.0,,,,
1094330,15,9.67,17.0,0.0,1.0,145.0,2.0,17.0,39640,,23407,Major League Cricket 2025,1,1293,MI New York,1295,Washington Freedom,2025-07-14T06:39:42Z,5,False,1692,Jack Edwards,729,Quinton de Kock,1846,Nicholas Pooran,209,146,Deep Mid Wicket,2,0,2,2,FullToss,LegStump,NotOut,None,BackFoot,Slog,ReverseSwingOut,Over,Fast,Right,Null,NotReferred,Null,False,False,False,False,True,False,256,False,False,False,False,True,False,2,0,0,0,0,False,False,0.0,,,,
1094330,15,9.67,17.0,0.0,1.0,145.0,2.0,17.0,39640,,23407,Major League Cricket 2025,1,1293,MI New York,1295,Washington Freedom,2025-07-14T06:40:32Z,6,False,1692,Jack Edwards,729,Quinton de Kock,1846,Nicholas Pooran,4,79,Point,1,0,1,1,LengthBall,DownLeg,NotOut,Gloved,MovesInfront,Pull,SlowerBall,Over,Fast,Right,Null,NotReferred,Null,False,False,False,False,False,False,256,False,False,False,False,True,False,1,0,0,0,0,False,False,0.0,,,,
1094333,16,9.25,3.0,1.0,0.0,148.0,3.0,3.0,39640,,23407,Major League Cricket 2025,1,1293,MI New York,1295,Washington Freedom,2025-07-14T06:41:48Z,1,False,3479,Saurabh Netravalkar,729,Quinton de Kock,1846,Nicholas Pooran,339,147,Deep Cover,1,0,1,1,BackOfALength,Wide,NotOut,None,BackFoot,Cut,OffCutter,Over,Fast,Left,Null,NotReferred,Null,False,False,False,False,True,False,144,False,False,False,False,True,False,1,0,0,0,0,False,False,0.0,,,,
1094333,16,9.25,3.0,1.0,0.0,148.0,3.0,3.0,39640,,23407,Major League Cricket 2025,1,1293,MI New York,1295,Washington Freedom,2025-07-14T06:42:31Z,2,False,3479,Saurabh Netravalkar,1846,Nicholas Pooran,729,Quinton de Kock,319,147,Deep Extra Cover,1,0,1,1,LengthBall,Wide,NotOut,None,FrontFoot,Drive,OffCutter,Over,Fast,Left,Null,NotReferred,Null,False,False,False,False,False,False,144,False,False,False,False,True,False,1,0,0,0,0,False,False,0.0,,,,
1094333,16,9.25,3.0,1.0,0.0,148.0,3.0,3.0,39640,,23407,Major League Cricket 2025,1,1293,MI New York,1295,Washington Freedom,2025-07-14T06:43:02Z,3,False,3479,Saurabh Netravalkar,729,Quinton de Kock,1846,Nicholas Pooran,20,89,Backward Point,1,0,1,1,HalfVolley,OutsideOff,NotOut,None,FrontFoot,ReverseSweep,NoMovement,Over,Fast,Left,Null,NotReferred,Null,False,False,False,False,False,False,144,False,False,False,False,True,False,1,0,0,0,0,False,False,0.0,,,,
1094333,16,9.25,3.0,1.0,0.0,148.0,3.0,3.0,39640,,23407,Major League Cricket 2025,1,1293,MI New York,1295,Washington Freedom,2025-07-14T06:43:45Z,4,True,3479,Saurabh Netravalkar,1846,Nicholas Pooran,729,Quinton de Kock,23,93,Backward Point,0,0,0,0,LengthBall,Wide,NotOut,ThickEdge,FrontFoot,Slog,OffCutter,Over,Fast,Left,Out2ndUmpire,NotReferred,Null,False,False,False,False,False,False,144,False,False,False,False,True,False,0,0,0,0,0,False,False,2.0,Caught,1846.0,Nicholas Pooran,Caught
1094333,16,9.25,3.0,1.0,0.0,148.0,3.0,3.0,39640,,23407,Major League Cricket 2025,1,1293,MI New York,1295,Washington Freedom,2025-07-14T06:47:29Z,5,False,3479,Saurabh Netravalkar,1704,Kieron Pollard,729,Quinton de Kock,90,48,Wicketkeeper,0,0,0,0,Short,DownLeg,NotOut,Left,DownTheTrack,Leave,NoMovement,Over,Fast,Left,Null,NotReferred,Null,False,False,False,False,False,False,144,False,False,False,False,True,False,0,0,0,0,0,False,False,0.0,,,,
1094333,16,9.25,3.0,1.0,0.0,148.0,3.0,3.0,39640,,23407,Major League Cricket 2025,1,1293,MI New York,1295,Washington Freedom,2025-07-14T06:48:12Z,6,False,3479,Saurabh Netravalkar,1704,Kieron Pollard,729,Quinton de Kock,90,48,Wicketkeeper,0,0,0,0,Short,DownLeg,NotOut,Left,Ducked,Leave,NoMovement,Over,Fast,Left,Null,NotReferred,Null,False,False,False,False,False,False,144,False,False,False,False,True,False,0,0,0,0,0,False,False,0.0,,,,
1094337,17,8.94,4.0,2.0,0.0,152.0,5.0,4.0,39640,,23407,Major League Cricket 2025,1,1293,MI New York,1295,Washington Freedom,2025-07-14T06:49:09Z,1,True,65,Lockie Ferguson,729,Quinton de Kock,1704,Kieron Pollard,202,95,Mid Wicket,0,0,0,0,LengthBall,DownLeg,NotOut,MisTimed,FrontFoot,Slog,NoMovement,Over,Fast,Right,Out1stUmpire,NotReferred,Null,False,False,False,False,False,False,256,False,False,False,False,True,False,0,0,0,0,0,False,False,2.0,Caught,729.0,Quinton de Kock,Caught
1094337,17,8.94,4.0,2.0,0.0,152.0,5.0,4.0,39640,,23407,Major League Cricket 2025,1,1293,MI New York,1295,Washington Freedom,2025-07-14T06:50:42Z,2,False,65,Lockie Ferguson,3693,Michael Bracewell,1704,Kieron Pollard,1,61,Point,1,0,1,1,LengthBall,LegStump,NotOut,None,FrontFoot,Drive,NoMovement,Over,Fast,Right,Null,NotReferred,Null,False,False,False,False,False,False,256,False,False,False,False,True,False,1,0,0,0,0,False,False,0.0,,,,
1094337,17,8.94,4.0,2.0,0.0,152.0,5.0,4.0,39640,,23407,Major League Cricket 2025,1,1293,MI New York,1295,Washington Freedom,2025-07-14T06:51:31Z,3,True,65,Lockie Ferguson,1704,Kieron Pollard,3693,Michael Bracewell,90,48,Wicketkeeper,0,0,0,0,BackOfALength,OutsideOff,NotOut,Gloved,DownTheTrack,Worked,NoMovement,Over,Fast,Right,Out1stUmpire,NotReferred,Null,False,False,False,False,False,False,256,False,False,False,False,True,False,0,0,0,0,0,False,False,2.0,Caught,1704.0,Kieron Pollard,Caught
1094337,17,8.94,4.0,2.0,0.0,152.0,5.0,4.0,39640,,23407,Major League Cricket 2025,1,1293,MI New York,1295,Washington Freedom,2025-07-14T06:53:06Z,4,False,65,Lockie Ferguson,16406,Kunwarjeet Singh,3693,Michael Bracewell,322,150,Deep Extra Cover,1,0,1,1,LengthBall,OutsideOff,NotOut,None,FrontFoot,Drive,NoMovement,Round,Fast,Right,Null,NotReferred,Null,False,False,False,False,False,False,256,False,False,False,False,True,False,1,0,0,0,0,False,False,0.0,,,,
1094337,17,8.94,4.0,2.0,0.0,152.0,5.0,4.0,39640,,23407,Major League Cricket 2025,1,1293,MI New York,1295,Washington Freedom,2025-07-14T06:53:48Z,5,False,65,Lockie Ferguson,3693,Michael Bracewell,16406,Kunwarjeet Singh,244,84,Mid On,1,0,1,1,HalfVolley,OutsideOff,NotOut,None,FrontFoot,Drive,NoMovement,Round,Fast,Right,Null,NotReferred,Null,False,False,False,False,False,False,256,False,False,False,False,True,False,1,0,0,0,0,False,False,0.0,,,,
1094337,17,8.94,4.0,2.0,0.0,152.0,5.0,4.0,39640,,23407,Major League Cricket 2025,1,1293,MI New York,1295,Washington Freedom,2025-07-14T06:54:19Z,6,False,65,Lockie Ferguson,16406,Kunwarjeet Singh,3693,Michael Bracewell,1,72,Point,1,0,1,1,LengthBall,OutsideOff,NotOut,None,BackFoot,Dropped,NoMovement,Round,Fast,Right,Null,NotReferred,Null,False,False,False,False,False,False,256,False,False,False,False,True,False,1,0,0,0,0,False,False,0.0,,,,
1094341,18,9.11,12.0,1.0,0.0,164.0,6.0,12.0,39640,,23407,Major League Cricket 2025,1,1293,MI New York,1295,Washington Freedom,2025-07-14T06:55:29Z,1,False,591,Glenn Maxwell,16406,Kunwarjeet Singh,3693,Michael Bracewell,203,153,Deep Mid Wicket,2,0,2,2,LengthBall,OutsideOff,NotOut,None,BackFoot,Worked,OffBreak,Round,OffSpin,Right,Null,NotReferred,Null,False,False,False,False,True,False,144,False,False,False,False,True,False,2,0,0,0,0,False,False,0.0,,,,
1094341,18,9.11,12.0,1.0,0.0,164.0,6.0,12.0,39640,,23407,Major League Cricket 2025,1,1293,MI New York,1295,Washington Freedom,2025-07-14T06:56:02Z,2,False,591,Glenn Maxwell,16406,Kunwarjeet Singh,3693,Michael Bracewell,207,214,Deep Mid Wicket,6,0,6,6,LengthBall,OffStump,NotOut,Middled,FrontFoot,SlogSweep,OffBreak,Round,OffSpin,Right,Null,NotReferred,Null,False,False,False,False,True,False,144,False,False,False,False,True,False,6,0,0,0,0,False,True,0.0,,,,
1094341,18,9.11,12.0,1.0,0.0,164.0,6.0,12.0,39640,,23407,Major League Cricket 2025,1,1293,MI New York,1295,Washington Freedom,2025-07-14T06:56:38Z,3,False,591,Glenn Maxwell,16406,Kunwarjeet Singh,3693,Michael Bracewell,356,140,Deep Point,1,0,1,1,LengthBall,OutsideOff,NotOut,None,FrontFoot,Drive,OffBreak,Round,OffSpin,Right,Null,NotReferred,Null,False,False,False,False,False,False,144,False,False,False,False,True,False,1,0,0,0,0,False,False,0.0,,,,
1094341,18,9.11,12.0,1.0,0.0,164.0,6.0,12.0,39640,,23407,Major League Cricket 2025,1,1293,MI New York,1295,Washington Freedom,2025-07-14T06:57:06Z,4,False,591,Glenn Maxwell,3693,Michael Bracewell,16406,Kunwarjeet Singh,324,144,Deep Extra Cover,2,0,2,2,LengthBall,OutsideOff,NotOut,MisTimed,FrontFoot,Drive,OffBreak,Round,OffSpin,Right,Null,NotReferred,Null,False,False,False,False,False,False,144,False,False,False,False,True,False,2,0,0,0,0,False,False,0.0,,,,
1094341,18,9.11,12.0,1.0,0.0,164.0,6.0,12.0,39640,,23407,Major League Cricket 2025,1,1293,MI New York,1295,Washington Freedom,2025-07-14T06:57:31Z,5,True,591,Glenn Maxwell,3693,Michael Bracewell,16406,Kunwarjeet Singh,0,0,,0,0,0,0,Yorker,OffStump,NotOut,Missed,FrontFoot,Steer,OffBreak,Round,OffSpin,Right,Out2ndUmpire,NotReferred,Null,False,False,False,False,False,False,144,False,False,False,False,True,False,0,0,0,0,0,False,False,0.0,Bowled,3693.0,Michael Bracewell,Bowled
1094341,18,9.11,12.0,1.0,0.0,164.0,6.0,12.0,39640,,23407,Major League Cricket 2025,1,1293,MI New York,1295,Washington Freedom,2025-07-14T06:58:57Z,6,False,591,Glenn Maxwell,14286,Tristan Luus,16406,Kunwarjeet Singh,340,152,Deep Mid Wicket,1,0,1,1,LengthBall,DownLeg,NotOut,MisTimed,DownTheTrack,Drive,OffBreak,Round,OffSpin,Right,Null,NotReferred,Null,False,False,False,False,False,False,144,False,False,False,False,True,False,1,0,0,0,0,False,False,0.0,,,,
1094346,19,8.84,4.0,1.0,0.0,168.0,7.0,4.0,39640,,23407,Major League Cricket 2025,1,1293,MI New York,1295,Washington Freedom,2025-07-14T07:00:12Z,1,False,1692,Jack Edwards,14286,Tristan Luus,16406,Kunwarjeet Singh,344,145,Deep Mid Wicket,1,0,1,1,LengthBall,OutsideOff,NotOut,MisTimed,FrontFoot,Slog,OffCutter,Round,Fast,Right,Null,NotReferred,Null,False,False,False,False,False,False,256,False,False,False,False,True,False,1,0,0,0,0,False,False,,,,,
1094346,19,8.84,4.0,1.0,0.0,168.0,7.0,4.0,39640,,23407,Major League Cricket 2025,1,1293,MI New York,1295,Washington Freedom,2025-07-14T07:00:58Z,2,False,1692,Jack Edwards,16406,Kunwarjeet Singh,14286,Tristan Luus,90,48,Wicketkeeper,0,0,0,0,Short,DownLeg,NotOut,Missed,BackFoot,Pull,SlowerBall,Over,Fast,Right,Null,NotReferred,Null,False,False,False,False,False,False,256,False,False,False,False,True,False,0,0,0,0,0,False,False,,,,,
1094346,19,8.84,4.0,1.0,0.0,168.0,7.0,4.0,39640,,23407,Major League Cricket 2025,1,1293,MI New York,1295,Washington Freedom,2025-07-14T07:01:34Z,3,False,1692,Jack Edwards,16406,Kunwarjeet Singh,14286,Tristan Luus,165,128,Deep Backward Square Leg,1,0,1,1,LengthBall,DownLeg,NotOut,None,FrontFoot,Worked,NoMovement,Over,Fast,Right,Null,NotReferred,Null,False,False,False,False,False,False,256,False,False,False,False,True,False,1,0,0,0,0,False,False,,,,,
1094346,19,8.84,4.0,1.0,0.0,168.0,7.0,4.0,39640,,23407,Major League Cricket 2025,1,1293,MI New York,1295,Washington Freedom,2025-07-14T07:02:10Z,4,True,1692,Jack Edwards,14286,Tristan Luus,16406,Kunwarjeet Singh,210,95,Extra Cover,0,0,0,0,HalfVolley,Wide,NotOut,MisTimed,FrontFoot,Drive,NoMovement,Over,Fast,Right,Out1stUmpire,NotReferred,Null,False,False,False,False,False,False,256,False,False,False,False,True,False,0,0,0,0,0,False,False,,Caught,14286.0,Tristan Luus,Caught
1094346,19,8.84,4.0,1.0,0.0,168.0,7.0,4.0,39640,,23407,Major League Cricket 2025,1,1293,MI New York,1295,Washington Freedom,2025-07-14T07:03:34Z,5,False,1692,Jack Edwards,1164,Trent Boult,16406,Kunwarjeet Singh,133,98,Short Third Man,1,0,1,1,Short,Wide,NotOut,BottomEdge,BackFoot,Cut,SlowerBall,Over,Fast,Right,Null,NotReferred,Null,False,False,False,False,False,False,256,False,False,False,False,True,False,1,0,0,0,0,False,False,,,,,
1094346,19,8.84,4.0,1.0,0.0,168.0,7.0,4.0,39640,,23407,Major League Cricket 2025,1,1293,MI New York,1295,Washington Freedom,2025-07-14T07:04:21Z,6,False,1692,Jack Edwards,16406,Kunwarjeet Singh,1164,Trent Boult,205,150,Deep Mid Wicket,1,0,1,1,BackOfALength,LegStump,NotOut,None,BackFoot,Pull,NoMovement,Over,Fast,Right,Null,NotReferred,Null,False,False,False,False,True,False,256,False,False,False,False,True,False,1,0,0,0,0,False,False,,,,,
1094350,20,9.0,12.0,0.0,3.0,180.0,7.0,12.0,39640,,23407,Major League Cricket 2025,1,1293,MI New York,1295,Washington Freedom,2025-07-14T07:05:24Z,1,False,3479,Saurabh Netravalkar,16406,Kunwarjeet Singh,1164,Trent Boult,334,41,Short Extra Cover,0,0,0,0,BackOfALength,Wide,NotOut,MisTimed,BackFoot,Slog,OffCutter,Over,Fast,Left,Null,NotReferred,Null,False,False,False,False,False,False,144,False,False,False,False,True,False,0,0,0,0,0,False,False,0.0,,,,
1094350,20,9.0,12.0,0.0,3.0,180.0,7.0,12.0,39640,,23407,Major League Cricket 2025,1,1293,MI New York,1295,Washington Freedom,2025-07-14T07:05:57Z,2,False,3479,Saurabh Netravalkar,16406,Kunwarjeet Singh,1164,Trent Boult,240,145,Long On,1,0,1,1,LengthBall,Wide,NotOut,MisTimed,FrontFoot,Slog,OffCutter,Over,Fast,Left,Null,NotReferred,Null,False,False,False,False,False,False,144,False,False,False,False,True,False,1,0,0,0,0,False,False,0.0,,,,
1094350,20,9.0,12.0,0.0,3.0,180.0,7.0,12.0,39640,,23407,Major League Cricket 2025,1,1293,MI New York,1295,Washington Freedom,2025-07-14T07:07:20Z,3,False,3479,Saurabh Netravalkar,1164,Trent Boult,16406,Kunwarjeet Singh,90,48,Wicketkeeper,0,0,0,0,BackOfALength,LegStump,NotOut,Missed,BackFoot,Slog,OffCutter,Over,Fast,Left,Null,NotReferred,Null,False,False,False,False,False,False,144,False,False,False,False,True,False,0,0,0,0,0,False,False,0.0,,,,
1094350,20,9.0,12.0,0.0,3.0,180.0,7.0,12.0,39640,,23407,Major League Cricket 2025,1,1293,MI New York,1295,Washington Freedom,2025-07-14T07:06:47Z,3,False,3479,Saurabh Netravalkar,1164,Trent Boult,16406,Kunwarjeet Singh,90,48,Wicketkeeper,1,1,1,0,HalfTracker,DownLeg,NotOut,Left,BackFoot,Leave,OffCutter,Over,Fast,Left,Null,NotReferred,Null,True,False,False,False,False,False,144,False,False,False,False,True,False,1,0,1,0,0,False,False,0.0,,,,
1094350,20,9.0,12.0,0.0,3.0,180.0,7.0,12.0,39640,,23407,Major League Cricket 2025,1,1293,MI New York,1295,Washington Freedom,2025-07-14T07:08:32Z,4,False,3479,Saurabh Netravalkar,16406,Kunwarjeet Singh,1164,Trent Boult,295,208,Long Off,4,0,4,4,LengthBall,Wide,NotOut,WellTimed,MovesInfront,Slog,OffCutter,Over,Fast,Left,Null,NotReferred,Null,False,False,False,False,True,False,144,False,False,False,False,True,False,4,0,0,0,0,False,False,0.0,,,,
1094350,20,9.0,12.0,0.0,3.0,180.0,7.0,12.0,39640,,23407,Major League Cricket 2025,1,1293,MI New York,1295,Washington Freedom,2025-07-14T07:08:07Z,4,False,3479,Saurabh Netravalkar,1164,Trent Boult,16406,Kunwarjeet Singh,90,48,Wicketkeeper,2,2,2,0,LengthBall,OutsideOff,NotOut,Missed,BackFoot,Cut,OffCutter,Over,Fast,Left,Null,NotReferred,Null,True,False,False,False,False,False,144,False,False,False,False,True,False,2,0,2,0,0,False,False,0.0,,,,
1094350,20,9.0,12.0,0.0,3.0,180.0,7.0,12.0,39640,,23407,Major League Cricket 2025,1,1293,MI New York,1295,Washington Freedom,2025-07-14T07:09:08Z,5,False,3479,Saurabh Netravalkar,16406,Kunwarjeet Singh,1164,Trent Boult,90,48,Wicketkeeper,0,0,0,0,Yorker,Wide,NotOut,Missed,MovesInfront,Steer,NoMovement,Over,Fast,Left,Null,NotReferred,Null,False,False,False,False,False,False,144,False,False,False,False,True,False,0,0,0,0,0,False,False,0.0,,,,
1094350,20,9.0,12.0,0.0,3.0,180.0,7.0,12.0,39640,,23407,Major League Cricket 2025,1,1293,MI New York,1295,Washington Freedom,2025-07-14T07:09:43Z,6,False,3479,Saurabh Netravalkar,16406,Kunwarjeet Singh,1164,Trent Boult,201,215,Deep Mid Wicket,4,0,4,4,FullToss,OutsideOff,NotOut,WellTimed,FrontFoot,Flick,NoMovement,Over,Fast,Left,Null,NotReferred,Null,False,False,False,False,True,False,144,False,False,False,False,True,False,4,0,0,0,0,False,False,0.0,,,,
1094362,1,1.0,1.0,2.0,0.0,1.0,2.0,1.0,39643,,23407,Major League Cricket 2025,2,1295,Washington Freedom,1293,MI New York,2025-07-14T07:26:14Z,1,True,1164,Trent Boult,3960,Mitchell Owen,3154,Rachin Ravindra,17,137,Deep Backward Square Leg,0,0,0,0,BackOfALength,DownLeg,NotOut,MisTimed,BackFoot,Pull,InSwinger,Over,Fast,Left,Out1stUmpire,NotReferred,Null,False,False,False,False,False,False,256,False,True,True,False,True,False,0,0,0,0,0,False,False,2.0,Caught,3960.0,Mitchell Owen,Caught
1094362,1,1.0,1.0,2.0,0.0,1.0,2.0,1.0,39643,,23407,Major League Cricket 2025,2,1295,Washington Freedom,1293,MI New York,2025-07-14T07:27:52Z,2,False,1164,Trent Boult,2628,Andries Gous,3154,Rachin Ravindra,41,16,Short Leg,0,0,0,0,LengthBall,DownLeg,Lbw,HitPad,FrontFoot,Worked,InSwinger,Over,Fast,Left,NotOut1stUmpire,NotReferred,Null,False,False,False,False,False,True,256,False,False,True,False,True,False,0,0,0,0,0,False,False,0.0,,,,
1094362,1,1.0,1.0,2.0,0.0,1.0,2.0,1.0,39643,,23407,Major League Cricket 2025,2,1295,Washington Freedom,1293,MI New York,2025-07-14T07:28:37Z,3,False,1164,Trent Boult,2628,Andries Gous,3154,Rachin Ravindra,90,48,Wicketkeeper,0,0,0,0,LengthBall,OutsideOff,NotOut,Missed,FrontFoot,Drive,NoMovement,Over,Fast,Left,Null,NotReferred,Null,False,False,False,False,False,False,256,False,False,True,False,True,False,0,0,0,0,0,False,False,0.0,,,,
1094362,1,1.0,1.0,2.0,0.0,1.0,2.0,1.0,39643,,23407,Major League Cricket 2025,2,1295,Washington Freedom,1293,MI New York,2025-07-14T07:29:05Z,4,False,1164,Trent Boult,2628,Andries Gous,3154,Rachin Ravindra,286,38,Silly Mid On,0,0,0,0,LengthBall,DownLeg,NotOut,None,BackFoot,Worked,NoMovement,Over,Fast,Left,Null,NotReferred,Null,False,False,False,False,False,False,256,False,False,True,False,True,False,0,0,0,0,0,False,False,0.0,,,,
1094362,1,1.0,1.0,2.0,0.0,1.0,2.0,1.0,39643,,23407,Major League Cricket 2025,2,1295,Washington Freedom,1293,MI New York,2025-07-14T07:29:38Z,5,True,1164,Trent Boult,2628,Andries Gous,3154,Rachin Ravindra,344,156,Deep Mid Wicket,0,0,0,0,LengthBall,DownLeg,NotOut,MisTimed,FrontFoot,Flick,InSwinger,Over,Fast,Left,Out1stUmpire,NotReferred,Null,False,False,False,False,False,False,256,False,False,True,False,True,False,0,0,0,0,0,False,False,2.0,Caught,2628.0,Andries Gous,Caught
1094362,1,1.0,1.0,2.0,0.0,1.0,2.0,1.0,39643,,23407,Major League Cricket 2025,2,1295,Washington Freedom,1293,MI New York,2025-07-14T07:31:25Z,6,False,1164,Trent Boult,1692,Jack Edwards,3154,Rachin Ravindra,1,89,Square Leg,1,0,1,1,LengthBall,LegStump,NotOut,None,BackFoot,Worked,InSwinger,Over,Fast,Left,Null,NotReferred,Null,False,False,False,False,False,False,256,False,False,True,False,True,False,1,0,0,0,0,False,False,0.0,,,,
1094366,2,5.0,9.0,0.0,0.0,10.0,2.0,9.0,39643,,23407,Major League Cricket 2025,2,1295,Washington Freedom,1293,MI New York,2025-07-14T07:32:30Z,1,False,13784,Tajinder Singh,1692,Jack Edwards,3154,Rachin Ravindra,201,201,Deep Cover,4,0,4,4,LengthBall,OutsideOff,NotOut,WellTimed,BackFoot,Cut,OffBreak,Over,OffSpin,Right,Null,NotReferred,Null,False,False,False,False,False,False,144,False,False,True,False,True,False,4,0,0,0,0,False,True,,,,,
1094366,2,5.0,9.0,0.0,0.0,10.0,2.0,9.0,39643,,23407,Major League Cricket 2025,2,1295,Washington Freedom,1293,MI New York,2025-07-14T07:33:12Z,2,False,13784,Tajinder Singh,1692,Jack Edwards,3154,Rachin Ravindra,90,48,Wicketkeeper,0,0,0,0,LengthBall,OutsideOff,NotOut,Missed,BackFoot,Drive,OffBreak,Over,OffSpin,Right,Null,NotReferred,Null,False,False,False,False,False,False,144,False,False,True,False,True,False,0,0,0,0,0,False,False,,,,,
1094366,2,5.0,9.0,0.0,0.0,10.0,2.0,9.0,39643,,23407,Major League Cricket 2025,2,1295,Washington Freedom,1293,MI New York,2025-07-14T07:33:33Z,3,False,13784,Tajinder Singh,1692,Jack Edwards,3154,Rachin Ravindra,293,58,Silly Mid On,0,0,0,0,LengthBall,OutsideOff,NotOut,None,BackFoot,Worked,OffBreak,Over,OffSpin,Right,Null,NotReferred,Null,False,False,False,False,False,False,144,False,False,True,False,True,False,0,0,0,0,0,False,False,,,,,
1094366,2,5.0,9.0,0.0,0.0,10.0,2.0,9.0,39643,,23407,Major League Cricket 2025,2,1295,Washington Freedom,1293,MI New York,2025-07-14T07:33:51Z,4,False,13784,Tajinder Singh,1692,Jack Edwards,3154,Rachin Ravindra,251,145,Long Off,2,0,2,2,LengthBall,OutsideOff,NotOut,MisTimed,FrontFoot,Drive,OffBreak,Over,OffSpin,Right,Null,NotReferred,Null,False,False,False,False,False,False,144,False,False,True,False,True,False,2,0,0,0,0,False,False,,,,,
1094366,2,5.0,9.0,0.0,0.0,10.0,2.0,9.0,39643,,23407,Major League Cricket 2025,2,1295,Washington Freedom,1293,MI New York,2025-07-14T07:34:22Z,5,False,13784,Tajinder Singh,1692,Jack Edwards,3154,Rachin Ravindra,340,143,Deep Mid Wicket,1,0,1,1,LengthBall,OutsideOff,NotOut,None,BackFoot,Worked,OffBreak,Over,OffSpin,Right,Null,NotReferred,Null,False,False,False,False,False,False,144,False,False,True,False,True,False,1,0,0,0,0,False,False,,,,,
1094366,2,5.0,9.0,0.0,0.0,10.0,2.0,9.0,39643,,23407,Major League Cricket 2025,2,1295,Washington Freedom,1293,MI New York,2025-07-14T07:35:00Z,6,False,13784,Tajinder Singh,3154,Rachin Ravindra,1692,Jack Edwards,243,146,Long On,2,0,2,2,LengthBall,OutsideOff,NotOut,None,FrontFoot,Drive,OffBreak,Round,OffSpin,Right,Null,NotReferred,Null,False,False,False,False,False,False,144,False,False,True,False,True,False,2,0,0,0,0,False,False,,,,,
1094368,3,7.33,12.0,0.0,0.0,22.0,2.0,12.0,39643,,23407,Major League Cricket 2025,2,1295,Washington Freedom,1293,MI New York,2025-07-14T07:35:51Z,1,False,1164,Trent Boult,1692,Jack Edwards,3154,Rachin Ravindra,331,39,Short Mid Wicket,0,0,0,0,BackOfALength,DownLeg,NotOut,None,BackFoot,Worked,NoMovement,Over,Fast,Left,Null,NotReferred,Null,False,False,False,False,False,False,256,False,False,True,False,True,False,0,0,0,0,0,False,False,,,,,
1094368,3,7.33,12.0,0.0,0.0,22.0,2.0,12.0,39643,,23407,Major League Cricket 2025,2,1295,Washington Freedom,1293,MI New York,2025-07-14T07:36:32Z,2,False,1164,Trent Boult,1692,Jack Edwards,3154,Rachin Ravindra,15,139,Deep Backward Square Leg,1,0,1,1,Short,DownLeg,NotOut,WellTimed,BackFoot,Pull,NoMovement,Over,Fast,Left,Null,NotReferred,Null,False,False,False,False,True,False,256,False,False,True,False,True,False,1,0,0,0,0,False,False,,,,,
1094368,3,7.33,12.0,0.0,0.0,22.0,2.0,12.0,39643,,23407,Major League Cricket 2025,2,1295,Washington Freedom,1293,MI New York,2025-07-14T07:37:13Z,3,False,1164,Trent Boult,3154,Rachin Ravindra,1692,Jack Edwards,324,218,Deep Extra Cover,4,0,4,4,LengthBall,OutsideOff,NotOut,WellTimed,FrontFoot,Drive,AwaySwinger,Over,Fast,Left,Null,NotReferred,Null,False,False,False,False,False,False,256,False,False,True,False,True,False,4,0,0,0,0,False,True,,,,,
1094368,3,7.33,12.0,0.0,0.0,22.0,2.0,12.0,39643,,23407,Major League Cricket 2025,2,1295,Washington Freedom,1293,MI New York,2025-07-14T07:38:03Z,4,False,1164,Trent Boult,3154,Rachin Ravindra,1692,Jack Edwards,20,141,Deep Backward Point,1,0,1,1,BackOfALength,OutsideOff,NotOut,MisTimed,BackFoot,Steer,AwaySwinger,Over,Fast,Left,Null,NotReferred,Null,False,False,False,False,False,False,256,False,False,True,False,True,False,1,0,0,0,0,False,False,,,,,
1094368,3,7.33,12.0,0.0,0.0,22.0,2.0,12.0,39643,,23407,Major League Cricket 2025,2,1295,Washington Freedom,1293,MI New York,2025-07-14T07:38:50Z,5,False,1164,Trent Boult,1692,Jack Edwards,3154,Rachin Ravindra,90,48,Wicketkeeper,0,0,0,0,LengthBall,OffStump,NotOut,Missed,FrontFoot,Drive,NoMovement,Over,Fast,Left,Null,NotReferred,Null,False,False,False,False,False,False,256,False,False,True,False,True,False,0,0,0,0,0,False,False,,,,,
1094368,3,7.33,12.0,0.0,0.0,22.0,2.0,12.0,39643,,23407,Major League Cricket 2025,2,1295,Washington Freedom,1293,MI New York,2025-07-14T07:39:29Z,6,False,1164,Trent Boult,1692,Jack Edwards,3154,Rachin Ravindra,313,225,Long On,6,0,6,6,LengthBall,DownLeg,NotOut,Middled,BackFoot,Slog,NoMovement,Over,Fast,Left,Null,NotReferred,Null,False,False,False,False,True,False,256,False,False,True,False,True,False,6,0,0,0,0,False,True,,,,,
1094372,4,8.5,11.0,0.0,1.0,34.0,2.0,12.0,39643,,23407,Major League Cricket 2025,2,1295,Washington Freedom,1293,MI New York,2025-07-14T07:40:46Z,1,False,14286,Tristan Luus,3154,Rachin Ravindra,1692,Jack Edwards,125,106,Short Fine Leg,0,1,1,0,BackOfALength,DownLeg,NotOut,HitPad,BackFoot,Worked,InSwinger,Over,Medium,Right,Null,NotReferred,Null,False,False,False,True,False,False,144,False,False,True,False,True,False,1,0,0,1,0,False,False,,,,,
1094372,4,8.5,11.0,0.0,1.0,34.0,2.0,12.0,39643,,23407,Major League Cricket 2025,2,1295,Washington Freedom,1293,MI New York,2025-07-14T07:41:40Z,2,False,14286,Tristan Luus,1692,Jack Edwards,3154,Rachin Ravindra,233,82,Mid Off,0,0,0,0,LengthBall,OutsideOff,NotOut,None,BackFoot,Pushed,NoMovement,Over,Medium,Right,Null,NotReferred,Null,False,False,False,False,False,False,144,False,False,True,False,True,False,0,0,0,0,0,False,False,,,,,
1094372,4,8.5,11.0,0.0,1.0,34.0,2.0,12.0,39643,,23407,Major League Cricket 2025,2,1295,Washington Freedom,1293,MI New York,2025-07-14T07:42:05Z,3,False,14286,Tristan Luus,1692,Jack Edwards,3154,Rachin Ravindra,120,198,Third Man,6,0,6,6,Short,OutsideOff,NotOut,WellTimed,BackFoot,UpperCut,NoMovement,Over,Medium,Right,Null,NotReferred,Null,False,False,False,False,True,False,144,False,False,True,False,True,False,6,0,0,0,0,False,True,,,,,
1094372,4,8.5,11.0,0.0,1.0,34.0,2.0,12.0,39643,,23407,Major League Cricket 2025,2,1295,Washington Freedom,1293,MI New York,2025-07-14T07:42:37Z,4,False,14286,Tristan Luus,1692,Jack Edwards,3154,Rachin Ravindra,359,149,Deep Square Leg,1,0,1,1,BackOfALength,OutsideOff,NotOut,None,BackFoot,Worked,NoMovement,Over,Medium,Right,Null,NotReferred,Null,False,False,False,False,False,False,144,False,False,True,False,True,False,1,0,0,0,0,False,False,,,,,
1094372,4,8.5,11.0,0.0,1.0,34.0,2.0,12.0,39643,,23407,Major League Cricket 2025,2,1295,Washington Freedom,1293,MI New York,2025-07-14T07:43:15Z,5,False,14286,Tristan Luus,3154,Rachin Ravindra,1692,Jack Edwards,63,194,Third Man,4,0,4,4,LengthBall,OutsideOff,NotOut,ThickEdge,FrontFoot,Drive,NoMovement,Over,Medium,Right,Null,NotReferred,Null,False,False,False,False,False,False,144,False,False,True,False,True,False,4,0,0,0,0,False,True,,,,,
1094372,4,8.5,11.0,0.0,1.0,34.0,2.0,12.0,39643,,23407,Major League Cricket 2025,2,1295,Washington Freedom,1293,MI New York,2025-07-14T07:43:50Z,6,False,14286,Tristan Luus,3154,Rachin Ravindra,1692,Jack Edwards,334,44,Short Extra Cover,0,0,0,0,LengthBall,MiddleStump,NotOut,None,FrontFoot,Drive,NoMovement,Over,Medium,Right,Null,NotReferred,Null,False,False,False,False,False,False,144,False,False,True,False,True,False,0,0,0,0,0,False,False,,,,,
1094374,5,9.4,13.0,0.0,0.0,47.0,2.0,13.0,39643,,23407,Major League Cricket 2025,2,1295,Washington Freedom,1293,MI New York,2025-07-14T07:44:51Z,1,False,15320,Rushil Ugarkar,1692,Jack Edwards,3154,Rachin Ravindra,298,144,Long On,1,0,1,1,LengthBall,OutsideOff,NotOut,None,BackFoot,Worked,NoMovement,Over,Medium,Right,Null,NotReferred,Null,False,False,False,False,False,False,256,False,False,True,False,True,False,1,0,0,0,0,False,False,0.0,,,,
1094374,5,9.4,13.0,0.0,0.0,47.0,2.0,13.0,39643,,23407,Major League Cricket 2025,2,1295,Washington Freedom,1293,MI New York,2025-07-14T07:45:48Z,2,False,15320,Rushil Ugarkar,3154,Rachin Ravindra,1692,Jack Edwards,14,142,Deep Backward Point,1,0,1,1,LengthBall,DownLeg,NotOut,None,FrontFoot,Drive,NoMovement,Over,Medium,Right,Null,NotReferred,Null,False,False,False,False,False,False,256,False,False,True,False,True,False,1,0,0,0,0,False,False,0.0,,,,
1094374,5,9.4,13.0,0.0,0.0,47.0,2.0,13.0,39643,,23407,Major League Cricket 2025,2,1295,Washington Freedom,1293,MI New York,2025-07-14T07:46:30Z,3,False,15320,Rushil Ugarkar,1692,Jack Edwards,3154,Rachin Ravindra,341,124,Mid Wicket,1,0,1,1,BackOfALength,OutsideOff,NotOut,MisTimed,FrontFoot,Slog,NoMovement,Over,Medium,Right,Null,NotReferred,Null,False,False,False,False,False,False,256,False,False,True,False,True,False,1,0,0,0,0,False,False,2.0,,,,
1094374,5,9.4,13.0,0.0,0.0,47.0,2.0,13.0,39643,,23407,Major League Cricket 2025,2,1295,Washington Freedom,1293,MI New York,2025-07-14T07:47:10Z,4,False,15320,Rushil Ugarkar,3154,Rachin Ravindra,1692,Jack Edwards,202,159,Deep Mid Wicket,2,0,2,2,BackOfALength,DownLeg,NotOut,MisTimed,DownTheTrack,Drive,NoMovement,Over,Medium,Right,Null,NotReferred,Null,False,False,False,False,False,False,256,False,False,True,False,True,False,2,0,0,0,0,False,False,0.0,,,,
1094374,5,9.4,13.0,0.0,0.0,47.0,2.0,13.0,39643,,23407,Major League Cricket 2025,2,1295,Washington Freedom,1293,MI New York,2025-07-14T07:47:45Z,5,False,15320,Rushil Ugarkar,3154,Rachin Ravindra,1692,Jack Edwards,340,201,Deep Cover,4,0,4,4,BackOfALength,OutsideOff,NotOut,WellTimed,FrontFoot,Drive,NoMovement,Over,Medium,Right,Null,NotReferred,Null,False,False,False,False,True,False,256,False,False,True,False,True,False,4,0,0,0,0,False,True,0.0,,,,
1094374,5,9.4,13.0,0.0,0.0,47.0,2.0,13.0,39643,,23407,Major League Cricket 2025,2,1295,Washington Freedom,1293,MI New York,2025-07-14T07:48:19Z,6,False,15320,Rushil Ugarkar,3154,Rachin Ravindra,1692,Jack Edwards,203,210,Deep Mid Wicket,4,0,4,4,BackOfALength,DownLeg,NotOut,WellTimed,DownTheTrack,Pull,NoMovement,Over,Medium,Right,Null,NotReferred,Null,False,False,False,False,True,False,256,False,False,True,False,True,False,4,0,0,0,0,False,True,0.0,,,,
1094377,6,11.0,19.0,0.0,0.0,66.0,2.0,19.0,39643,,23407,Major League Cricket 2025,2,1295,Washington Freedom,1293,MI New York,2025-07-14T07:49:46Z,1,False,3484,Nosthusha Kenjige,1692,Jack Edwards,3154,Rachin Ravindra,215,206,Deep Extra Cover,4,0,4,4,LengthBall,OutsideOff,NotOut,WellTimed,FrontFoot,Drive,StockBall,Round,Orthodox,Left,Null,NotReferred,Null,False,False,False,False,True,False,144,False,False,True,False,True,False,4,0,0,0,0,False,True,,,,,
1094377,6,11.0,19.0,0.0,0.0,66.0,2.0,19.0,39643,,23407,Major League Cricket 2025,2,1295,Washington Freedom,1293,MI New York,2025-07-14T07:50:14Z,2,False,3484,Nosthusha Kenjige,1692,Jack Edwards,3154,Rachin Ravindra,15,95,Backward Square Leg,1,0,1,1,LengthBall,LegStump,NotOut,None,BackFoot,Pull,StockBall,Round,Orthodox,Left,Null,NotReferred,Null,False,False,False,False,False,False,144,False,False,True,False,True,False,1,0,0,0,0,False,False,,,,,
1094377,6,11.0,19.0,0.0,0.0,66.0,2.0,19.0,39643,,23407,Major League Cricket 2025,2,1295,Washington Freedom,1293,MI New York,2025-07-14T07:51:00Z,3,False,3484,Nosthusha Kenjige,3154,Rachin Ravindra,1692,Jack Edwards,293,211,Long Off,4,0,4,4,BackOfALength,Wide,NotOut,WellTimed,DownTheTrack,Drive,StockBall,Over,Orthodox,Left,Null,NotReferred,Null,False,False,False,False,False,False,144,False,False,True,False,True,False,4,0,0,0,0,False,True,,,,,
1094377,6,11.0,19.0,0.0,0.0,66.0,2.0,19.0,39643,,23407,Major League Cricket 2025,2,1295,Washington Freedom,1293,MI New York,2025-07-14T07:51:41Z,4,False,3484,Nosthusha Kenjige,3154,Rachin Ravindra,1692,Jack Edwards,203,148,Deep Mid Wicket,2,0,2,2,LengthBall,OutsideOff,NotOut,None,BackFoot,Slog,StockBall,Over,Orthodox,Left,Null,NotReferred,Null,False,False,False,False,False,False,144,False,False,True,False,True,False,2,0,0,0,0,False,False,,,,,
1094377,6,11.0,19.0,0.0,0.0,66.0,2.0,19.0,39643,,23407,Major League Cricket 2025,2,1295,Washington Freedom,1293,MI New York,2025-07-14T07:52:24Z,5,False,3484,Nosthusha Kenjige,3154,Rachin Ravindra,1692,Jack Edwards,355,197,Deep Point,4,0,4,4,LengthBall,OutsideOff,NotOut,WellTimed,FrontFoot,Cut,StockBall,Over,Orthodox,Left,Null,NotReferred,Null,False,False,False,False,False,False,144,False,False,True,False,True,False,4,0,0,0,0,False,True,,,,,
1094377,6,11.0,19.0,0.0,0.0,66.0,2.0,19.0,39643,,23407,Major League Cricket 2025,2,1295,Washington Freedom,1293,MI New York,2025-07-14T07:53:06Z,6,False,3484,Nosthusha Kenjige,3154,Rachin Ravindra,1692,Jack Edwards,331,233,Deep Extra Cover,4,0,4,4,LengthBall,OutsideOff,NotOut,WellTimed,BackFoot,Drive,StockBall,Over,Orthodox,Left,Null,NotReferred,Null,False,False,False,False,False,False,144,False,False,True,False,True,False,4,0,0,0,0,False,True,,,,,
1094382,7,10.71,9.0,0.0,0.0,75.0,2.0,9.0,39643,,23407,Major League Cricket 2025,2,1295,Washington Freedom,1293,MI New York,2025-07-14T07:56:45Z,1,False,15320,Rushil Ugarkar,1692,Jack Edwards,3154,Rachin Ravindra,342,147,Deep Mid Wicket,2,0,2,2,LengthBall,OutsideOff,NotOut,None,FrontFoot,Worked,SlowerBall,Over,Medium,Right,Null,NotReferred,Null,False,False,False,False,False,False,256,False,False,False,False,True,False,2,0,0,0,0,False,False,,,,,
1094382,7,10.71,9.0,0.0,0.0,75.0,2.0,9.0,39643,,23407,Major League Cricket 2025,2,1295,Washington Freedom,1293,MI New York,2025-07-14T07:57:15Z,2,False,15320,Rushil Ugarkar,1692,Jack Edwards,3154,Rachin Ravindra,17,145,Deep Backward Square Leg,1,0,1,1,BackOfALength,OutsideOff,NotOut,None,BackFoot,Worked,OffCutter,Over,Medium,Right,Null,NotReferred,Null,False,False,False,False,False,False,256,False,False,False,False,True,False,1,0,0,0,0,False,False,,,,,
1094382,7,10.71,9.0,0.0,0.0,75.0,2.0,9.0,39643,,23407,Major League Cricket 2025,2,1295,Washington Freedom,1293,MI New York,2025-07-14T07:57:52Z,3,False,15320,Rushil Ugarkar,3154,Rachin Ravindra,1692,Jack Edwards,330,48,Short Extra Cover,0,0,0,0,LengthBall,LegStump,NotOut,None,FrontFoot,Drive,OffCutter,Over,Medium,Right,Null,NotReferred,Null,False,False,False,False,False,False,256,False,False,False,False,True,False,0,0,0,0,0,False,False,,,,,
1094382,7,10.71,9.0,0.0,0.0,75.0,2.0,9.0,39643,,23407,Major League Cricket 2025,2,1295,Washington Freedom,1293,MI New York,2025-07-14T07:58:21Z,4,False,15320,Rushil Ugarkar,3154,Rachin Ravindra,1692,Jack Edwards,168,191,Deep Backward Square Leg,6,0,6,6,BackOfALength,DownLeg,NotOut,WellTimed,BackFoot,Pull,NoMovement,Over,Medium,Right,Null,NotReferred,Null,False,False,False,False,True,False,256,False,False,False,False,True,False,6,0,0,0,0,False,True,,,,,
1094382,7,10.71,9.0,0.0,0.0,75.0,2.0,9.0,39643,,23407,Major League Cricket 2025,2,1295,Washington Freedom,1293,MI New York,2025-07-14T07:59:03Z,5,False,15320,Rushil Ugarkar,3154,Rachin Ravindra,1692,Jack Edwards,207,17,Short Leg,0,0,0,0,LengthBall,LegStump,NotOut,InsideEdge,FrontFoot,Drive,OffCutter,Over,Medium,Right,Null,NotReferred,Null,False,False,False,False,False,False,256,False,False,False,False,True,False,0,0,0,0,0,False,False,,,,,
1094382,7,10.71,9.0,0.0,0.0,75.0,2.0,9.0,39643,,23407,Major League Cricket 2025,2,1295,Washington Freedom,1293,MI New York,2025-07-14T07:59:38Z,6,False,15320,Rushil Ugarkar,3154,Rachin Ravindra,1692,Jack Edwards,326,94,Extra Cover,0,0,0,0,LengthBall,LegStump,NotOut,None,BackFoot,Drive,OffCutter,Over,Medium,Right,Null,NotReferred,Null,False,False,False,False,False,False,256,False,False,False,False,True,False,0,0,0,0,0,False,False,,,,,
1094383,8,10.38,7.0,0.0,1.0,83.0,2.0,8.0,39643,,23407,Major League Cricket 2025,2,1295,Washington Freedom,1293,MI New York,2025-07-14T08:00:55Z,1,False,1704,Kieron Pollard,1692,Jack Edwards,3154,Rachin Ravindra,235,84,Mid Off,1,0,1,1,LengthBall,OutsideOff,NotOut,LeadingEdge,FrontFoot,Worked,NoMovement,Over,Medium,Right,Null,NotReferred,Null,False,False,False,False,False,False,144,False,False,False,False,True,False,1,0,0,0,0,False,False,,,,,
1094383,8,10.38,7.0,0.0,1.0,83.0,2.0,8.0,39643,,23407,Major League Cricket 2025,2,1295,Washington Freedom,1293,MI New York,2025-07-14T08:01:18Z,2,False,1704,Kieron Pollard,3154,Rachin Ravindra,1692,Jack Edwards,355,139,Deep Point,1,0,1,1,LengthBall,OutsideOff,NotOut,None,FrontFoot,Cut,NoMovement,Over,Medium,Right,Null,NotReferred,Null,False,False,False,False,False,False,144,False,False,False,False,True,False,1,0,0,0,0,False,False,,,,,
1094383,8,10.38,7.0,0.0,1.0,83.0,2.0,8.0,39643,,23407,Major League Cricket 2025,2,1295,Washington Freedom,1293,MI New York,2025-07-14T08:01:57Z,3,False,1704,Kieron Pollard,1692,Jack Edwards,3154,Rachin Ravindra,356,85,Square Leg,0,1,1,0,LengthBall,OffStump,NotOut,HitPad,FrontFoot,Flick,NoMovement,Over,Medium,Right,Null,NotReferred,Null,False,False,False,True,False,False,144,False,False,False,False,True,False,1,0,0,1,0,False,False,,,,,
1094383,8,10.38,7.0,0.0,1.0,83.0,2.0,8.0,39643,,23407,Major League Cricket 2025,2,1295,Washington Freedom,1293,MI New York,2025-07-14T08:02:37Z,4,False,1704,Kieron Pollard,3154,Rachin Ravindra,1692,Jack Edwards,21,76,Backward Point,0,0,0,0,LengthBall,MiddleStump,NotOut,None,FrontFoot,Cut,NoMovement,Over,Medium,Right,Null,NotReferred,Null,False,False,False,False,False,False,144,False,False,False,False,True,False,0,0,0,0,0,False,False,,,,,
1094383,8,10.38,7.0,0.0,1.0,83.0,2.0,8.0,39643,,23407,Major League Cricket 2025,2,1295,Washington Freedom,1293,MI New York,2025-07-14T08:03:14Z,5,False,1704,Kieron Pollard,3154,Rachin Ravindra,1692,Jack Edwards,180,198,Deep Square Leg,4,0,4,4,BackOfALength,DownLeg,NotOut,WellTimed,FrontFoot,Pull,OffCutter,Over,Medium,Right,Null,NotReferred,Null,False,False,False,False,True,False,144,False,False,False,False,True,False,4,0,0,0,0,False,True,,,,,
1094383,8,10.38,7.0,0.0,1.0,83.0,2.0,8.0,39643,,23407,Major League Cricket 2025,2,1295,Washington Freedom,1293,MI New York,2025-07-14T08:03:50Z,6,False,1704,Kieron Pollard,3154,Rachin Ravindra,1692,Jack Edwards,343,138,Deep Cover,1,0,1,1,LengthBall,OutsideOff,NotOut,None,FrontFoot,Drive,OffCutter,Over,Medium,Right,Null,NotReferred,Null,False,False,False,False,False,False,144,False,False,False,False,True,False,1,0,0,0,0,False,False,,,,,
1094386,9,9.33,1.0,1.0,0.0,84.0,3.0,1.0,39643,,23407,Major League Cricket 2025,2,1295,Washington Freedom,1293,MI New York,2025-07-14T08:05:14Z,1,False,3484,Nosthusha Kenjige,3154,Rachin Ravindra,1692,Jack Edwards,205,149,Deep Mid Wicket,1,0,1,1,LengthBall,DownLeg,NotOut,None,FrontFoot,Flick,StockBall,Round,Orthodox,Left,Null,NotReferred,Null,False,False,False,False,False,False,256,False,False,False,False,True,False,1,0,0,0,0,False,False,0.0,,,,
1094386,9,9.33,1.0,1.0,0.0,84.0,3.0,1.0,39643,,23407,Major League Cricket 2025,2,1295,Washington Freedom,1293,MI New York,2025-07-14T08:05:55Z,2,True,3484,Nosthusha Kenjige,1692,Jack Edwards,3154,Rachin Ravindra,299,145,Long On,0,0,0,0,BackOfALength,OutsideOff,NotOut,MisTimed,BackFoot,Slog,StockBall,Round,Orthodox,Left,Out1stUmpire,NotReferred,Null,False,False,False,False,False,False,256,False,False,False,False,True,False,0,0,0,0,0,False,False,2.0,Caught,1692.0,Jack Edwards,Caught
1094386,9,9.33,1.0,1.0,0.0,84.0,3.0,1.0,39643,,23407,Major League Cricket 2025,2,1295,Washington Freedom,1293,MI New York,2025-07-14T08:07:45Z,3,False,3484,Nosthusha Kenjige,1837,Glenn Phillips,3154,Rachin Ravindra,208,60,Short Extra Cover,0,0,0,0,LengthBall,OutsideOff,NotOut,None,FrontFoot,Drive,StockBall,Round,Orthodox,Left,Null,NotReferred,Null,False,False,False,False,False,False,256,False,False,False,False,True,False,0,0,0,0,0,False,False,0.0,,,,
1094386,9,9.33,1.0,1.0,0.0,84.0,3.0,1.0,39643,,23407,Major League Cricket 2025,2,1295,Washington Freedom,1293,MI New York,2025-07-14T08:08:06Z,4,False,3484,Nosthusha Kenjige,1837,Glenn Phillips,3154,Rachin Ravindra,2,16,Short Leg,0,0,0,0,LengthBall,LegStump,NotOut,HitPad,FrontFoot,Worked,StockBall,Round,Orthodox,Left,Null,NotReferred,Null,False,False,False,False,False,False,256,False,False,False,False,True,False,0,0,0,0,0,False,False,0.0,,,,
1094386,9,9.33,1.0,1.0,0.0,84.0,3.0,1.0,39643,,23407,Major League Cricket 2025,2,1295,Washington Freedom,1293,MI New York,2025-07-14T08:08:25Z,5,False,3484,Nosthusha Kenjige,1837,Glenn Phillips,3154,Rachin Ravindra,216,58,Short Extra Cover,0,0,0,0,LengthBall,OutsideOff,NotOut,None,BackFoot,Drive,StockBall,Round,Orthodox,Left,Null,NotReferred,Null,False,False,False,False,False,False,256,False,False,False,False,True,False,0,0,0,0,0,False,False,0.0,,,,
1094386,9,9.33,1.0,1.0,0.0,84.0,3.0,1.0,39643,,23407,Major League Cricket 2025,2,1295,Washington Freedom,1293,MI New York,2025-07-14T08:08:59Z,6,False,3484,Nosthusha Kenjige,1837,Glenn Phillips,3154,Rachin Ravindra,214,43,Short Extra Cover,0,0,0,0,LengthBall,OutsideOff,NotOut,None,FrontFoot,ForwardDefensive,StockBall,Round,Orthodox,Left,Null,NotReferred,Null,False,False,False,False,False,False,256,False,False,False,False,True,False,0,0,0,0,0,False,False,0.0,,,,
1094388,10,8.9,5.0,0.0,0.0,89.0,3.0,5.0,39643,,23407,Major League Cricket 2025,2,1295,Washington Freedom,1293,MI New York,2025-07-14T08:09:54Z,1,False,13784,Tajinder Singh,3154,Rachin Ravindra,1837,Glenn Phillips,253,149,Long On,1,0,1,1,LengthBall,OutsideOff,NotOut,None,FrontFoot,Worked,OffBreak,Round,OffSpin,Right,Null,NotReferred,Null,False,False,False,False,False,False,144,False,False,False,False,True,False,1,0,0,0,0,False,False,,,,,
1094388,10,8.9,5.0,0.0,0.0,89.0,3.0,5.0,39643,,23407,Major League Cricket 2025,2,1295,Washington Freedom,1293,MI New York,2025-07-14T08:10:36Z,2,False,13784,Tajinder Singh,1837,Glenn Phillips,3154,Rachin Ravindra,204,58,Short Extra Cover,0,0,0,0,FullToss,OutsideOff,NotOut,None,FrontFoot,Drive,OffBreak,Over,OffSpin,Right,Null,NotReferred,Null,False,False,False,False,False,False,144,False,False,False,False,True,False,0,0,0,0,0,False,False,,,,,
1094388,10,8.9,5.0,0.0,0.0,89.0,3.0,5.0,39643,,23407,Major League Cricket 2025,2,1295,Washington Freedom,1293,MI New York,2025-07-14T08:11:00Z,3,False,13784,Tajinder Singh,1837,Glenn Phillips,3154,Rachin Ravindra,356,115,Square Leg,1,0,1,1,LengthBall,OutsideOff,NotOut,None,FrontFoot,Worked,OffBreak,Over,OffSpin,Right,Null,NotReferred,Null,False,False,False,False,False,False,144,False,False,False,False,True,False,1,0,0,0,0,False,False,,,,,
1094388,10,8.9,5.0,0.0,0.0,89.0,3.0,5.0,39643,,23407,Major League Cricket 2025,2,1295,Washington Freedom,1293,MI New York,2025-07-14T08:11:24Z,4,False,13784,Tajinder Singh,3154,Rachin Ravindra,1837,Glenn Phillips,345,110,Cover,1,0,1,1,LengthBall,OutsideOff,NotOut,WellTimed,FrontFoot,Cut,OffBreak,Round,OffSpin,Right,Null,NotReferred,Null,False,False,False,False,False,False,144,False,False,False,False,True,False,1,0,0,0,0,False,False,,,,,
1094388,10,8.9,5.0,0.0,0.0,89.0,3.0,5.0,39643,,23407,Major League Cricket 2025,2,1295,Washington Freedom,1293,MI New York,2025-07-14T08:11:54Z,5,False,13784,Tajinder Singh,1837,Glenn Phillips,3154,Rachin Ravindra,255,143,Long Off,1,0,1,1,LengthBall,OutsideOff,NotOut,None,FrontFoot,Drive,OffBreak,Over,OffSpin,Right,Null,NotReferred,Null,False,False,False,False,False,False,144,False,False,False,False,True,False,1,0,0,0,0,False,False,,,,,
1094388,10,8.9,5.0,0.0,0.0,89.0,3.0,5.0,39643,,23407,Major League Cricket 2025,2,1295,Washington Freedom,1293,MI New York,2025-07-14T08:12:26Z,6,False,13784,Tajinder Singh,3154,Rachin Ravindra,1837,Glenn Phillips,341,143,Deep Cover,1,0,1,1,LengthBall,OutsideOff,NotOut,None,BackFoot,Cut,OffBreak,Round,OffSpin,Right,Null,NotReferred,Null,False,False,False,False,False,False,144,False,False,False,False,True,False,1,0,0,0,0,False,False,,,,,
1094389,11,9.0,10.0,0.0,1.0,99.0,3.0,10.0,39643,,23407,Major League Cricket 2025,2,1295,Washington Freedom,1293,MI New York,2025-07-14T08:13:26Z,1,False,3484,Nosthusha Kenjige,3154,Rachin Ravindra,1837,Glenn Phillips,203,157,Deep Mid Wicket,1,0,1,1,LengthBall,DownLeg,NotOut,None,DownTheTrack,Flick,StockBall,Round,Orthodox,Left,Null,NotReferred,Null,False,False,False,False,False,False,256,False,False,False,False,True,False,1,0,0,0,0,False,False,,,,,
1094389,11,9.0,10.0,0.0,1.0,99.0,3.0,10.0,39643,,23407,Major League Cricket 2025,2,1295,Washington Freedom,1293,MI New York,2025-07-14T08:14:09Z,2,False,3484,Nosthusha Kenjige,1837,Glenn Phillips,3154,Rachin Ravindra,304,61,Silly Mid On,0,0,0,0,LengthBall,OutsideOff,NotOut,None,BackFoot,Drive,StockBall,Round,Orthodox,Left,Null,NotReferred,Null,False,False,False,False,False,False,256,False,False,False,False,True,False,0,0,0,0,0,False,False,,,,,
1094389,11,9.0,10.0,0.0,1.0,99.0,3.0,10.0,39643,,23407,Major League Cricket 2025,2,1295,Washington Freedom,1293,MI New York,2025-07-14T08:14:32Z,3,False,3484,Nosthusha Kenjige,1837,Glenn Phillips,3154,Rachin Ravindra,339,211,Deep Mid Wicket,6,0,6,6,LengthBall,OutsideOff,NotOut,WellTimed,BackFoot,Slog,StockBall,Round,Orthodox,Left,Null,NotReferred,Null,False,False,False,False,True,False,256,False,False,False,False,True,False,6,0,0,0,0,False,True,,,,,
1094389,11,9.0,10.0,0.0,1.0,99.0,3.0,10.0,39643,,23407,Major League Cricket 2025,2,1295,Washington Freedom,1293,MI New York,2025-07-14T08:15:09Z,4,False,3484,Nosthusha Kenjige,1837,Glenn Phillips,3154,Rachin Ravindra,342,153,Deep Mid Wicket,1,0,1,1,LengthBall,OutsideOff,NotOut,None,BackFoot,Worked,StockBall,Round,Orthodox,Left,Null,NotReferred,Null,False,False,False,False,False,False,256,False,False,False,False,True,False,1,0,0,0,0,False,False,,,,,
1094389,11,9.0,10.0,0.0,1.0,99.0,3.0,10.0,39643,,23407,Major League Cricket 2025,2,1295,Washington Freedom,1293,MI New York,2025-07-14T08:15:51Z,5,False,3484,Nosthusha Kenjige,3154,Rachin Ravindra,1837,Glenn Phillips,90,48,Wicketkeeper,1,1,1,0,LengthBall,OutsideOff,NotOut,Left,BackFoot,Leave,StockBall,Round,Orthodox,Left,Null,NotReferred,Null,True,False,False,False,False,False,256,False,False,False,False,True,False,1,0,1,0,0,False,False,,,,,
1094389,11,9.0,10.0,0.0,1.0,99.0,3.0,10.0,39643,,23407,Major League Cricket 2025,2,1295,Washington Freedom,1293,MI New York,2025-07-14T08:16:24Z,5,False,3484,Nosthusha Kenjige,3154,Rachin Ravindra,1837,Glenn Phillips,226,144,Mid On,1,0,1,1,LengthBall,DownLeg,NotOut,None,DownTheTrack,Worked,StockBall,Round,Orthodox,Left,Null,NotReferred,Null,False,False,False,False,False,False,256,False,False,False,False,True,False,1,0,0,0,0,False,False,,,,,
1094389,11,9.0,10.0,0.0,1.0,99.0,3.0,10.0,39643,,23407,Major League Cricket 2025,2,1295,Washington Freedom,1293,MI New York,2025-07-14T08:16:45Z,6,False,3484,Nosthusha Kenjige,1837,Glenn Phillips,3154,Rachin Ravindra,296,59,Silly Mid On,0,0,0,0,LengthBall,OutsideOff,NotOut,None,BackFoot,Worked,StockBall,Round,Orthodox,Left,Null,NotReferred,Null,False,False,False,False,False,False,256,False,False,False,False,True,False,0,0,0,0,0,False,False,,,,,
1094390,12,9.33,13.0,0.0,0.0,112.0,3.0,13.0,39643,,23407,Major League Cricket 2025,2,1295,Washington Freedom,1293,MI New York,2025-07-14T08:17:50Z,1,False,1704,Kieron Pollard,3154,Rachin Ravindra,1837,Glenn Phillips,19,138,Deep Backward Point,2,0,2,2,HalfVolley,Wide,NotOut,None,FrontFoot,Drive,NoMovement,Round,Medium,Right,Null,NotReferred,Null,False,False,False,False,True,False,144,False,False,False,False,True,False,2,0,0,0,0,False,False,0.0,,,,
1094390,12,9.33,13.0,0.0,0.0,112.0,3.0,13.0,39643,,23407,Major League Cricket 2025,2,1295,Washington Freedom,1293,MI New York,2025-07-14T08:18:24Z,2,False,1704,Kieron Pollard,3154,Rachin Ravindra,1837,Glenn Phillips,155,199,Deep Backward Square Leg,6,0,6,6,LengthBall,DownLeg,NotOut,Middled,FrontFoot,Slog,OffCutter,Round,Medium,Right,Null,NotReferred,Null,False,False,False,False,True,False,144,False,False,False,False,True,False,6,0,0,0,0,False,True,0.0,,,,
1094390,12,9.33,13.0,0.0,0.0,112.0,3.0,13.0,39643,,23407,Major League Cricket 2025,2,1295,Washington Freedom,1293,MI New York,2025-07-14T08:19:06Z,3,False,1704,Kieron Pollard,3154,Rachin Ravindra,1837,Glenn Phillips,359,142,Deep Point,1,0,1,1,LengthBall,OutsideOff,NotOut,None,FrontFoot,Drive,OffCutter,Round,Medium,Right,Null,NotReferred,Null,False,False,False,False,False,False,144,False,False,False,False,True,False,1,0,0,0,0,False,False,0.0,,,,
1094390,12,9.33,13.0,0.0,0.0,112.0,3.0,13.0,39643,,23407,Major League Cricket 2025,2,1295,Washington Freedom,1293,MI New York,2025-07-14T08:19:40Z,4,False,1704,Kieron Pollard,1837,Glenn Phillips,3154,Rachin Ravindra,301,150,Long On,1,0,1,1,LengthBall,OutsideOff,NotOut,None,BackFoot,Drive,OffCutter,Over,Medium,Right,Null,NotReferred,Null,False,False,False,False,False,False,144,False,False,False,False,True,False,1,0,0,0,0,False,False,0.0,,,,
1094390,12,9.33,13.0,0.0,0.0,112.0,3.0,13.0,39643,,23407,Major League Cricket 2025,2,1295,Washington Freedom,1293,MI New York,2025-07-14T08:20:17Z,5,False,1704,Kieron Pollard,3154,Rachin Ravindra,1837,Glenn Phillips,343,136,Deep Cover,1,0,1,1,LengthBall,Wide,NotOut,None,FrontFoot,Drive,NoMovement,Round,Medium,Right,Null,NotReferred,Null,False,False,False,False,False,False,144,False,False,False,False,True,False,1,0,0,0,0,False,False,0.0,,,,
1094390,12,9.33,13.0,0.0,0.0,112.0,3.0,13.0,39643,,23407,Major League Cricket 2025,2,1295,Washington Freedom,1293,MI New York,2025-07-14T08:20:52Z,6,False,1704,Kieron Pollard,1837,Glenn Phillips,3154,Rachin Ravindra,335,113,Mid Wicket,2,0,2,2,BackOfALength,Wide,NotOut,None,DownTheTrack,Worked,OffCutter,Over,Medium,Right,Null,NotReferred,Null,False,False,False,False,False,False,144,False,False,False,False,True,False,2,0,0,0,0,False,False,0.0,,,,
1094391,13,8.77,2.0,0.0,0.0,114.0,3.0,2.0,39643,,23407,Major League Cricket 2025,2,1295,Washington Freedom,1293,MI New York,2025-07-14T08:22:19Z,1,False,14286,Tristan Luus,3154,Rachin Ravindra,1837,Glenn Phillips,168,145,Deep Backward Square Leg,1,0,1,1,Short,DownLeg,NotOut,None,BackFoot,Pull,NoMovement,Over,Medium,Right,Null,NotReferred,Null,False,False,False,False,False,False,256,False,False,False,False,True,False,1,0,0,0,0,False,False,,,,,
1094391,13,8.77,2.0,0.0,0.0,114.0,3.0,2.0,39643,,23407,Major League Cricket 2025,2,1295,Washington Freedom,1293,MI New York,2025-07-14T08:23:13Z,2,False,14286,Tristan Luus,1837,Glenn Phillips,3154,Rachin Ravindra,90,48,Wicketkeeper,0,0,0,0,BackOfALength,Wide,NotOut,Missed,BackFoot,Cut,NoMovement,Over,Medium,Right,Null,NotReferred,Null,False,False,False,False,False,False,256,False,False,False,False,True,False,0,0,0,0,0,False,False,,,,,
1094391,13,8.77,2.0,0.0,0.0,114.0,3.0,2.0,39643,,23407,Major League Cricket 2025,2,1295,Washington Freedom,1293,MI New York,2025-07-14T08:23:41Z,3,False,14286,Tristan Luus,1837,Glenn Phillips,3154,Rachin Ravindra,214,57,Short Extra Cover,0,0,0,0,BackOfALength,Wide,NotOut,MisTimed,BackFoot,Drive,NoMovement,Over,Medium,Right,Null,NotReferred,Null,False,False,False,False,False,False,256,False,False,False,False,True,False,0,0,0,0,0,False,False,,,,,
1094391,13,8.77,2.0,0.0,0.0,114.0,3.0,2.0,39643,,23407,Major League Cricket 2025,2,1295,Washington Freedom,1293,MI New York,2025-07-14T08:24:07Z,4,False,14286,Tristan Luus,1837,Glenn Phillips,3154,Rachin Ravindra,211,91,Extra Cover,0,0,0,0,LengthBall,OutsideOff,NotOut,None,FrontFoot,Drive,NoMovement,Over,Medium,Right,Null,NotReferred,Null,False,False,False,False,False,False,256,False,False,False,False,True,False,0,0,0,0,0,False,False,,,,,
1094391,13,8.77,2.0,0.0,0.0,114.0,3.0,2.0,39643,,23407,Major League Cricket 2025,2,1295,Washington Freedom,1293,MI New York,2025-07-14T08:24:33Z,5,False,14286,Tristan Luus,1837,Glenn Phillips,3154,Rachin Ravindra,298,141,Long On,1,0,1,1,Short,OutsideOff,NotOut,MisTimed,BackFoot,Pull,NoMovement,Over,Medium,Right,Null,NotReferred,Null,False,False,False,False,False,False,256,False,False,False,False,True,False,1,0,0,0,0,False,False,,,,,
1094391,13,8.77,2.0,0.0,0.0,114.0,3.0,2.0,39643,,23407,Major League Cricket 2025,2,1295,Washington Freedom,1293,MI New York,2025-07-14T08:25:26Z,6,False,14286,Tristan Luus,3154,Rachin Ravindra,1837,Glenn Phillips,270,40,Bowler,0,0,0,0,HalfVolley,OutsideOff,NotOut,MisTimed,FrontFoot,Drive,NoMovement,Over,Medium,Right,Null,NotReferred,Null,False,False,False,False,False,False,256,False,False,False,False,True,False,0,0,0,0,0,False,False,,,,,
1094392,14,8.43,4.0,0.0,0.0,118.0,3.0,4.0,39643,,23407,Major League Cricket 2025,2,1295,Washington Freedom,1293,MI New York,2025-07-14T08:28:31Z,1,False,13784,Tajinder Singh,1837,Glenn Phillips,3154,Rachin Ravindra,212,42,Short Extra Cover,0,0,0,0,LengthBall,OutsideOff,NotOut,None,BackFoot,Drive,OffBreak,Over,OffSpin,Right,Null,NotReferred,Null,False,False,False,False,False,False,144,False,False,False,False,True,False,0,0,0,0,0,False,False,,,,,
1094392,14,8.43,4.0,0.0,0.0,118.0,3.0,4.0,39643,,23407,Major League Cricket 2025,2,1295,Washington Freedom,1293,MI New York,2025-07-14T08:28:45Z,2,False,13784,Tajinder Singh,1837,Glenn Phillips,3154,Rachin Ravindra,90,48,Wicketkeeper,0,0,0,0,LengthBall,OutsideOff,NotOut,Missed,FrontFoot,Slog,OffBreak,Over,OffSpin,Right,Null,NotReferred,Null,False,False,False,False,False,False,144,False,False,False,False,True,False,0,0,0,0,0,False,False,,,,,
1094392,14,8.43,4.0,0.0,0.0,118.0,3.0,4.0,39643,,23407,Major League Cricket 2025,2,1295,Washington Freedom,1293,MI New York,2025-07-14T08:28:59Z,3,False,13784,Tajinder Singh,1837,Glenn Phillips,3154,Rachin Ravindra,187,139,Deep Point,1,0,1,1,LengthBall,OutsideOff,NotOut,None,BackFoot,Drive,OffBreak,Over,OffSpin,Right,Null,NotReferred,Null,False,False,False,False,False,False,144,False,False,False,False,True,False,1,0,0,0,0,False,False,,,,,
1094392,14,8.43,4.0,0.0,0.0,118.0,3.0,4.0,39643,,23407,Major League Cricket 2025,2,1295,Washington Freedom,1293,MI New York,2025-07-14T08:29:26Z,4,False,13784,Tajinder Singh,3154,Rachin Ravindra,1837,Glenn Phillips,90,48,Wicketkeeper,0,0,0,0,LengthBall,Wide,NotOut,Missed,FrontFoot,SlogSweep,OffBreak,Round,OffSpin,Right,Null,NotReferred,Null,False,False,False,False,False,False,144,False,False,False,False,True,False,0,0,0,0,0,False,False,,,,,
1094392,14,8.43,4.0,0.0,0.0,118.0,3.0,4.0,39643,,23407,Major League Cricket 2025,2,1295,Washington Freedom,1293,MI New York,2025-07-14T08:29:57Z,5,False,13784,Tajinder Singh,3154,Rachin Ravindra,1837,Glenn Phillips,203,214,Deep Mid Wicket,2,0,2,2,LengthBall,OutsideOff,NotOut,WellTimed,BackFoot,Pull,OffBreak,Round,OffSpin,Right,Null,NotReferred,Null,False,False,False,False,True,False,144,False,False,False,False,True,False,2,0,0,0,0,False,False,,,,,
1094392,14,8.43,4.0,0.0,0.0,118.0,3.0,4.0,39643,,23407,Major League Cricket 2025,2,1295,Washington Freedom,1293,MI New York,2025-07-14T08:30:48Z,6,False,13784,Tajinder Singh,3154,Rachin Ravindra,1837,Glenn Phillips,329,46,Short Extra Cover,1,0,1,1,LengthBall,OutsideOff,NotOut,TopEdge,FrontFoot,Slog,OffBreak,Round,OffSpin,Right,Null,NotReferred,Null,False,False,False,False,False,False,144,False,False,False,False,True,False,1,0,0,0,0,False,False,,,,,
1094393,15,8.6,11.0,0.0,1.0,129.0,3.0,11.0,39643,,23407,Major League Cricket 2025,2,1295,Washington Freedom,1293,MI New York,2025-07-14T08:31:42Z,1,False,14286,Tristan Luus,3154,Rachin Ravindra,1837,Glenn Phillips,185,148,Deep Square Leg,1,0,1,1,BackOfALength,DownLeg,NotOut,MisTimed,BackFoot,Pull,NoMovement,Over,Medium,Right,Null,NotReferred,Null,False,False,False,False,False,False,256,False,False,False,False,True,False,1,0,0,0,0,False,False,0.0,,,,
1094393,15,8.6,11.0,0.0,1.0,129.0,3.0,11.0,39643,,23407,Major League Cricket 2025,2,1295,Washington Freedom,1293,MI New York,2025-07-14T08:32:23Z,2,False,14286,Tristan Luus,1837,Glenn Phillips,3154,Rachin Ravindra,31,63,Leg Gully,1,0,1,1,LengthBall,OutsideOff,NotOut,InsideEdge,BackFoot,Drive,NoMovement,Over,Medium,Right,Null,NotReferred,Null,False,False,False,False,False,False,256,False,False,False,False,True,False,1,0,0,0,0,False,False,0.0,,,,
1094393,15,8.6,11.0,0.0,1.0,129.0,3.0,11.0,39643,,23407,Major League Cricket 2025,2,1295,Washington Freedom,1293,MI New York,2025-07-14T08:33:01Z,3,False,14286,Tristan Luus,3154,Rachin Ravindra,1837,Glenn Phillips,270,40,Bowler,0,0,0,0,LengthBall,DownLeg,NotOut,InsideEdge,FrontFoot,Slog,NoMovement,Over,Medium,Right,Null,NotReferred,Null,False,False,False,False,False,False,256,False,False,False,False,True,False,0,0,0,0,0,False,False,0.0,,,,
1094393,15,8.6,11.0,0.0,1.0,129.0,3.0,11.0,39643,,23407,Major League Cricket 2025,2,1295,Washington Freedom,1293,MI New York,2025-07-14T08:33:29Z,4,False,14286,Tristan Luus,3154,Rachin Ravindra,1837,Glenn Phillips,90,48,Wicketkeeper,1,1,1,0,Short,DownLeg,NotOut,PlayAndMissLegSide,BackFoot,Pull,NoMovement,Over,Medium,Right,Null,NotReferred,Null,True,False,False,False,False,False,256,False,False,False,False,True,False,1,0,1,0,0,False,False,0.0,,,,
1094393,15,8.6,11.0,0.0,1.0,129.0,3.0,11.0,39643,,23407,Major League Cricket 2025,2,1295,Washington Freedom,1293,MI New York,2025-07-14T08:34:02Z,4,False,14286,Tristan Luus,3154,Rachin Ravindra,1837,Glenn Phillips,358,147,Deep Point,1,0,1,1,LengthBall,OutsideOff,NotOut,None,BackFoot,Cut,NoMovement,Over,Medium,Right,Null,NotReferred,Null,False,False,False,False,True,False,256,False,False,False,False,True,False,1,0,0,0,0,False,False,0.0,,,,
1094393,15,8.6,11.0,0.0,1.0,129.0,3.0,11.0,39643,,23407,Major League Cricket 2025,2,1295,Washington Freedom,1293,MI New York,2025-07-14T08:34:45Z,5,False,14286,Tristan Luus,1837,Glenn Phillips,3154,Rachin Ravindra,208,212,Deep Extra Cover,6,0,6,6,BackOfALength,OutsideOff,NotOut,Middled,BackFoot,Drive,NoMovement,Over,Medium,Right,Null,NotReferred,Null,False,False,False,False,True,False,256,False,False,False,False,True,False,6,0,0,0,0,False,False,0.0,,,,
1094393,15,8.6,11.0,0.0,1.0,129.0,3.0,11.0,39643,,23407,Major League Cricket 2025,2,1295,Washington Freedom,1293,MI New York,2025-07-14T08:35:23Z,6,False,14286,Tristan Luus,1837,Glenn Phillips,3154,Rachin Ravindra,188,138,Deep Point,1,0,1,1,BackOfALength,Wide,NotOut,None,BackFoot,Cut,NoMovement,Over,Medium,Right,Null,NotReferred,Null,False,False,False,False,False,False,256,False,False,False,False,True,False,1,0,0,0,0,False,False,0.0,,,,
1094394,16,8.31,4.0,1.0,0.0,133.0,4.0,4.0,39643,,23407,Major League Cricket 2025,2,1295,Washington Freedom,1293,MI New York,2025-07-14T08:37:19Z,1,False,15320,Rushil Ugarkar,1837,Glenn Phillips,3154,Rachin Ravindra,341,147,Deep Mid Wicket,1,0,1,1,BackOfALength,OutsideOff,NotOut,None,BackFoot,Pull,NoMovement,Over,Medium,Right,Null,NotReferred,Null,False,False,False,False,True,False,144,False,False,False,False,True,False,1,0,0,0,0,False,False,0.0,,,,
1094394,16,8.31,4.0,1.0,0.0,133.0,4.0,4.0,39643,,23407,Major League Cricket 2025,2,1295,Washington Freedom,1293,MI New York,2025-07-14T08:38:13Z,2,True,15320,Rushil Ugarkar,3154,Rachin Ravindra,1837,Glenn Phillips,330,104,Extra Cover,0,0,0,0,LengthBall,OutsideOff,NotOut,MisTimed,FrontFoot,Drive,NoMovement,Over,Medium,Right,Out2ndUmpire,NotReferred,Null,False,False,False,False,False,False,144,False,False,False,False,True,False,0,0,0,0,0,False,False,2.0,Caught,3154.0,Rachin Ravindra,Caught
1094394,16,8.31,4.0,1.0,0.0,133.0,4.0,4.0,39643,,23407,Major League Cricket 2025,2,1295,Washington Freedom,1293,MI New York,2025-07-14T08:39:55Z,3,False,15320,Rushil Ugarkar,591,Glenn Maxwell,1837,Glenn Phillips,40,106,Fine Leg,1,0,1,1,LengthBall,OutsideOff,NotOut,None,FrontFoot,Worked,OffCutter,Over,Medium,Right,Null,NotReferred,Null,False,False,False,False,True,False,144,False,False,False,False,True,False,1,0,0,0,0,False,False,0.0,,,,
1094394,16,8.31,4.0,1.0,0.0,133.0,4.0,4.0,39643,,23407,Major League Cricket 2025,2,1295,Washington Freedom,1293,MI New York,2025-07-14T08:40:32Z,4,False,15320,Rushil Ugarkar,1837,Glenn Phillips,591,Glenn Maxwell,190,136,Deep Point,1,0,1,1,BackOfALength,Wide,NotOut,None,BackFoot,Drive,OffCutter,Over,Medium,Right,Null,NotReferred,Null,False,False,False,False,False,False,144,False,False,False,False,True,False,1,0,0,0,0,False,False,0.0,,,,
1094394,16,8.31,4.0,1.0,0.0,133.0,4.0,4.0,39643,,23407,Major League Cricket 2025,2,1295,Washington Freedom,1293,MI New York,2025-07-14T08:41:14Z,5,False,15320,Rushil Ugarkar,591,Glenn Maxwell,1837,Glenn Phillips,90,48,Wicketkeeper,0,0,0,0,LengthBall,OutsideOff,NotOut,None,FrontFoot,Steer,OffCutter,Over,Medium,Right,Null,NotReferred,Null,False,False,False,False,False,False,144,False,False,False,False,True,False,0,0,0,0,0,False,False,0.0,,,,
1094394,16,8.31,4.0,1.0,0.0,133.0,4.0,4.0,39643,,23407,Major League Cricket 2025,2,1295,Washington Freedom,1293,MI New York,2025-07-14T08:41:37Z,6,False,15320,Rushil Ugarkar,591,Glenn Maxwell,1837,Glenn Phillips,359,144,Deep Square Leg,1,0,1,1,BackOfALength,OutsideOff,NotOut,None,DownTheTrack,Worked,OffCutter,Over,Medium,Right,Null,NotReferred,Null,False,False,False,False,False,False,144,False,False,False,False,True,False,1,0,0,0,0,False,False,0.0,,,,
1094395,17,8.24,7.0,0.0,0.0,140.0,4.0,7.0,39643,,23407,Major League Cricket 2025,2,1295,Washington Freedom,1293,MI New York,2025-07-14T08:43:01Z,1,False,1164,Trent Boult,591,Glenn Maxwell,1837,Glenn Phillips,340,149,Deep Mid Wicket,1,0,1,1,FullToss,DownLeg,NotOut,None,FrontFoot,Flick,NoMovement,Over,Fast,Left,Null,NotReferred,Null,False,False,False,False,True,False,256,False,False,False,False,True,False,1,0,0,0,0,False,False,,,,,
1094395,17,8.24,7.0,0.0,0.0,140.0,4.0,7.0,39643,,23407,Major League Cricket 2025,2,1295,Washington Freedom,1293,MI New York,2025-07-14T08:43:41Z,2,False,1164,Trent Boult,1837,Glenn Phillips,591,Glenn Maxwell,90,48,Wicketkeeper,0,0,0,0,Yorker,OutsideOff,NotOut,Missed,FrontFoot,Drive,NoMovement,Over,Fast,Left,Null,NotReferred,Null,False,False,False,False,False,False,256,False,False,False,False,True,False,0,0,0,0,0,False,False,,,,,
1094395,17,8.24,7.0,0.0,0.0,140.0,4.0,7.0,39643,,23407,Major League Cricket 2025,2,1295,Washington Freedom,1293,MI New York,2025-07-14T08:44:07Z,3,False,1164,Trent Boult,1837,Glenn Phillips,591,Glenn Maxwell,270,40,Bowler,1,0,1,1,HalfVolley,DownLeg,NotOut,None,FrontFoot,Drive,NoMovement,Over,Fast,Left,Null,NotReferred,Null,False,False,False,False,False,False,256,False,False,False,False,True,False,1,0,0,0,0,False,False,,,,,
1094395,17,8.24,7.0,0.0,0.0,140.0,4.0,7.0,39643,,23407,Major League Cricket 2025,2,1295,Washington Freedom,1293,MI New York,2025-07-14T08:44:51Z,4,False,1164,Trent Boult,591,Glenn Maxwell,1837,Glenn Phillips,187,138,Deep Point,2,0,2,2,HalfVolley,DownLeg,NotOut,None,DownTheTrack,Drive,NoMovement,Over,Fast,Left,Null,NotReferred,Null,False,False,False,False,False,False,256,False,False,False,False,True,False,2,0,0,0,0,False,False,,,,,
1094395,17,8.24,7.0,0.0,0.0,140.0,4.0,7.0,39643,,23407,Major League Cricket 2025,2,1295,Washington Freedom,1293,MI New York,2025-07-14T08:45:30Z,5,False,1164,Trent Boult,591,Glenn Maxwell,1837,Glenn Phillips,129,141,Third Man,2,0,2,2,HalfVolley,DownLeg,NotOut,MisTimed,FrontFoot,ReverseSweep,NoMovement,Over,Fast,Left,Null,NotReferred,Null,False,False,False,False,False,False,256,False,False,False,False,True,False,2,0,0,0,0,False,False,,,,,
1094395,17,8.24,7.0,0.0,0.0,140.0,4.0,7.0,39643,,23407,Major League Cricket 2025,2,1295,Washington Freedom,1293,MI New York,2025-07-14T08:46:38Z,6,False,1164,Trent Boult,591,Glenn Maxwell,1837,Glenn Phillips,14,146,Deep Backward Square Leg,1,0,1,1,Yorker,DownLeg,NotOut,None,FrontFoot,Worked,NoMovement,Over,Fast,Left,Null,NotReferred,Null,False,False,False,False,False,False,256,False,False,False,False,True,False,1,0,0,0,0,False,False,,,,,
1094397,18,8.72,17.0,0.0,1.0,157.0,4.0,17.0,39643,,23407,Major League Cricket 2025,2,1295,Washington Freedom,1293,MI New York,2025-07-14T08:48:17Z,1,False,14286,Tristan Luus,591,Glenn Maxwell,1837,Glenn Phillips,212,97,Extra Cover,1,0,1,1,BackOfALength,OutsideOff,NotOut,None,BackFoot,Cut,LegCutter,Over,Medium,Right,Null,NotReferred,Null,False,False,False,False,False,False,144,False,False,False,False,True,False,1,0,0,0,0,False,False,0.0,,,,
1094397,18,8.72,17.0,0.0,1.0,157.0,4.0,17.0,39643,,23407,Major League Cricket 2025,2,1295,Washington Freedom,1293,MI New York,2025-07-14T08:48:58Z,2,False,14286,Tristan Luus,1837,Glenn Phillips,591,Glenn Maxwell,339,209,Deep Mid Wicket,6,0,6,6,BackOfALength,OutsideOff,NotOut,WellTimed,BackFoot,Pull,LegCutter,Over,Medium,Right,Null,NotReferred,Null,False,False,False,False,True,False,144,False,False,False,False,True,False,6,0,0,0,0,False,True,0.0,,,,
1094397,18,8.72,17.0,0.0,1.0,157.0,4.0,17.0,39643,,23407,Major League Cricket 2025,2,1295,Washington Freedom,1293,MI New York,2025-07-14T08:49:40Z,3,False,14286,Tristan Luus,1837,Glenn Phillips,591,Glenn Maxwell,244,209,Long Off,6,0,6,6,LengthBall,OutsideOff,NotOut,WellTimed,FrontFoot,Drive,NoMovement,Over,Medium,Right,Null,NotReferred,Null,False,False,False,False,True,False,144,False,False,False,False,True,False,6,0,0,0,0,False,True,0.0,,,,
1094397,18,8.72,17.0,0.0,1.0,157.0,4.0,17.0,39643,,23407,Major League Cricket 2025,2,1295,Washington Freedom,1293,MI New York,2025-07-14T08:50:25Z,4,False,14286,Tristan Luus,1837,Glenn Phillips,591,Glenn Maxwell,128,76,Short Third Man,1,0,1,1,LengthBall,OutsideOff,NotOut,OutsideEdge,FrontFoot,Drive,NoMovement,Over,Medium,Right,Null,NotReferred,Null,False,False,False,False,False,False,144,False,False,False,False,True,False,1,0,0,0,0,False,False,3.0,,,,
1094397,18,8.72,17.0,0.0,1.0,157.0,4.0,17.0,39643,,23407,Major League Cricket 2025,2,1295,Washington Freedom,1293,MI New York,2025-07-14T08:51:08Z,5,False,14286,Tristan Luus,591,Glenn Maxwell,1837,Glenn Phillips,336,136,Deep Mid Wicket,2,0,2,2,Short,OutsideOff,NotOut,MisTimed,BackFoot,Pull,LegCutter,Over,Medium,Right,Null,NotReferred,Null,False,False,False,False,False,False,144,False,False,False,False,True,False,2,0,0,0,0,False,False,0.0,,,,
1094397,18,8.72,17.0,0.0,1.0,157.0,4.0,17.0,39643,,23407,Major League Cricket 2025,2,1295,Washington Freedom,1293,MI New York,2025-07-14T08:51:52Z,6,False,14286,Tristan Luus,591,Glenn Maxwell,1837,Glenn Phillips,90,48,Wicketkeeper,1,1,1,0,LengthBall,Wide,NotOut,Missed,FrontFoot,ReverseSweep,NoMovement,Over,Medium,Right,Null,NotReferred,Null,True,False,False,False,False,False,144,False,False,False,False,True,False,1,0,1,0,0,False,False,0.0,,,,
1094397,18,8.72,17.0,0.0,1.0,157.0,4.0,17.0,39643,,23407,Major League Cricket 2025,2,1295,Washington Freedom,1293,MI New York,2025-07-14T08:52:37Z,6,False,14286,Tristan Luus,591,Glenn Maxwell,1837,Glenn Phillips,90,48,Wicketkeeper,0,0,0,0,HalfVolley,Wide,NotOut,Missed,DeepInCrease,Drive,NoMovement,Over,Medium,Right,Null,NotReferred,Null,False,False,False,False,False,False,144,False,False,False,False,True,False,0,0,0,0,0,False,False,0.0,,,,
1094399,19,8.89,12.0,0.0,0.0,169.0,4.0,12.0,39643,,23407,Major League Cricket 2025,2,1295,Washington Freedom,1293,MI New York,2025-07-14T08:54:00Z,1,False,1164,Trent Boult,1837,Glenn Phillips,591,Glenn Maxwell,341,150,Deep Mid Wicket,2,0,2,2,HalfVolley,DownLeg,NotOut,None,BackFoot,Worked,NoMovement,Over,Fast,Left,Null,NotReferred,Null,False,False,False,False,False,False,256,False,False,False,False,True,False,2,0,0,0,0,False,False,0.0,,,,
1094399,19,8.89,12.0,0.0,0.0,169.0,4.0,12.0,39643,,23407,Major League Cricket 2025,2,1295,Washington Freedom,1293,MI New York,2025-07-14T08:54:35Z,2,False,1164,Trent Boult,1837,Glenn Phillips,591,Glenn Maxwell,253,206,Long Off,6,0,6,6,HalfVolley,DownLeg,NotOut,Middled,DeepInCrease,Drive,NoMovement,Over,Fast,Left,Null,NotReferred,Null,False,False,False,False,True,False,256,False,False,False,False,True,False,6,0,0,0,0,False,True,0.0,,,,
1094399,19,8.89,12.0,0.0,0.0,169.0,4.0,12.0,39643,,23407,Major League Cricket 2025,2,1295,Washington Freedom,1293,MI New York,2025-07-14T08:55:16Z,3,False,1164,Trent Boult,1837,Glenn Phillips,591,Glenn Maxwell,126,88,Short Third Man,1,0,1,1,HalfVolley,OutsideOff,NotOut,ThickEdge,FrontFoot,Drive,NoMovement,Over,Fast,Left,Null,NotReferred,Null,False,False,False,False,False,False,256,False,False,False,False,True,False,1,0,0,0,0,False,False,0.0,,,,
1094399,19,8.89,12.0,0.0,0.0,169.0,4.0,12.0,39643,,23407,Major League Cricket 2025,2,1295,Washington Freedom,1293,MI New York,2025-07-14T08:55:57Z,4,False,1164,Trent Boult,591,Glenn Maxwell,1837,Glenn Phillips,296,152,Long On,2,0,2,2,FullToss,LegStump,NotOut,MisTimed,DeepInCrease,Slog,NoMovement,Over,Fast,Left,Null,NotReferred,Null,False,False,False,False,False,False,256,False,False,False,False,True,False,2,0,0,0,0,False,False,3.0,,,,
1094399,19,8.89,12.0,0.0,0.0,169.0,4.0,12.0,39643,,23407,Major League Cricket 2025,2,1295,Washington Freedom,1293,MI New York,2025-07-14T08:56:54Z,5,False,1164,Trent Boult,591,Glenn Maxwell,1837,Glenn Phillips,90,48,Wicketkeeper,0,0,0,0,Yorker,OutsideOff,NotOut,Missed,BackFoot,Drive,NoMovement,Over,Fast,Left,Null,NotReferred,Null,False,False,False,False,False,False,256,False,False,False,False,True,False,0,0,0,0,0,False,False,0.0,,,,
1094399,19,8.89,12.0,0.0,0.0,169.0,4.0,12.0,39643,,23407,Major League Cricket 2025,2,1295,Washington Freedom,1293,MI New York,2025-07-14T08:57:34Z,6,False,1164,Trent Boult,591,Glenn Maxwell,1837,Glenn Phillips,297,87,Mid On,1,0,1,1,FullToss,OutsideOff,NotOut,MisTimed,DownTheTrack,Slog,ReverseSwingOut,Over,Fast,Left,Null,NotReferred,Null,False,False,False,False,False,False,256,False,False,False,False,True,False,1,0,0,0,0,False,False,0.0,,,,
1094403,20,8.75,6.0,1.0,0.0,175.0,5.0,6.0,39643,,23407,Major League Cricket 2025,2,1295,Washington Freedom,1293,MI New York,2025-07-14T08:59:26Z,1,False,15320,Rushil Ugarkar,591,Glenn Maxwell,1837,Glenn Phillips,2,152,Deep Square Leg,1,0,1,1,LengthBall,OutsideOff,NotOut,MisTimed,FrontFoot,Slog,OffCutter,Over,Medium,Right,Null,NotReferred,Null,False,False,False,False,False,False,144,False,False,False,False,True,False,1,0,0,0,0,False,False,0.0,,,,
1094403,20,8.75,6.0,1.0,0.0,175.0,5.0,6.0,39643,,23407,Major League Cricket 2025,2,1295,Washington Freedom,1293,MI New York,2025-07-14T09:00:27Z,2,False,15320,Rushil Ugarkar,1837,Glenn Phillips,591,Glenn Maxwell,343,146,Deep Mid Wicket,1,0,1,1,BackOfALength,Wide,NotOut,None,BackFoot,Pull,OffCutter,Over,Medium,Right,Null,NotReferred,Null,False,False,False,False,True,False,144,False,False,False,False,True,False,1,0,0,0,0,False,False,0.0,,,,
1094403,20,8.75,6.0,1.0,0.0,175.0,5.0,6.0,39643,,23407,Major League Cricket 2025,2,1295,Washington Freedom,1293,MI New York,2025-07-14T09:01:18Z,3,False,15320,Rushil Ugarkar,591,Glenn Maxwell,1837,Glenn Phillips,90,48,Wicketkeeper,0,0,0,0,BackOfALength,OutsideOff,NotOut,Missed,DeepInCrease,Slog,OffCutter,Over,Medium,Right,Null,NotReferred,Null,False,False,False,False,False,False,144,False,False,False,False,True,False,0,0,0,0,0,False,False,0.0,,,,
1094403,20,8.75,6.0,1.0,0.0,175.0,5.0,6.0,39643,,23407,Major League Cricket 2025,2,1295,Washington Freedom,1293,MI New York,2025-07-14T09:02:20Z,4,True,15320,Rushil Ugarkar,591,Glenn Maxwell,1837,Glenn Phillips,345,152,Deep Mid Wicket,0,0,0,0,LengthBall,OutsideOff,NotOut,MisTimed,DownTheTrack,Slog,OffCutter,Over,Medium,Right,Out2ndUmpire,NotReferred,Null,False,False,False,False,False,False,144,False,False,False,False,True,False,0,0,0,0,0,False,False,2.0,Caught,591.0,Glenn Maxwell,Caught
1094403,20,8.75,6.0,1.0,0.0,175.0,5.0,6.0,39643,,23407,Major League Cricket 2025,2,1295,Washington Freedom,1293,MI New York,2025-07-14T09:04:11Z,5,False,15320,Rushil Ugarkar,3729,Obus Pienaar,1837,Glenn Phillips,90,48,Wicketkeeper,0,0,0,0,LengthBall,OutsideOff,NotOut,Missed,FrontFoot,Slog,OffCutter,Over,Medium,Right,Null,NotReferred,Null,False,False,False,False,False,False,144,False,False,False,False,True,False,0,0,0,0,0,False,False,0.0,,,,
1094403,20,8.75,6.0,1.0,0.0,175.0,5.0,6.0,39643,,23407,Major League Cricket 2025,2,1295,Washington Freedom,1293,MI New York,2025-07-14T09:04:54Z,6,False,15320,Rushil Ugarkar,3729,Obus Pienaar,1837,Glenn Phillips,252,211,Long Off,4,0,4,4,LengthBall,OutsideOff,NotOut,WellTimed,FrontFoot,Drive,OffCutter,Over,Medium,Right,Null,NotReferred,Null,False,False,False,False,True,False,144,False,False,False,False,True,False,4,0,0,0,0,False,True,0.0,,,,
