over_id,over_overNumber,over_runrate,over_runsConceded,over_wickets,over_runsExtras,over_totalInningRuns,over_totalInningWickets,over_totalRuns,id,matchName,fixtureId,fixtureName,inningNumber,battingTeamId,battingTeamName,bowlingTeamId,bowlingTeamName,ballDateTime,ballNumber,isWicket,bowlerPlayerId,bowlerPlayerName,battingPlayerId,battingPlayerName,nonStrikeBattingPlayerId,nonStrikeBattingPlayerName,shotAngle,shotMagnitude,fieldingPosition,runsConceded,extras,runs,runsScored,lengthTypeId,lineTypeId,appealDismissalTypeId,battingConnectionId,battingFeetId,battingShotTypeId,bowlingDetailId,bowlingFromId,bowlingTypeId,bowlingHandId,outcomeId,referralOutcomeId,noBallReasonId,isWide,isNoBall,isByes,isLegByes,isAirControlled,isAppeal,decisionOfficialId,isFreeHit,isNewBall,isPowerPlay,isBattingPowerPlay,isFloodLit,isReferred,teamRuns,runsByes,runsWide,runsLegByes,noBallsCount,isBoundry,isAirNotControlled,catchDifficulty,dismissalTypeId,dismissalPlayerId,dismissalPlayerName,dismissalType
1586434,1,16.0,16.0,0.0,0.0,16.0,0.0,16.0,74732,,40276,IPL 2026,1,1167,Lucknow Super Giants,242,Punjab Kings,2026-05-23T19:30:30Z,1,False,2667,Arshdeep Singh,1151,Josh Inglis,14300,Arshin Kulkarni,204,193,Deep Cover,4,0,4,4,LengthBall,OffStump,NotOut,WellTimed,FrontFoot,Drive,AwaySwinger,Over,Fast,Left,Null,NotReferred,Null,False,False,False,False,False,False,1327,False,True,True,False,True,False,4,0,0,0,0,False,True,,,,,
1586434,1,16.0,16.0,0.0,0.0,16.0,0.0,16.0,74732,,40276,IPL 2026,1,1167,Lucknow Super Giants,242,Punjab Kings,2026-05-23T19:31:20Z,2,False,2667,Arshdeep Singh,1151,Josh Inglis,14300,Arshin Kulkarni,176,82,Point,0,0,0,0,LengthBall,OffStump,NotOut,Played,FrontFoot,Drive,AwaySwinger,Over,Fast,Left,Null,NotReferred,Null,False,False,False,False,False,False,1327,False,False,True,False,True,False,0,0,0,0,0,False,False,,,,,
1586434,1,16.0,16.0,0.0,0.0,16.0,0.0,16.0,74732,,40276,IPL 2026,1,1167,Lucknow Super Giants,242,Punjab Kings,2026-05-23T19:32:01Z,3,False,2667,Arshdeep Singh,1151,Josh Inglis,14300,Arshin Kulkarni,340,12,Short Leg,0,0,0,0,LengthBall,LegStump,NotOut,HitPad,BackFoot,Worked,InSwinger,Over,Fast,Left,Null,NotReferred,Null,False,False,False,False,False,False,1327,False,False,True,False,True,False,0,0,0,0,0,False,False,,,,,
1586434,1,16.0,16.0,0.0,0.0,16.0,0.0,16.0,74732,,40276,IPL 2026,1,1167,Lucknow Super Giants,242,Punjab Kings,2026-05-23T19:32:43Z,4,False,2667,Arshdeep Singh,1151,Josh Inglis,14300,Arshin Kulkarni,20,187,Deep Backward Square Leg,4,0,4,4,BackOfALength,DownLeg,NotOut,WellTimed,BackFoot,Pull,NoMovement,Over,Fast,Left,Null,NotReferred,Null,False,False,False,False,True,False,1327,False,False,True,False,True,False,4,0,0,0,0,False,True,,,,,
1586434,1,16.0,16.0,0.0,0.0,16.0,0.0,16.0,74732,,40276,IPL 2026,1,1167,Lucknow Super Giants,242,Punjab Kings,2026-05-23T19:33:29Z,5,False,2667,Arshdeep Singh,1151,Josh Inglis,14300,Arshin Kulkarni,262,199,Long Off,4,0,4,4,LengthBall,OffStump,NotOut,WellTimed,FrontFoot,Drive,AwaySwinger,Over,Fast,Left,Null,NotReferred,Null,False,False,False,False,True,False,1327,False,False,True,False,True,False,4,0,0,0,0,False,True,,,,,
1586434,1,16.0,16.0,0.0,0.0,16.0,0.0,16.0,74732,,40276,IPL 2026,1,1167,Lucknow Super Giants,242,Punjab Kings,2026-05-23T19:34:12Z,6,False,2667,Arshdeep Singh,1151,Josh Inglis,14300,Arshin Kulkarni,290,211,Long On,4,0,4,4,LengthBall,MiddleStump,NotOut,WellTimed,FrontFoot,Drive,InSwinger,Over,Fast,Left,Null,NotReferred,Null,False,False,False,False,True,False,1327,False,False,True,False,True,False,4,0,0,0,0,False,True,,,,,
1586437,2,8.5,1.0,1.0,0.0,17.0,1.0,1.0,74732,,40276,IPL 2026,1,1167,Lucknow Super Giants,242,Punjab Kings,2026-05-23T19:35:25Z,1,True,4203,Azmatullah Omarzai,14300,Arshin Kulkarni,1151,Josh Inglis,90,48,Wicketkeeper,0,0,0,0,LengthBall,Wide,NotOut,InsideEdge,FrontFoot,Drive,AwaySwinger,Over,Fast,Right,Out2ndUmpire,NotReferred,Null,False,False,False,False,False,False,1000,False,False,True,False,True,False,0,0,0,0,0,False,False,1.0,Caught,14300.0,Arshin Kulkarni,Caught
1586437,2,8.5,1.0,1.0,0.0,17.0,1.0,1.0,74732,,40276,IPL 2026,1,1167,Lucknow Super Giants,242,Punjab Kings,2026-05-23T19:37:36Z,2,False,4203,Azmatullah Omarzai,1846,Nicholas Pooran,1151,Josh Inglis,317,24,Silly Point,0,0,0,0,LengthBall,MiddleStump,Lbw,InsideEdge,FrontFoot,Worked,AwaySwinger,Over,Fast,Right,NotOut2ndUmpire,NotReferred,Null,False,False,False,False,False,True,1000,False,False,True,False,True,False,0,0,0,0,0,False,False,0.0,,,,
1586437,2,8.5,1.0,1.0,0.0,17.0,1.0,1.0,74732,,40276,IPL 2026,1,1167,Lucknow Super Giants,242,Punjab Kings,2026-05-23T19:38:16Z,3,False,4203,Azmatullah Omarzai,1846,Nicholas Pooran,1151,Josh Inglis,90,48,Wicketkeeper,0,0,0,0,LengthBall,LegStump,NotOut,Left,FrontFoot,ShouldersArms,AwaySwinger,Over,Fast,Right,Null,NotReferred,Null,False,False,False,False,False,False,1000,False,False,True,False,True,False,0,0,0,0,0,False,False,0.0,,,,
1586437,2,8.5,1.0,1.0,0.0,17.0,1.0,1.0,74732,,40276,IPL 2026,1,1167,Lucknow Super Giants,242,Punjab Kings,2026-05-23T19:38:47Z,4,False,4203,Azmatullah Omarzai,1846,Nicholas Pooran,1151,Josh Inglis,62,40,Second Slip,0,0,0,0,BackOfALength,DownLeg,NotOut,MisTimed,BackFoot,Dropped,SeamAway,Over,Fast,Right,Null,NotReferred,Null,False,False,False,False,False,False,1000,False,False,True,False,True,False,0,0,0,0,0,False,False,0.0,,,,
1586437,2,8.5,1.0,1.0,0.0,17.0,1.0,1.0,74732,,40276,IPL 2026,1,1167,Lucknow Super Giants,242,Punjab Kings,2026-05-23T19:39:31Z,5,False,4203,Azmatullah Omarzai,1846,Nicholas Pooran,1151,Josh Inglis,343,82,Cover,0,0,0,0,LengthBall,MiddleStump,NotOut,Played,FrontFoot,Drive,AwaySwinger,Over,Fast,Right,Null,NotReferred,Null,False,False,False,False,False,False,1000,False,False,True,False,True,False,0,0,0,0,0,False,False,0.0,,,,
1586437,2,8.5,1.0,1.0,0.0,17.0,1.0,1.0,74732,,40276,IPL 2026,1,1167,Lucknow Super Giants,242,Punjab Kings,2026-05-23T19:40:15Z,6,False,4203,Azmatullah Omarzai,1846,Nicholas Pooran,1151,Josh Inglis,295,91,Mid Off,1,0,1,1,LengthBall,DownLeg,NotOut,Played,FrontFoot,Pushed,AwaySwinger,Over,Fast,Right,Null,NotReferred,Null,False,False,False,False,False,False,1000,False,False,True,False,True,False,1,0,0,0,0,False,False,0.0,,,,
1586440,3,6.67,2.0,1.0,2.0,20.0,2.0,3.0,74732,,40276,IPL 2026,1,1167,Lucknow Super Giants,242,Punjab Kings,2026-05-23T19:41:27Z,1,False,2705,Marco Jansen,1846,Nicholas Pooran,1151,Josh Inglis,351,63,Point,1,0,1,1,LengthBall,OutsideOff,NotOut,Played,BackFoot,Pushed,NoMovement,Over,Fast,Left,Null,NotReferred,Null,False,False,False,False,False,False,1327,False,False,True,False,True,False,1,0,0,0,0,False,False,0.0,,,,
1586440,3,6.67,2.0,1.0,2.0,20.0,2.0,3.0,74732,,40276,IPL 2026,1,1167,Lucknow Super Giants,242,Punjab Kings,2026-05-23T19:42:15Z,2,False,2705,Marco Jansen,1151,Josh Inglis,1846,Nicholas Pooran,90,48,Wicketkeeper,1,1,1,0,LengthBall,DownLeg,NotOut,MissedLegSide,FrontFoot,Slog,NoMovement,Over,Fast,Left,Null,NotReferred,Null,True,False,False,False,False,False,1327,False,False,True,False,True,False,1,0,1,0,0,False,False,0.0,,,,
1586440,3,6.67,2.0,1.0,2.0,20.0,2.0,3.0,74732,,40276,IPL 2026,1,1167,Lucknow Super Giants,242,Punjab Kings,2026-05-23T19:42:55Z,2,False,2705,Marco Jansen,1151,Josh Inglis,1846,Nicholas Pooran,90,48,Wicketkeeper,0,0,0,0,LengthBall,OffStump,NotOut,Missed,BackFoot,Cut,NoMovement,Over,Fast,Left,Null,NotReferred,Null,False,False,False,False,False,False,1327,False,False,True,False,True,False,0,0,0,0,0,False,False,0.0,,,,
1586440,3,6.67,2.0,1.0,2.0,20.0,2.0,3.0,74732,,40276,IPL 2026,1,1167,Lucknow Super Giants,242,Punjab Kings,2026-05-23T19:43:29Z,3,False,2705,Marco Jansen,1151,Josh Inglis,1846,Nicholas Pooran,90,48,Wicketkeeper,0,0,0,0,Short,DownLeg,NotOut,Missed,DownTheTrack,Pull,OffCutter,Over,Fast,Left,Null,NotReferred,Null,False,False,False,False,False,False,1327,False,False,True,False,True,False,0,0,0,0,0,False,False,0.0,,,,
1586440,3,6.67,2.0,1.0,2.0,20.0,2.0,3.0,74732,,40276,IPL 2026,1,1167,Lucknow Super Giants,242,Punjab Kings,2026-05-23T19:43:59Z,4,False,2705,Marco Jansen,1151,Josh Inglis,1846,Nicholas Pooran,193,58,Point,0,1,1,0,LengthBall,DownLeg,NotOut,HitPad,BackFoot,Slog,NoMovement,Over,Fast,Left,Null,NotReferred,Null,False,False,False,True,False,False,1327,False,False,True,False,True,False,1,0,0,1,0,False,False,0.0,,,,
1586440,3,6.67,2.0,1.0,2.0,20.0,2.0,3.0,74732,,40276,IPL 2026,1,1167,Lucknow Super Giants,242,Punjab Kings,2026-05-23T19:44:39Z,5,True,2705,Marco Jansen,1846,Nicholas Pooran,1151,Josh Inglis,0,0,,0,0,0,0,BackOfALength,OutsideOff,NotOut,BottomEdge,BackFoot,Pull,NoMovement,Over,Fast,Left,Out1stUmpire,NotReferred,Null,False,False,False,False,False,False,1327,False,False,True,False,True,False,0,0,0,0,0,False,False,0.0,Bowled,1846.0,Nicholas Pooran,Bowled
1586440,3,6.67,2.0,1.0,2.0,20.0,2.0,3.0,74732,,40276,IPL 2026,1,1167,Lucknow Super Giants,242,Punjab Kings,2026-05-23T19:46:32Z,6,False,2705,Marco Jansen,7414,Ayush Badoni,1151,Josh Inglis,166,37,Gully,0,0,0,0,LengthBall,MiddleStump,NotOut,Played,BackFoot,BackwardDefensive,AwaySwinger,Over,Fast,Left,Null,NotReferred,Null,False,False,False,False,False,False,1327,False,False,True,False,True,False,0,0,0,0,0,False,False,0.0,,,,
1586444,4,6.0,4.0,0.0,0.0,24.0,2.0,4.0,74732,,40276,IPL 2026,1,1167,Lucknow Super Giants,242,Punjab Kings,2026-05-23T19:47:41Z,1,False,4203,Azmatullah Omarzai,1151,Josh Inglis,7414,Ayush Badoni,250,94,Mid Off,1,0,1,1,LengthBall,OutsideOff,NotOut,Played,FrontFoot,Drive,InSwinger,Over,Fast,Right,Null,NotReferred,Null,False,False,False,False,False,False,1000,False,False,True,False,True,False,1,0,0,0,0,False,False,0.0,,,,
1586444,4,6.0,4.0,0.0,0.0,24.0,2.0,4.0,74732,,40276,IPL 2026,1,1167,Lucknow Super Giants,242,Punjab Kings,2026-05-23T19:48:25Z,2,False,4203,Azmatullah Omarzai,7414,Ayush Badoni,1151,Josh Inglis,328,65,Mid Wicket,0,0,0,0,LengthBall,OutsideOff,NotOut,Played,DownTheTrack,Flick,InSwinger,Over,Fast,Right,Null,NotReferred,Null,False,False,False,False,False,False,1000,False,False,True,False,True,False,0,0,0,0,0,False,False,0.0,,,,
1586444,4,6.0,4.0,0.0,0.0,24.0,2.0,4.0,74732,,40276,IPL 2026,1,1167,Lucknow Super Giants,242,Punjab Kings,2026-05-23T19:49:05Z,3,False,4203,Azmatullah Omarzai,7414,Ayush Badoni,1151,Josh Inglis,226,30,Silly Point,0,0,0,0,LengthBall,Wide,NotOut,MisTimed,DownTheTrack,Drive,InSwinger,Over,Fast,Right,Null,NotReferred,Null,False,False,False,False,False,False,1000,False,False,True,False,True,False,0,0,0,0,0,False,False,0.0,,,,
1586444,4,6.0,4.0,0.0,0.0,24.0,2.0,4.0,74732,,40276,IPL 2026,1,1167,Lucknow Super Giants,242,Punjab Kings,2026-05-23T19:49:33Z,4,False,4203,Azmatullah Omarzai,7414,Ayush Badoni,1151,Josh Inglis,162,130,Deep Backward Point,1,0,1,1,LengthBall,Wide,NotOut,ThickEdge,DownTheTrack,Drive,InSwinger,Over,Fast,Right,Null,NotReferred,Null,False,False,False,False,False,False,1000,False,False,True,False,True,False,1,0,0,0,0,False,False,0.0,,,,
1586444,4,6.0,4.0,0.0,0.0,24.0,2.0,4.0,74732,,40276,IPL 2026,1,1167,Lucknow Super Giants,242,Punjab Kings,2026-05-23T19:50:35Z,5,False,4203,Azmatullah Omarzai,1151,Josh Inglis,7414,Ayush Badoni,35,132,Fine Leg,1,0,1,1,HalfVolley,MiddleStump,NotOut,Played,BackFoot,Flick,InSwinger,Over,Fast,Right,Null,NotReferred,Null,False,False,False,False,True,False,1000,False,False,True,False,True,False,1,0,0,0,0,False,False,0.0,,,,
1586444,4,6.0,4.0,0.0,0.0,24.0,2.0,4.0,74732,,40276,IPL 2026,1,1167,Lucknow Super Giants,242,Punjab Kings,2026-05-23T19:51:17Z,6,False,4203,Azmatullah Omarzai,7414,Ayush Badoni,1151,Josh Inglis,323,47,Short Mid Wicket,1,0,1,1,BackOfALength,OutsideOff,NotOut,Played,DownTheTrack,Worked,LegCutter,Over,Fast,Right,Null,NotReferred,Null,False,False,False,False,False,False,1000,False,False,True,False,True,False,1,0,0,0,0,False,False,0.0,,,,
1586447,5,8.4,18.0,0.0,0.0,42.0,2.0,18.0,74732,,40276,IPL 2026,1,1167,Lucknow Super Giants,242,Punjab Kings,2026-05-23T19:52:09Z,1,False,2705,Marco Jansen,7414,Ayush Badoni,1151,Josh Inglis,345,193,Deep Mid Wicket,4,0,4,4,LengthBall,DownLeg,NotOut,WellTimed,BackFoot,Flick,NoMovement,Over,Fast,Left,Null,NotReferred,Null,False,False,False,False,False,False,1327,False,False,True,False,True,False,4,0,0,0,0,False,True,0.0,,,,
1586447,5,8.4,18.0,0.0,0.0,42.0,2.0,18.0,74732,,40276,IPL 2026,1,1167,Lucknow Super Giants,242,Punjab Kings,2026-05-23T19:52:55Z,2,False,2705,Marco Jansen,7414,Ayush Badoni,1151,Josh Inglis,90,48,Wicketkeeper,0,0,0,0,Short,DownLeg,NotOut,Missed,BackFoot,Pull,NoMovement,Over,Fast,Left,Null,NotReferred,Null,False,False,False,False,False,False,1327,False,False,True,False,True,False,0,0,0,0,0,False,False,0.0,,,,
1586447,5,8.4,18.0,0.0,0.0,42.0,2.0,18.0,74732,,40276,IPL 2026,1,1167,Lucknow Super Giants,242,Punjab Kings,2026-05-23T19:53:25Z,3,False,2705,Marco Jansen,7414,Ayush Badoni,1151,Josh Inglis,323,195,Deep Mid Wicket,4,0,4,4,BackOfALength,LegStump,NotOut,WellTimed,BackFoot,Pull,NoMovement,Over,Fast,Left,Null,NotReferred,Null,False,False,False,False,True,False,1327,False,False,True,False,True,False,4,0,0,0,0,False,True,0.0,,,,
1586447,5,8.4,18.0,0.0,0.0,42.0,2.0,18.0,74732,,40276,IPL 2026,1,1167,Lucknow Super Giants,242,Punjab Kings,2026-05-23T19:54:04Z,4,False,2705,Marco Jansen,7414,Ayush Badoni,1151,Josh Inglis,29,185,Deep Backward Square Leg,6,0,6,6,BackOfALength,DownLeg,NotOut,WellTimed,BackFoot,Pull,NoMovement,Over,Fast,Left,Null,NotReferred,Null,False,False,False,False,True,False,1327,False,False,True,False,True,False,6,0,0,0,0,False,True,0.0,,,,
1586447,5,8.4,18.0,0.0,0.0,42.0,2.0,18.0,74732,,40276,IPL 2026,1,1167,Lucknow Super Giants,242,Punjab Kings,2026-05-23T19:54:51Z,5,False,2705,Marco Jansen,7414,Ayush Badoni,1151,Josh Inglis,120,176,Third Man,4,0,4,4,BackOfALength,Wide,NotOut,WellTimed,BackFoot,Steer,NoMovement,Round,Fast,Left,Null,NotReferred,Null,False,False,False,False,False,False,1327,False,False,True,False,True,False,4,0,0,0,0,False,True,0.0,,,,
1586447,5,8.4,18.0,0.0,0.0,42.0,2.0,18.0,74732,,40276,IPL 2026,1,1167,Lucknow Super Giants,242,Punjab Kings,2026-05-23T19:55:40Z,6,False,2705,Marco Jansen,7414,Ayush Badoni,1151,Josh Inglis,270,40,Bowler,0,0,0,0,LengthBall,Wide,NotOut,MisTimed,FrontFoot,Worked,NoMovement,Round,Fast,Left,Null,NotReferred,Null,False,False,False,False,False,False,1327,False,False,True,False,True,False,0,0,0,0,0,False,False,0.0,,,,
1586450,6,11.0,24.0,0.0,1.0,66.0,2.0,24.0,74732,,40276,IPL 2026,1,1167,Lucknow Super Giants,242,Punjab Kings,2026-05-23T19:56:48Z,1,False,4203,Azmatullah Omarzai,1151,Josh Inglis,7414,Ayush Badoni,305,102,Mid On,1,0,1,1,LengthBall,Wide,NotOut,MisTimed,DownTheTrack,Slog,InSwinger,Over,Fast,Right,Null,NotReferred,Null,False,False,False,False,False,False,1000,False,False,True,False,True,False,1,0,0,0,0,False,False,,,,,
1586450,6,11.0,24.0,0.0,1.0,66.0,2.0,24.0,74732,,40276,IPL 2026,1,1167,Lucknow Super Giants,242,Punjab Kings,2026-05-23T19:57:35Z,2,False,4203,Azmatullah Omarzai,7414,Ayush Badoni,1151,Josh Inglis,90,48,Wicketkeeper,1,1,1,0,LengthBall,OutsideOff,NotOut,MissedLegSide,BackFoot,Glance,InSwinger,Over,Fast,Right,Null,NotReferred,Null,True,False,False,False,False,False,1000,False,False,True,False,True,False,1,0,1,0,0,False,False,,,,,
1586450,6,11.0,24.0,0.0,1.0,66.0,2.0,24.0,74732,,40276,IPL 2026,1,1167,Lucknow Super Giants,242,Punjab Kings,2026-05-23T19:58:17Z,2,False,4203,Azmatullah Omarzai,7414,Ayush Badoni,1151,Josh Inglis,165,189,Deep Backward Point,4,0,4,4,LengthBall,OutsideOff,NotOut,WellTimed,FrontFoot,Drive,InSwinger,Over,Fast,Right,Null,NotReferred,Null,False,False,False,False,True,False,1000,False,False,True,False,True,False,4,0,0,0,0,False,False,,,,,
1586450,6,11.0,24.0,0.0,1.0,66.0,2.0,24.0,74732,,40276,IPL 2026,1,1167,Lucknow Super Giants,242,Punjab Kings,2026-05-23T19:59:06Z,3,False,4203,Azmatullah Omarzai,7414,Ayush Badoni,1151,Josh Inglis,314,200,Long On,6,0,6,6,LengthBall,OutsideOff,NotOut,WellTimed,FrontFoot,Slog,InSwinger,Over,Fast,Right,Null,NotReferred,Null,False,False,False,False,True,False,1000,False,False,True,False,True,False,6,0,0,0,0,False,False,,,,,
1586450,6,11.0,24.0,0.0,1.0,66.0,2.0,24.0,74732,,40276,IPL 2026,1,1167,Lucknow Super Giants,242,Punjab Kings,2026-05-23T19:59:46Z,4,False,4203,Azmatullah Omarzai,7414,Ayush Badoni,1151,Josh Inglis,338,201,Deep Mid Wicket,6,0,6,6,BackOfALength,Wide,NotOut,Middled,BackFoot,Slog,OffCutter,Over,Fast,Right,Null,NotReferred,Null,False,False,False,False,True,False,1000,False,False,True,False,True,False,6,0,0,0,0,False,False,,,,,
1586450,6,11.0,24.0,0.0,1.0,66.0,2.0,24.0,74732,,40276,IPL 2026,1,1167,Lucknow Super Giants,242,Punjab Kings,2026-05-23T20:00:30Z,5,False,4203,Azmatullah Omarzai,7414,Ayush Badoni,1151,Josh Inglis,199,141,Deep Cover,2,0,2,2,FullToss,MiddleStump,NotOut,LeadingEdge,BackFoot,Worked,InSwinger,Over,Fast,Right,Null,NotReferred,Null,False,False,False,False,False,False,1000,False,False,True,False,True,False,2,0,0,0,0,False,False,,,,,
1586450,6,11.0,24.0,0.0,1.0,66.0,2.0,24.0,74732,,40276,IPL 2026,1,1167,Lucknow Super Giants,242,Punjab Kings,2026-05-23T20:01:12Z,6,False,4203,Azmatullah Omarzai,7414,Ayush Badoni,1151,Josh Inglis,342,202,Deep Mid Wicket,4,0,4,4,HalfVolley,MiddleStump,NotOut,WellTimed,FrontFoot,Worked,InSwinger,Over,Fast,Right,Null,NotReferred,Null,False,False,False,False,False,False,1000,False,False,True,False,True,False,4,0,0,0,0,False,False,,,,,
1586455,7,10.14,5.0,1.0,0.0,71.0,3.0,5.0,74732,,40276,IPL 2026,1,1167,Lucknow Super Giants,242,Punjab Kings,2026-05-23T20:02:31Z,1,False,10918,Yuzvendra Chahal,1151,Josh Inglis,7414,Ayush Badoni,337,157,Deep Mid Wicket,1,0,1,1,LengthBall,MiddleStump,NotOut,Played,BackFoot,Slog,LegSpinner,Over,LegSpin,Right,Null,NotReferred,Null,False,False,False,False,False,False,1327,False,False,False,False,True,False,1,0,0,0,0,False,False,0.0,,,,
1586455,7,10.14,5.0,1.0,0.0,71.0,3.0,5.0,74732,,40276,IPL 2026,1,1167,Lucknow Super Giants,242,Punjab Kings,2026-05-23T20:03:01Z,2,False,10918,Yuzvendra Chahal,7414,Ayush Badoni,1151,Josh Inglis,340,122,Mid Wicket,1,0,1,1,LengthBall,OffStump,NotOut,Played,BackFoot,Worked,LegSpinner,Over,LegSpin,Right,Null,NotReferred,Null,False,False,False,False,False,False,1327,False,False,False,False,True,False,1,0,0,0,0,False,False,0.0,,,,
1586455,7,10.14,5.0,1.0,0.0,71.0,3.0,5.0,74732,,40276,IPL 2026,1,1167,Lucknow Super Giants,242,Punjab Kings,2026-05-23T20:03:26Z,3,False,10918,Yuzvendra Chahal,1151,Josh Inglis,7414,Ayush Badoni,343,156,Deep Mid Wicket,1,0,1,1,LengthBall,DownLeg,NotOut,Played,FrontFoot,Sweep,LegSpinner,Over,LegSpin,Right,Null,NotReferred,Null,False,False,False,False,False,False,1327,False,False,False,False,True,False,1,0,0,0,0,False,False,0.0,,,,
1586455,7,10.14,5.0,1.0,0.0,71.0,3.0,5.0,74732,,40276,IPL 2026,1,1167,Lucknow Super Giants,242,Punjab Kings,2026-05-23T20:03:54Z,4,True,10918,Yuzvendra Chahal,7414,Ayush Badoni,1151,Josh Inglis,90,48,Wicketkeeper,0,0,0,0,LengthBall,OutsideOff,NotOut,Missed,BackFoot,Cut,LegSpinner,Over,LegSpin,Right,Out3rdUmpire,NotReferred,Null,False,False,False,False,False,False,1340,False,False,False,False,True,False,0,0,0,0,0,False,False,0.0,Stumped,7414.0,Ayush Badoni,Stumped
1586455,7,10.14,5.0,1.0,0.0,71.0,3.0,5.0,74732,,40276,IPL 2026,1,1167,Lucknow Super Giants,242,Punjab Kings,2026-05-23T20:10:16Z,5,False,10918,Yuzvendra Chahal,10914,Rishabh Pant,1151,Josh Inglis,166,92,Backward Square Leg,1,0,1,1,LengthBall,DownLeg,NotOut,Played,BackFoot,Worked,Googly,Over,LegSpin,Right,Null,NotReferred,Null,False,False,False,False,False,False,1327,False,False,False,False,True,False,1,0,0,0,0,False,False,0.0,,,,
1586455,7,10.14,5.0,1.0,0.0,71.0,3.0,5.0,74732,,40276,IPL 2026,1,1167,Lucknow Super Giants,242,Punjab Kings,2026-05-23T20:10:47Z,6,False,10918,Yuzvendra Chahal,1151,Josh Inglis,10914,Rishabh Pant,355,139,Deep Square Leg,1,0,1,1,HalfVolley,DownLeg,NotOut,Played,FrontFoot,Flick,LegSpinner,Over,LegSpin,Right,Null,NotReferred,Null,False,False,False,False,False,False,1327,False,False,False,False,True,False,1,0,0,0,0,False,False,0.0,,,,
1586460,8,9.88,8.0,0.0,1.0,79.0,3.0,8.0,74732,,40276,IPL 2026,1,1167,Lucknow Super Giants,242,Punjab Kings,2026-05-23T20:11:54Z,1,False,8379,Vijaykumar Vyshak,1151,Josh Inglis,10914,Rishabh Pant,39,70,Short Fine Leg,0,0,0,0,BackOfALength,OutsideOff,NotOut,Played,BackFoot,Glance,NoMovement,Over,Medium,Right,Null,NotReferred,Null,False,False,False,False,False,False,1000,False,False,False,False,True,False,0,0,0,0,0,False,False,0.0,,,,
1586460,8,9.88,8.0,0.0,1.0,79.0,3.0,8.0,74732,,40276,IPL 2026,1,1167,Lucknow Super Giants,242,Punjab Kings,2026-05-23T20:12:29Z,2,False,8379,Vijaykumar Vyshak,1151,Josh Inglis,10914,Rishabh Pant,345,143,Deep Mid Wicket,1,0,1,1,BackOfALength,OutsideOff,NotOut,Played,BackFoot,Slog,NoMovement,Over,Medium,Right,Null,NotReferred,Null,False,False,False,False,False,False,1000,False,False,False,False,True,False,1,0,0,0,0,False,False,0.0,,,,
1586460,8,9.88,8.0,0.0,1.0,79.0,3.0,8.0,74732,,40276,IPL 2026,1,1167,Lucknow Super Giants,242,Punjab Kings,2026-05-23T20:13:17Z,3,False,8379,Vijaykumar Vyshak,10914,Rishabh Pant,1151,Josh Inglis,114,200,Fine Leg,4,0,4,4,BackOfALength,MiddleStump,NotOut,InsideEdge,BackFoot,Drive,NoMovement,Over,Medium,Right,Null,NotReferred,Null,False,False,False,False,False,False,1000,False,False,False,False,True,False,4,0,0,0,0,False,True,0.0,,,,
1586460,8,9.88,8.0,0.0,1.0,79.0,3.0,8.0,74732,,40276,IPL 2026,1,1167,Lucknow Super Giants,242,Punjab Kings,2026-05-23T20:14:03Z,4,False,8379,Vijaykumar Vyshak,10914,Rishabh Pant,1151,Josh Inglis,5,77,Point,0,0,0,0,BackOfALength,LegStump,NotOut,Played,BackFoot,Steer,SlowerBall,Over,Medium,Right,Null,NotReferred,Null,False,False,False,False,False,False,1000,False,False,False,False,True,False,0,0,0,0,0,False,False,0.0,,,,
1586460,8,9.88,8.0,0.0,1.0,79.0,3.0,8.0,74732,,40276,IPL 2026,1,1167,Lucknow Super Giants,242,Punjab Kings,2026-05-23T20:14:36Z,5,False,8379,Vijaykumar Vyshak,10914,Rishabh Pant,1151,Josh Inglis,248,119,Mid On,1,0,1,1,LengthBall,MiddleStump,NotOut,MisTimed,FrontFoot,Drive,NoMovement,Over,Medium,Right,Null,NotReferred,Null,False,False,False,False,False,False,1000,False,False,False,False,True,False,1,0,0,0,0,False,False,0.0,,,,
1586460,8,9.88,8.0,0.0,1.0,79.0,3.0,8.0,74732,,40276,IPL 2026,1,1167,Lucknow Super Giants,242,Punjab Kings,2026-05-23T20:15:08Z,6,False,8379,Vijaykumar Vyshak,1151,Josh Inglis,10914,Rishabh Pant,90,48,Wicketkeeper,1,1,1,0,HalfTracker,OutsideOff,NotOut,Missed,BackFoot,UpperCut,SlowerBall,Over,Medium,Right,Null,NotReferred,Null,True,False,False,False,False,False,1000,False,False,False,False,True,False,1,0,1,0,0,False,False,0.0,,,,
1586460,8,9.88,8.0,0.0,1.0,79.0,3.0,8.0,74732,,40276,IPL 2026,1,1167,Lucknow Super Giants,242,Punjab Kings,2026-05-23T20:15:41Z,6,False,8379,Vijaykumar Vyshak,1151,Josh Inglis,10914,Rishabh Pant,360,107,Square Leg,1,0,1,1,LengthBall,OffStump,NotOut,Played,BackFoot,Worked,NoMovement,Over,Medium,Right,Null,NotReferred,Null,False,False,False,False,False,False,1000,False,False,False,False,True,False,1,0,0,0,0,False,False,0.0,,,,
1586462,9,9.78,9.0,0.0,0.0,88.0,3.0,9.0,74732,,40276,IPL 2026,1,1167,Lucknow Super Giants,242,Punjab Kings,2026-05-23T20:16:42Z,1,False,10918,Yuzvendra Chahal,1151,Josh Inglis,10914,Rishabh Pant,228,139,Deep Extra Cover,1,0,1,1,LengthBall,MiddleStump,NotOut,Played,BacksAway,Drive,LegSpinner,Over,LegSpin,Right,Null,NotReferred,Null,False,False,False,False,True,False,1327,False,False,False,False,True,False,1,0,0,0,0,False,False,0.0,,,,
1586462,9,9.78,9.0,0.0,0.0,88.0,3.0,9.0,74732,,40276,IPL 2026,1,1167,Lucknow Super Giants,242,Punjab Kings,2026-05-23T20:17:19Z,2,False,10918,Yuzvendra Chahal,10914,Rishabh Pant,1151,Josh Inglis,181,101,Square Leg,2,0,2,2,LengthBall,DownLeg,NotOut,Played,FrontFoot,Worked,Googly,Over,LegSpin,Right,Null,NotReferred,Null,False,False,False,False,False,False,1327,False,False,False,False,True,False,2,0,0,0,0,False,False,0.0,,,,
1586462,9,9.78,9.0,0.0,0.0,88.0,3.0,9.0,74732,,40276,IPL 2026,1,1167,Lucknow Super Giants,242,Punjab Kings,2026-05-23T20:17:59Z,3,False,10918,Yuzvendra Chahal,10914,Rishabh Pant,1151,Josh Inglis,348,197,Deep Cover,4,0,4,4,LengthBall,OutsideOff,NotOut,WellTimed,BackFoot,Cut,LegSpinner,Over,LegSpin,Right,Null,NotReferred,Null,False,False,False,False,False,False,1327,False,False,False,False,True,False,4,0,0,0,0,False,True,0.0,,,,
1586462,9,9.78,9.0,0.0,0.0,88.0,3.0,9.0,74732,,40276,IPL 2026,1,1167,Lucknow Super Giants,242,Punjab Kings,2026-05-23T20:18:40Z,4,False,10918,Yuzvendra Chahal,10914,Rishabh Pant,1151,Josh Inglis,227,13,Short Leg,0,0,0,0,LengthBall,DownLeg,Lbw,HitPad,BackFoot,Slog,Googly,Over,LegSpin,Right,NotOut1stUmpire,NotReferred,Null,False,False,False,False,False,True,1327,False,False,False,False,True,False,0,0,0,0,0,False,False,0.0,,,,
1586462,9,9.78,9.0,0.0,0.0,88.0,3.0,9.0,74732,,40276,IPL 2026,1,1167,Lucknow Super Giants,242,Punjab Kings,2026-05-23T20:19:13Z,5,False,10918,Yuzvendra Chahal,10914,Rishabh Pant,1151,Josh Inglis,292,152,Long Off,1,0,1,1,HalfVolley,MiddleStump,NotOut,MisTimed,FrontFoot,Drive,Googly,Over,LegSpin,Right,Null,NotReferred,Null,False,False,False,False,False,False,1327,False,False,False,False,True,False,1,0,0,0,0,False,False,0.0,,,,
1586462,9,9.78,9.0,0.0,0.0,88.0,3.0,9.0,74732,,40276,IPL 2026,1,1167,Lucknow Super Giants,242,Punjab Kings,2026-05-23T20:19:49Z,6,False,10918,Yuzvendra Chahal,1151,Josh Inglis,10914,Rishabh Pant,291,152,Long On,1,0,1,1,LengthBall,OffStump,NotOut,Played,FrontFoot,Drive,Googly,Over,LegSpin,Right,Null,NotReferred,Null,False,False,False,False,False,False,1327,False,False,False,False,True,False,1,0,0,0,0,False,False,0.0,,,,
1586464,10,10.0,12.0,0.0,0.0,100.0,3.0,12.0,74732,,40276,IPL 2026,1,1167,Lucknow Super Giants,242,Punjab Kings,2026-05-23T20:20:34Z,1,False,8379,Vijaykumar Vyshak,1151,Josh Inglis,10914,Rishabh Pant,42,75,Short Fine Leg,0,0,0,0,BackOfALength,Wide,NotOut,MisTimed,MovesInfront,Scoop,SlowerBall,Over,Medium,Right,Null,NotReferred,Null,False,False,False,False,False,False,1000,False,False,False,False,True,False,0,0,0,0,0,False,False,0.0,,,,
1586464,10,10.0,12.0,0.0,0.0,100.0,3.0,12.0,74732,,40276,IPL 2026,1,1167,Lucknow Super Giants,242,Punjab Kings,2026-05-23T20:21:09Z,2,False,8379,Vijaykumar Vyshak,1151,Josh Inglis,10914,Rishabh Pant,153,133,Third Man,1,0,1,1,FullToss,OutsideOff,NotOut,Played,DownTheTrack,Slog,NoMovement,Over,Medium,Right,Null,NotReferred,Null,False,False,False,False,True,False,1000,False,False,False,False,True,False,1,0,0,0,0,False,False,0.0,,,,
1586464,10,10.0,12.0,0.0,0.0,100.0,3.0,12.0,74732,,40276,IPL 2026,1,1167,Lucknow Super Giants,242,Punjab Kings,2026-05-23T20:21:52Z,3,False,8379,Vijaykumar Vyshak,10914,Rishabh Pant,1151,Josh Inglis,11,95,Backward Point,0,0,0,0,LengthBall,MiddleStump,NotOut,Played,FrontFoot,Cut,NoMovement,Over,Medium,Right,Null,NotReferred,Null,False,False,False,False,False,False,1000,False,False,False,False,True,False,0,0,0,0,0,False,False,0.0,,,,
1586464,10,10.0,12.0,0.0,0.0,100.0,3.0,12.0,74732,,40276,IPL 2026,1,1167,Lucknow Super Giants,242,Punjab Kings,2026-05-23T20:22:21Z,4,False,8379,Vijaykumar Vyshak,10914,Rishabh Pant,1151,Josh Inglis,57,139,Third Man,1,0,1,1,LengthBall,OffStump,NotOut,OutsideEdge,FrontFoot,Drive,NoMovement,Over,Medium,Right,Null,NotReferred,Null,False,False,False,False,False,False,1000,False,False,False,False,True,False,1,0,0,0,0,False,False,0.0,,,,
1586464,10,10.0,12.0,0.0,0.0,100.0,3.0,12.0,74732,,40276,IPL 2026,1,1167,Lucknow Super Giants,242,Punjab Kings,2026-05-23T20:23:12Z,5,False,8379,Vijaykumar Vyshak,1151,Josh Inglis,10914,Rishabh Pant,221,193,Deep Extra Cover,4,0,4,4,FullToss,OutsideOff,NotOut,WellTimed,FrontFoot,Drive,ReverseSwingIn,Over,Medium,Right,Null,NotReferred,Null,False,False,False,False,False,False,1000,False,False,False,False,True,False,4,0,0,0,0,False,True,0.0,,,,
1586464,10,10.0,12.0,0.0,0.0,100.0,3.0,12.0,74732,,40276,IPL 2026,1,1167,Lucknow Super Giants,242,Punjab Kings,2026-05-23T20:23:51Z,6,False,8379,Vijaykumar Vyshak,1151,Josh Inglis,10914,Rishabh Pant,15,184,Deep Backward Square Leg,6,0,6,6,Short,OutsideOff,NotOut,WellTimed,BackFoot,Pull,SlowerBall,Over,Medium,Right,Null,NotReferred,Null,False,False,False,False,True,False,1000,False,False,False,False,True,False,6,0,0,0,0,False,True,0.0,,,,
1586466,11,9.36,3.0,0.0,0.0,103.0,3.0,3.0,74732,,40276,IPL 2026,1,1167,Lucknow Super Giants,242,Punjab Kings,2026-05-23T20:25:17Z,1,False,10918,Yuzvendra Chahal,10914,Rishabh Pant,1151,Josh Inglis,270,40,Bowler,0,0,0,0,HalfVolley,LegStump,NotOut,Played,DownTheTrack,Slog,LegSpinner,Over,LegSpin,Right,Null,NotReferred,Null,False,False,False,False,False,False,1327,False,False,False,False,True,False,0,0,0,0,0,False,False,0.0,,,,
1586466,11,9.36,3.0,0.0,0.0,103.0,3.0,3.0,74732,,40276,IPL 2026,1,1167,Lucknow Super Giants,242,Punjab Kings,2026-05-23T20:25:36Z,2,False,10918,Yuzvendra Chahal,10914,Rishabh Pant,1151,Josh Inglis,204,121,Mid Wicket,1,0,1,1,LengthBall,LegStump,NotOut,Played,DownTheTrack,Flick,LegSpinner,Over,LegSpin,Right,Null,NotReferred,Null,False,False,False,False,True,False,1327,False,False,False,False,True,False,1,0,0,0,0,False,False,0.0,,,,
1586466,11,9.36,3.0,0.0,0.0,103.0,3.0,3.0,74732,,40276,IPL 2026,1,1167,Lucknow Super Giants,242,Punjab Kings,2026-05-23T20:26:11Z,3,False,10918,Yuzvendra Chahal,1151,Josh Inglis,10914,Rishabh Pant,289,145,Long On,1,0,1,1,LengthBall,MiddleStump,NotOut,MisTimed,DownTheTrack,Slog,LegSpinner,Over,LegSpin,Right,Null,NotReferred,Null,False,False,False,False,False,False,1327,False,False,False,False,True,False,1,0,0,0,0,False,False,0.0,,,,
1586466,11,9.36,3.0,0.0,0.0,103.0,3.0,3.0,74732,,40276,IPL 2026,1,1167,Lucknow Super Giants,242,Punjab Kings,2026-05-23T20:26:51Z,4,False,10918,Yuzvendra Chahal,10914,Rishabh Pant,1151,Josh Inglis,90,48,Wicketkeeper,0,0,0,0,LengthBall,Wide,NotOut,Left,BackFoot,Leave,Googly,Over,LegSpin,Right,Null,NotReferred,Null,False,False,False,False,False,False,1327,False,False,False,False,True,False,0,0,0,0,0,False,False,0.0,,,,
1586466,11,9.36,3.0,0.0,0.0,103.0,3.0,3.0,74732,,40276,IPL 2026,1,1167,Lucknow Super Giants,242,Punjab Kings,2026-05-23T20:27:15Z,5,False,10918,Yuzvendra Chahal,10914,Rishabh Pant,1151,Josh Inglis,347,97,Cover,0,0,0,0,LengthBall,OutsideOff,NotOut,Played,BackFoot,Cut,Googly,Over,LegSpin,Right,Null,NotReferred,Null,False,False,False,False,False,False,1327,False,False,False,False,True,False,0,0,0,0,0,False,False,0.0,,,,
1586466,11,9.36,3.0,0.0,0.0,103.0,3.0,3.0,74732,,40276,IPL 2026,1,1167,Lucknow Super Giants,242,Punjab Kings,2026-05-23T20:27:42Z,6,False,10918,Yuzvendra Chahal,10914,Rishabh Pant,1151,Josh Inglis,200,125,Mid Wicket,1,0,1,1,LengthBall,MiddleStump,NotOut,Played,FrontFoot,Flick,LegSpinner,Over,LegSpin,Right,Null,NotReferred,Null,False,False,False,False,False,False,1327,False,False,False,False,True,False,1,0,0,0,0,False,False,0.0,,,,
1586468,12,10.17,19.0,0.0,1.0,122.0,3.0,19.0,74732,,40276,IPL 2026,1,1167,Lucknow Super Giants,242,Punjab Kings,2026-05-23T20:29:10Z,1,False,2667,Arshdeep Singh,10914,Rishabh Pant,1151,Josh Inglis,163,139,Deep Backward Square Leg,1,0,1,1,Short,OutsideOff,NotOut,Played,BackFoot,Pull,SlowerBall,Over,Fast,Left,Null,NotReferred,Null,False,False,False,False,False,False,1000,False,False,False,False,True,False,1,0,0,0,0,False,False,0.0,,,,
1586468,12,10.17,19.0,0.0,1.0,122.0,3.0,19.0,74732,,40276,IPL 2026,1,1167,Lucknow Super Giants,242,Punjab Kings,2026-05-23T20:30:38Z,2,False,2667,Arshdeep Singh,1151,Josh Inglis,10914,Rishabh Pant,291,192,Long On,6,0,6,6,FullToss,OutsideOff,NotOut,WellTimed,FrontFoot,Slog,NoMovement,Over,Fast,Left,Null,NotReferred,Null,False,False,False,False,True,False,1000,False,False,False,False,True,False,6,0,0,0,0,False,False,0.0,,,,
1586468,12,10.17,19.0,0.0,1.0,122.0,3.0,19.0,74732,,40276,IPL 2026,1,1167,Lucknow Super Giants,242,Punjab Kings,2026-05-23T20:30:03Z,2,False,2667,Arshdeep Singh,1151,Josh Inglis,10914,Rishabh Pant,90,48,Wicketkeeper,1,1,1,0,Short,DownLeg,NotOut,Missed,BackFoot,UpperCut,OffCutter,Over,Fast,Left,Null,NotReferred,Null,True,False,False,False,False,False,1000,False,False,False,False,True,False,1,0,1,0,0,False,False,0.0,,,,
1586468,12,10.17,19.0,0.0,1.0,122.0,3.0,19.0,74732,,40276,IPL 2026,1,1167,Lucknow Super Giants,242,Punjab Kings,2026-05-23T20:31:24Z,3,False,2667,Arshdeep Singh,1151,Josh Inglis,10914,Rishabh Pant,345,187,Deep Mid Wicket,4,0,4,4,BackOfALength,LegStump,NotOut,WellTimed,BackFoot,Pull,SlowerBall,Over,Fast,Left,Null,NotReferred,Null,False,False,False,False,True,False,1000,False,False,False,False,True,False,4,0,0,0,0,False,False,0.0,,,,
1586468,12,10.17,19.0,0.0,1.0,122.0,3.0,19.0,74732,,40276,IPL 2026,1,1167,Lucknow Super Giants,242,Punjab Kings,2026-05-23T20:32:10Z,4,False,2667,Arshdeep Singh,1151,Josh Inglis,10914,Rishabh Pant,159,136,Deep Backward Point,2,0,2,2,HalfVolley,OutsideOff,NotOut,ThickEdge,FrontFoot,Drive,ReverseSwingOut,Over,Fast,Left,Null,NotReferred,Null,False,False,False,False,False,False,1000,False,False,False,False,True,False,2,0,0,0,0,False,False,0.0,,,,
1586468,12,10.17,19.0,0.0,1.0,122.0,3.0,19.0,74732,,40276,IPL 2026,1,1167,Lucknow Super Giants,242,Punjab Kings,2026-05-23T20:32:56Z,5,False,2667,Arshdeep Singh,1151,Josh Inglis,10914,Rishabh Pant,61,187,Fine Leg,4,0,4,4,LengthBall,MiddleStump,NotOut,WellTimed,BackFoot,Scoop,NoMovement,Over,Fast,Left,Null,NotReferred,Null,False,False,False,False,True,False,1000,False,False,False,False,True,False,4,0,0,0,0,False,False,0.0,,,,
1586468,12,10.17,19.0,0.0,1.0,122.0,3.0,19.0,74732,,40276,IPL 2026,1,1167,Lucknow Super Giants,242,Punjab Kings,2026-05-23T20:33:41Z,6,False,2667,Arshdeep Singh,1151,Josh Inglis,10914,Rishabh Pant,329,140,Deep Mid Wicket,1,0,1,1,HalfVolley,MiddleStump,NotOut,Played,FrontFoot,Worked,ReverseSwingOut,Over,Fast,Left,Null,NotReferred,Null,False,False,False,False,False,False,1000,False,False,False,False,True,False,1,0,0,0,0,False,False,0.0,,,,
1586470,13,9.69,4.0,0.0,0.0,126.0,3.0,4.0,74732,,40276,IPL 2026,1,1167,Lucknow Super Giants,242,Punjab Kings,2026-05-23T20:35:04Z,1,False,7256,Shashank Singh,1151,Josh Inglis,10914,Rishabh Pant,90,48,Wicketkeeper,0,0,0,0,LengthBall,OutsideOff,NotOut,Missed,BackFoot,Scoop,ReverseSwingIn,Over,Medium,Right,Null,NotReferred,Null,False,False,False,False,False,False,1327,False,False,False,False,True,False,0,0,0,0,0,False,False,0.0,,,,
1586470,13,9.69,4.0,0.0,0.0,126.0,3.0,4.0,74732,,40276,IPL 2026,1,1167,Lucknow Super Giants,242,Punjab Kings,2026-05-23T20:35:33Z,2,False,7256,Shashank Singh,1151,Josh Inglis,10914,Rishabh Pant,90,48,Wicketkeeper,0,0,0,0,LengthBall,OutsideOff,NotOut,Missed,FrontFoot,Drive,ReverseSwingIn,Over,Medium,Right,Null,NotReferred,Null,False,False,False,False,False,False,1327,False,False,False,False,True,False,0,0,0,0,0,False,False,0.0,,,,
1586470,13,9.69,4.0,0.0,0.0,126.0,3.0,4.0,74732,,40276,IPL 2026,1,1167,Lucknow Super Giants,242,Punjab Kings,2026-05-23T20:36:03Z,3,False,7256,Shashank Singh,1151,Josh Inglis,10914,Rishabh Pant,165,132,Deep Backward Point,1,0,1,1,BackOfALength,Wide,NotOut,Played,BackFoot,Cut,NoMovement,Over,Medium,Right,Null,NotReferred,Null,False,False,False,False,True,False,1327,False,False,False,False,True,False,1,0,0,0,0,False,False,0.0,,,,
1586470,13,9.69,4.0,0.0,0.0,126.0,3.0,4.0,74732,,40276,IPL 2026,1,1167,Lucknow Super Giants,242,Punjab Kings,2026-05-23T20:36:53Z,4,False,7256,Shashank Singh,10914,Rishabh Pant,1151,Josh Inglis,344,149,Deep Cover,1,0,1,1,LengthBall,OffStump,NotOut,Played,FrontFoot,Cut,NoMovement,Over,Medium,Right,Null,NotReferred,Null,False,False,False,False,False,False,1327,False,False,False,False,True,False,1,0,0,0,0,False,False,0.0,,,,
1586470,13,9.69,4.0,0.0,0.0,126.0,3.0,4.0,74732,,40276,IPL 2026,1,1167,Lucknow Super Giants,242,Punjab Kings,2026-05-23T20:37:30Z,5,False,7256,Shashank Singh,1151,Josh Inglis,10914,Rishabh Pant,125,141,Third Man,1,0,1,1,LengthBall,Wide,NotOut,MisTimed,BackFoot,ReverseSweep,NoMovement,Over,Medium,Right,Null,NotReferred,Null,False,False,False,False,False,False,1327,False,False,False,False,True,False,1,0,0,0,0,False,False,0.0,,,,
1586470,13,9.69,4.0,0.0,0.0,126.0,3.0,4.0,74732,,40276,IPL 2026,1,1167,Lucknow Super Giants,242,Punjab Kings,2026-05-23T20:38:06Z,6,False,7256,Shashank Singh,10914,Rishabh Pant,1151,Josh Inglis,345,141,Deep Cover,1,0,1,1,LengthBall,Wide,NotOut,Played,FrontFoot,Drive,ReverseSwingOut,Over,Medium,Right,Null,NotReferred,Null,False,False,False,False,True,False,1327,False,False,False,False,True,False,1,0,0,0,0,False,False,0.0,,,,
1586472,14,9.57,8.0,1.0,0.0,134.0,4.0,8.0,74732,,40276,IPL 2026,1,1167,Lucknow Super Giants,242,Punjab Kings,2026-05-23T20:39:18Z,1,False,10918,Yuzvendra Chahal,10914,Rishabh Pant,1151,Josh Inglis,20,108,Backward Point,1,0,1,1,LengthBall,OutsideOff,NotOut,Played,DownTheTrack,Cut,LegSpinner,Over,LegSpin,Right,Null,NotReferred,Null,False,False,False,False,False,False,1000,False,False,False,False,True,False,1,0,0,0,0,False,False,0.0,,,,
1586472,14,9.57,8.0,1.0,0.0,134.0,4.0,8.0,74732,,40276,IPL 2026,1,1167,Lucknow Super Giants,242,Punjab Kings,2026-05-23T20:40:05Z,2,False,10918,Yuzvendra Chahal,1151,Josh Inglis,10914,Rishabh Pant,342,149,Deep Mid Wicket,1,0,1,1,HalfVolley,DownLeg,NotOut,Played,DownTheTrack,Worked,LegSpinner,Over,LegSpin,Right,Null,NotReferred,Null,False,False,False,False,False,False,1000,False,False,False,False,True,False,1,0,0,0,0,False,False,0.0,,,,
1586472,14,9.57,8.0,1.0,0.0,134.0,4.0,8.0,74732,,40276,IPL 2026,1,1167,Lucknow Super Giants,242,Punjab Kings,2026-05-23T20:40:36Z,3,False,10918,Yuzvendra Chahal,10914,Rishabh Pant,1151,Josh Inglis,345,153,Deep Cover,2,0,2,2,LengthBall,OutsideOff,NotOut,Played,FrontFoot,Drive,LegSpinner,Over,LegSpin,Right,Null,NotReferred,Null,False,False,False,False,True,False,1000,False,False,False,False,True,False,2,0,0,0,0,False,False,2.0,,,,
1586472,14,9.57,8.0,1.0,0.0,134.0,4.0,8.0,74732,,40276,IPL 2026,1,1167,Lucknow Super Giants,242,Punjab Kings,2026-05-23T20:41:18Z,4,False,10918,Yuzvendra Chahal,10914,Rishabh Pant,1151,Josh Inglis,123,191,Fine Leg,4,0,4,4,LengthBall,DownLeg,NotOut,WellTimed,FrontFoot,SlogSweep,Googly,Over,LegSpin,Right,Null,NotReferred,Null,False,False,False,False,True,False,1000,False,False,False,False,True,False,4,0,0,0,0,False,True,0.0,,,,
1586472,14,9.57,8.0,1.0,0.0,134.0,4.0,8.0,74732,,40276,IPL 2026,1,1167,Lucknow Super Giants,242,Punjab Kings,2026-05-23T20:41:48Z,5,True,10918,Yuzvendra Chahal,10914,Rishabh Pant,1151,Josh Inglis,197,147,Deep Mid Wicket,0,0,0,0,LengthBall,LegStump,NotOut,MisTimed,FrontFoot,SlogSweep,Googly,Over,LegSpin,Right,Out2ndUmpire,NotReferred,Null,False,False,False,False,False,False,1000,False,False,False,False,True,False,0,0,0,0,0,False,False,2.0,Caught,10914.0,Rishabh Pant,Caught
1586472,14,9.57,8.0,1.0,0.0,134.0,4.0,8.0,74732,,40276,IPL 2026,1,1167,Lucknow Super Giants,242,Punjab Kings,2026-05-23T20:43:30Z,6,False,10918,Yuzvendra Chahal,7107,Abdul Samad,1151,Josh Inglis,270,40,Bowler,0,0,0,0,LengthBall,OffStump,NotOut,Played,FrontFoot,ForwardDefensive,LegSpinner,Over,LegSpin,Right,Null,NotReferred,Null,False,False,False,False,False,False,1000,False,False,False,False,True,False,0,0,0,0,0,False,False,0.0,,,,
1586475,15,9.8,13.0,0.0,1.0,147.0,4.0,13.0,74732,,40276,IPL 2026,1,1167,Lucknow Super Giants,242,Punjab Kings,2026-05-23T20:44:41Z,1,False,7256,Shashank Singh,1151,Josh Inglis,7107,Abdul Samad,123,192,Third Man,4,0,4,4,BackOfALength,Wide,NotOut,TopEdge,BackFoot,Cut,NoMovement,Over,Medium,Right,Null,NotReferred,Null,False,False,False,False,False,False,1327,False,False,False,False,True,False,4,0,0,0,0,False,True,0.0,,,,
1586475,15,9.8,13.0,0.0,1.0,147.0,4.0,13.0,74732,,40276,IPL 2026,1,1167,Lucknow Super Giants,242,Punjab Kings,2026-05-23T20:45:18Z,2,False,7256,Shashank Singh,1151,Josh Inglis,7107,Abdul Samad,90,48,Wicketkeeper,0,0,0,0,LengthBall,Wide,NotOut,Missed,FrontFoot,ReverseSweep,NoMovement,Over,Medium,Right,Null,NotReferred,Null,False,False,False,False,False,False,1327,False,False,False,False,True,False,0,0,0,0,0,False,False,0.0,,,,
1586475,15,9.8,13.0,0.0,1.0,147.0,4.0,13.0,74732,,40276,IPL 2026,1,1167,Lucknow Super Giants,242,Punjab Kings,2026-05-23T20:46:28Z,3,False,7256,Shashank Singh,1151,Josh Inglis,7107,Abdul Samad,199,124,Deep Cover,2,0,2,2,LengthBall,Wide,NotOut,Played,FrontFoot,Drive,ReverseSwingOut,Over,Medium,Right,Null,NotReferred,Null,False,False,False,False,True,False,1327,False,False,False,False,True,False,2,0,0,0,0,False,False,0.0,,,,
1586475,15,9.8,13.0,0.0,1.0,147.0,4.0,13.0,74732,,40276,IPL 2026,1,1167,Lucknow Super Giants,242,Punjab Kings,2026-05-23T20:46:00Z,3,False,7256,Shashank Singh,1151,Josh Inglis,7107,Abdul Samad,90,48,Wicketkeeper,1,1,1,0,HalfTracker,Wide,NotOut,Missed,BackFoot,UpperCut,OffCutter,Over,Medium,Right,Null,NotReferred,Null,True,False,False,False,False,False,1327,False,False,False,False,True,False,1,0,1,0,0,False,False,0.0,,,,
1586475,15,9.8,13.0,0.0,1.0,147.0,4.0,13.0,74732,,40276,IPL 2026,1,1167,Lucknow Super Giants,242,Punjab Kings,2026-05-23T20:47:05Z,4,False,7256,Shashank Singh,1151,Josh Inglis,7107,Abdul Samad,187,138,Deep Point,1,0,1,1,LengthBall,Wide,NotOut,Played,FrontFoot,Drive,NoMovement,Over,Medium,Right,Null,NotReferred,Null,False,False,False,False,True,False,1327,False,False,False,False,True,False,1,0,0,0,0,False,False,0.0,,,,
1586475,15,9.8,13.0,0.0,1.0,147.0,4.0,13.0,74732,,40276,IPL 2026,1,1167,Lucknow Super Giants,242,Punjab Kings,2026-05-23T20:47:39Z,5,False,7256,Shashank Singh,7107,Abdul Samad,1151,Josh Inglis,192,123,Deep Point,1,0,1,1,LengthBall,Wide,NotOut,Played,FrontFoot,Drive,ReverseSwingOut,Over,Medium,Right,Null,NotReferred,Null,False,False,False,False,False,False,1327,False,False,False,False,True,False,1,0,0,0,0,False,False,0.0,,,,
1586475,15,9.8,13.0,0.0,1.0,147.0,4.0,13.0,74732,,40276,IPL 2026,1,1167,Lucknow Super Giants,242,Punjab Kings,2026-05-23T20:48:12Z,6,False,7256,Shashank Singh,1151,Josh Inglis,7107,Abdul Samad,122,189,Third Man,4,0,4,4,LengthBall,Wide,NotOut,WellTimed,BackFoot,ReverseSweep,NoMovement,Over,Medium,Right,Null,NotReferred,Null,False,False,False,False,True,False,1327,False,False,False,False,True,False,4,0,0,0,0,False,False,0.0,,,,
1586479,16,9.81,9.0,0.0,1.0,157.0,4.0,10.0,74732,,40276,IPL 2026,1,1167,Lucknow Super Giants,242,Punjab Kings,2026-05-23T20:50:12Z,1,False,2705,Marco Jansen,7107,Abdul Samad,1151,Josh Inglis,202,74,Cover,0,1,1,0,LengthBall,DownLeg,NotOut,HitPad,BackFoot,Worked,NoMovement,Over,Fast,Left,Null,NotReferred,Null,False,False,False,True,False,False,1000,False,False,False,False,True,False,1,0,0,1,0,False,False,0.0,,,,
1586479,16,9.81,9.0,0.0,1.0,157.0,4.0,10.0,74732,,40276,IPL 2026,1,1167,Lucknow Super Giants,242,Punjab Kings,2026-05-23T20:50:47Z,2,False,2705,Marco Jansen,1151,Josh Inglis,7107,Abdul Samad,31,127,Fine Leg,1,0,1,1,BackOfALength,DownLeg,NotOut,Played,BackFoot,Pull,SlowerBall,Over,Fast,Left,Null,NotReferred,Null,False,False,False,False,True,False,1000,False,False,False,False,True,False,1,0,0,0,0,False,False,0.0,,,,
1586479,16,9.81,9.0,0.0,1.0,157.0,4.0,10.0,74732,,40276,IPL 2026,1,1167,Lucknow Super Giants,242,Punjab Kings,2026-05-23T20:51:14Z,3,False,2705,Marco Jansen,7107,Abdul Samad,1151,Josh Inglis,199,36,Point,1,0,1,1,Short,DownLeg,NotOut,TopEdge,BackFoot,Pull,SlowerBall,Over,Fast,Left,Null,NotReferred,Null,False,False,False,False,False,False,1000,False,False,False,False,True,False,1,0,0,0,0,False,False,0.0,,,,
1586479,16,9.81,9.0,0.0,1.0,157.0,4.0,10.0,74732,,40276,IPL 2026,1,1167,Lucknow Super Giants,242,Punjab Kings,2026-05-23T20:51:52Z,4,False,2705,Marco Jansen,1151,Josh Inglis,7107,Abdul Samad,344,95,Mid Wicket,1,0,1,1,LengthBall,DownLeg,NotOut,MisTimed,FrontFoot,Slog,SlowerBall,Over,Fast,Left,Null,NotReferred,Null,False,False,False,False,False,False,1000,False,False,False,False,True,False,1,0,0,0,0,False,False,0.0,,,,
1586479,16,9.81,9.0,0.0,1.0,157.0,4.0,10.0,74732,,40276,IPL 2026,1,1167,Lucknow Super Giants,242,Punjab Kings,2026-05-23T20:52:28Z,5,False,2705,Marco Jansen,7107,Abdul Samad,1151,Josh Inglis,274,194,Long On,6,0,6,6,Short,DownLeg,NotOut,WellTimed,DownTheTrack,Pull,NoMovement,Over,Fast,Left,Null,NotReferred,Null,False,False,False,False,True,False,1000,False,False,False,False,True,False,6,0,0,0,0,False,True,0.0,,,,
1586479,16,9.81,9.0,0.0,1.0,157.0,4.0,10.0,74732,,40276,IPL 2026,1,1167,Lucknow Super Giants,242,Punjab Kings,2026-05-23T20:53:07Z,6,False,2705,Marco Jansen,7107,Abdul Samad,1151,Josh Inglis,247,88,Mid Off,0,0,0,0,HalfVolley,MiddleStump,NotOut,Played,FrontFoot,Drive,ReverseSwingOut,Over,Fast,Left,Null,NotReferred,Null,False,False,False,False,False,False,1000,False,False,False,False,True,False,0,0,0,0,0,False,False,0.0,,,,
1586483,17,9.94,12.0,1.0,0.0,169.0,5.0,12.0,74732,,40276,IPL 2026,1,1167,Lucknow Super Giants,242,Punjab Kings,2026-05-23T20:56:26Z,1,False,7256,Shashank Singh,1151,Josh Inglis,7107,Abdul Samad,273,157,Long On,1,0,1,1,LengthBall,OutsideOff,NotOut,Played,FrontFoot,Slog,NoMovement,Over,Medium,Right,Null,NotReferred,Null,False,False,False,False,True,False,1327,False,False,False,False,True,False,1,0,0,0,0,False,False,0.0,,,,
1586483,17,9.94,12.0,1.0,0.0,169.0,5.0,12.0,74732,,40276,IPL 2026,1,1167,Lucknow Super Giants,242,Punjab Kings,2026-05-23T20:57:09Z,2,False,7256,Shashank Singh,7107,Abdul Samad,1151,Josh Inglis,337,207,Deep Mid Wicket,6,0,6,6,LengthBall,Wide,NotOut,Middled,MovesInfront,Slog,SlowerBall,Over,Medium,Right,Null,NotReferred,Null,False,False,False,False,True,False,1327,False,False,False,False,True,False,6,0,0,0,0,False,True,0.0,,,,
1586483,17,9.94,12.0,1.0,0.0,169.0,5.0,12.0,74732,,40276,IPL 2026,1,1167,Lucknow Super Giants,242,Punjab Kings,2026-05-23T20:57:40Z,3,False,7256,Shashank Singh,7107,Abdul Samad,1151,Josh Inglis,90,48,Wicketkeeper,0,0,0,0,LengthBall,Wide,NotOut,Missed,MovesInfront,Cut,OffCutter,Over,Medium,Right,Null,NotReferred,Null,False,False,False,False,False,False,1327,False,False,False,False,True,False,0,0,0,0,0,False,False,0.0,,,,
1586483,17,9.94,12.0,1.0,0.0,169.0,5.0,12.0,74732,,40276,IPL 2026,1,1167,Lucknow Super Giants,242,Punjab Kings,2026-05-23T20:58:17Z,4,False,7256,Shashank Singh,7107,Abdul Samad,1151,Josh Inglis,66,198,Fine Leg,4,0,4,4,LengthBall,Wide,NotOut,InsideEdge,FrontFoot,Drive,NoMovement,Over,Medium,Right,Null,NotReferred,Null,False,False,False,False,False,False,1327,False,False,False,False,True,False,4,0,0,0,0,False,True,0.0,,,,
1586483,17,9.94,12.0,1.0,0.0,169.0,5.0,12.0,74732,,40276,IPL 2026,1,1167,Lucknow Super Giants,242,Punjab Kings,2026-05-23T20:58:55Z,5,False,7256,Shashank Singh,7107,Abdul Samad,1151,Josh Inglis,185,142,Deep Point,1,0,1,1,BackOfALength,Wide,NotOut,Played,FrontFoot,Drive,OffCutter,Over,Medium,Right,Null,NotReferred,Null,False,False,False,False,False,False,1327,False,False,False,False,True,False,1,0,0,0,0,False,False,0.0,,,,
1586483,17,9.94,12.0,1.0,0.0,169.0,5.0,12.0,74732,,40276,IPL 2026,1,1167,Lucknow Super Giants,242,Punjab Kings,2026-05-23T20:59:31Z,6,True,7256,Shashank Singh,1151,Josh Inglis,7107,Abdul Samad,285,149,Long On,0,0,0,0,BackOfALength,Wide,NotOut,MisTimed,BackFoot,Pull,NoMovement,Over,Medium,Right,Out1stUmpire,NotReferred,Null,False,False,False,False,False,False,1327,False,False,False,False,True,False,0,0,0,0,0,False,False,1.0,Caught,1151.0,Josh Inglis,Caught
1586486,18,9.61,4.0,1.0,0.0,173.0,6.0,4.0,74732,,40276,IPL 2026,1,1167,Lucknow Super Giants,242,Punjab Kings,2026-05-23T21:01:09Z,1,False,2705,Marco Jansen,7107,Abdul Samad,14364,Mukul Choudhary,342,135,Deep Mid Wicket,1,0,1,1,BackOfALength,DownLeg,NotOut,Played,BackFoot,Pull,NoMovement,Over,Fast,Left,Null,NotReferred,Null,False,False,False,False,True,False,1000,False,False,False,False,True,False,1,0,0,0,0,False,False,0.0,,,,
1586486,18,9.61,4.0,1.0,0.0,173.0,6.0,4.0,74732,,40276,IPL 2026,1,1167,Lucknow Super Giants,242,Punjab Kings,2026-05-23T21:01:44Z,2,False,2705,Marco Jansen,14364,Mukul Choudhary,7107,Abdul Samad,28,119,Fine Leg,1,0,1,1,BackOfALength,DownLeg,NotOut,MisTimed,BackFoot,Pull,NoMovement,Over,Fast,Left,Null,NotReferred,Null,False,False,False,False,False,False,1000,False,False,False,False,True,False,1,0,0,0,0,False,False,0.0,,,,
1586486,18,9.61,4.0,1.0,0.0,173.0,6.0,4.0,74732,,40276,IPL 2026,1,1167,Lucknow Super Giants,242,Punjab Kings,2026-05-23T21:02:22Z,3,False,2705,Marco Jansen,7107,Abdul Samad,14364,Mukul Choudhary,20,138,Deep Backward Square Leg,1,0,1,1,BackOfALength,DownLeg,NotOut,Played,BackFoot,Pull,NoMovement,Over,Fast,Left,Null,NotReferred,Null,False,False,False,False,False,False,1000,False,False,False,False,True,False,1,0,0,0,0,False,False,0.0,,,,
1586486,18,9.61,4.0,1.0,0.0,173.0,6.0,4.0,74732,,40276,IPL 2026,1,1167,Lucknow Super Giants,242,Punjab Kings,2026-05-23T21:02:52Z,4,False,2705,Marco Jansen,14364,Mukul Choudhary,7107,Abdul Samad,90,48,Wicketkeeper,0,0,0,0,LengthBall,MiddleStump,NotOut,Missed,BackFoot,Pull,NoMovement,Over,Fast,Left,Null,NotReferred,Null,False,False,False,False,False,False,1000,False,False,False,False,True,False,0,0,0,0,0,False,False,0.0,,,,
1586486,18,9.61,4.0,1.0,0.0,173.0,6.0,4.0,74732,,40276,IPL 2026,1,1167,Lucknow Super Giants,242,Punjab Kings,2026-05-23T21:03:22Z,5,True,2705,Marco Jansen,14364,Mukul Choudhary,7107,Abdul Samad,296,142,Long On,0,0,0,0,LengthBall,OffStump,NotOut,MisTimed,FrontFoot,Slog,NoMovement,Over,Fast,Left,Out2ndUmpire,NotReferred,Null,False,False,False,False,False,False,1000,False,False,False,False,True,False,0,0,0,0,0,False,False,0.0,CaughtSub,14364.0,Mukul Choudhary,Caught (sub)
1586486,18,9.61,4.0,1.0,0.0,173.0,6.0,4.0,74732,,40276,IPL 2026,1,1167,Lucknow Super Giants,242,Punjab Kings,2026-05-23T21:04:55Z,6,False,2705,Marco Jansen,7580,Arjun Tendulkar,7107,Abdul Samad,343,91,Cover,1,0,1,1,LengthBall,OutsideOff,NotOut,Played,BackFoot,Drive,NoMovement,Over,Fast,Left,Null,NotReferred,Null,False,False,False,False,False,False,1000,False,False,False,False,True,False,1,0,0,0,0,False,False,0.0,,,,
1586491,19,9.47,6.0,0.0,0.0,180.0,6.0,6.0,74732,,40276,IPL 2026,1,1167,Lucknow Super Giants,242,Punjab Kings,2026-05-23T21:06:07Z,1,False,8379,Vijaykumar Vyshak,7580,Arjun Tendulkar,7107,Abdul Samad,301,98,Mid Off,1,0,1,1,LengthBall,MiddleStump,NotOut,MisTimed,FrontFoot,Drive,NoMovement,Over,Medium,Right,Null,NotReferred,Null,False,False,False,False,False,False,1327,False,False,False,False,True,False,1,0,0,0,0,False,False,,,,,
1586491,19,9.47,6.0,0.0,0.0,180.0,6.0,6.0,74732,,40276,IPL 2026,1,1167,Lucknow Super Giants,242,Punjab Kings,2026-05-23T21:06:52Z,2,False,8379,Vijaykumar Vyshak,7107,Abdul Samad,7580,Arjun Tendulkar,333,153,Deep Mid Wicket,1,0,1,1,HalfVolley,Wide,NotOut,MisTimed,FrontFoot,Slog,NoMovement,Round,Medium,Right,Null,NotReferred,Null,False,False,False,False,False,False,1327,False,False,False,False,True,False,1,0,0,0,0,False,False,,,,,
1586491,19,9.47,6.0,0.0,0.0,180.0,6.0,6.0,74732,,40276,IPL 2026,1,1167,Lucknow Super Giants,242,Punjab Kings,2026-05-23T21:07:53Z,3,False,8379,Vijaykumar Vyshak,7580,Arjun Tendulkar,7107,Abdul Samad,339,140,Deep Cover,2,0,2,2,FullToss,OutsideOff,NotOut,Played,FrontFoot,Drive,NoMovement,Over,Medium,Right,Null,NotReferred,Null,False,False,False,False,False,False,1327,False,False,False,False,True,False,2,0,0,0,0,False,False,,,,,
1586491,19,9.47,6.0,0.0,0.0,180.0,6.0,6.0,74732,,40276,IPL 2026,1,1167,Lucknow Super Giants,242,Punjab Kings,2026-05-23T21:08:39Z,4,False,8379,Vijaykumar Vyshak,7580,Arjun Tendulkar,7107,Abdul Samad,321,47,Short Extra Cover,1,0,1,1,LengthBall,OutsideOff,NotOut,Played,FrontFoot,Slog,NoMovement,Round,Medium,Right,Null,NotReferred,Null,False,False,False,False,False,False,1327,False,False,False,False,True,False,1,0,0,0,0,False,False,,,,,
1586491,19,9.47,6.0,0.0,0.0,180.0,6.0,6.0,74732,,40276,IPL 2026,1,1167,Lucknow Super Giants,242,Punjab Kings,2026-05-23T21:09:24Z,5,False,8379,Vijaykumar Vyshak,7107,Abdul Samad,7580,Arjun Tendulkar,343,147,Deep Mid Wicket,1,0,1,1,BackOfALength,DownLeg,NotOut,Played,BackFoot,Pull,NoMovement,Round,Medium,Right,Null,NotReferred,Null,False,False,False,False,False,False,1327,False,False,False,False,True,False,1,0,0,0,0,False,False,,,,,
1586491,19,9.47,6.0,0.0,0.0,180.0,6.0,6.0,74732,,40276,IPL 2026,1,1167,Lucknow Super Giants,242,Punjab Kings,2026-05-23T21:10:02Z,6,False,8379,Vijaykumar Vyshak,7580,Arjun Tendulkar,7107,Abdul Samad,90,48,Wicketkeeper,0,0,0,0,Short,Wide,NotOut,Left,Ducked,Leave,NoMovement,Round,Medium,Right,Null,NotReferred,Null,False,False,False,False,False,False,1327,False,False,False,False,True,False,0,0,0,0,0,False,False,,,,,
1586495,20,9.8,17.0,0.0,3.0,196.0,6.0,17.0,74732,,40276,IPL 2026,1,1167,Lucknow Super Giants,242,Punjab Kings,2026-05-23T21:12:59Z,1,False,2667,Arshdeep Singh,7107,Abdul Samad,7580,Arjun Tendulkar,225,140,Deep Extra Cover,0,0,0,0,FullToss,Wide,NotOut,MisTimed,DeepInCrease,Cut,NoMovement,Over,Fast,Left,Null,NotReferred,Null,False,False,False,False,False,False,1000,False,False,False,False,True,False,0,0,0,0,0,False,False,0.0,,,,
1586495,20,9.8,17.0,0.0,3.0,196.0,6.0,17.0,74732,,40276,IPL 2026,1,1167,Lucknow Super Giants,242,Punjab Kings,2026-05-23T21:12:26Z,1,False,2667,Arshdeep Singh,7107,Abdul Samad,7580,Arjun Tendulkar,90,48,Wicketkeeper,1,1,1,0,LengthBall,Wide,NotOut,Left,DeepInCrease,Leave,NoMovement,Over,Fast,Left,Null,NotReferred,Null,True,False,False,False,False,False,1000,False,False,False,False,True,False,1,0,1,0,0,False,False,0.0,,,,
1586495,20,9.8,17.0,0.0,3.0,196.0,6.0,17.0,74732,,40276,IPL 2026,1,1167,Lucknow Super Giants,242,Punjab Kings,2026-05-23T21:13:43Z,2,False,2667,Arshdeep Singh,7107,Abdul Samad,7580,Arjun Tendulkar,48,60,Leg Gully,0,0,0,0,FullToss,Wide,NotOut,MisTimed,DeepInCrease,Cut,NoMovement,Over,Fast,Left,Null,NotReferred,Null,False,False,False,False,False,False,1000,False,False,False,False,True,False,0,0,0,0,0,False,False,0.0,,,,
1586495,20,9.8,17.0,0.0,3.0,196.0,6.0,17.0,74732,,40276,IPL 2026,1,1167,Lucknow Super Giants,242,Punjab Kings,2026-05-23T21:14:21Z,3,False,2667,Arshdeep Singh,7107,Abdul Samad,7580,Arjun Tendulkar,295,140,Long On,0,0,0,0,FullToss,OffStump,NotOut,Played,DeepInCrease,Worked,ReverseSwingOut,Over,Fast,Left,Null,NotReferred,Null,False,False,False,False,False,False,1000,False,False,False,False,True,False,0,0,0,0,0,False,False,0.0,,,,
1586495,20,9.8,17.0,0.0,3.0,196.0,6.0,17.0,74732,,40276,IPL 2026,1,1167,Lucknow Super Giants,242,Punjab Kings,2026-05-23T21:15:00Z,4,False,2667,Arshdeep Singh,7107,Abdul Samad,7580,Arjun Tendulkar,340,178,Deep Mid Wicket,6,0,6,6,BackOfALength,OutsideOff,NotOut,WellTimed,MovesInfront,Pull,NoMovement,Over,Fast,Left,Null,NotReferred,Null,False,False,False,False,True,False,1000,False,False,False,False,True,False,6,0,0,0,0,False,False,0.0,,,,
1586495,20,9.8,17.0,0.0,3.0,196.0,6.0,17.0,74732,,40276,IPL 2026,1,1167,Lucknow Super Giants,242,Punjab Kings,2026-05-23T21:15:47Z,5,False,2667,Arshdeep Singh,7107,Abdul Samad,7580,Arjun Tendulkar,123,186,Third Man,4,0,4,4,LengthBall,Wide,NotOut,ThickEdge,DownTheTrack,Drive,ReverseSwingOut,Over,Fast,Left,Null,NotReferred,Null,False,False,False,False,False,False,1000,False,False,False,False,True,False,4,0,0,0,0,False,False,0.0,,,,
1586495,20,9.8,17.0,0.0,3.0,196.0,6.0,17.0,74732,,40276,IPL 2026,1,1167,Lucknow Super Giants,242,Punjab Kings,2026-05-23T21:17:57Z,6,False,2667,Arshdeep Singh,7107,Abdul Samad,7580,Arjun Tendulkar,141,173,Third Man,4,0,4,4,HalfVolley,Wide,NotOut,ThickEdge,FrontFoot,Drive,ReverseSwingOut,Round,Fast,Left,Null,NotReferred,Null,False,False,False,False,False,False,1000,False,False,False,False,True,False,4,0,0,0,0,False,False,0.0,,,,
1586495,20,9.8,17.0,0.0,3.0,196.0,6.0,17.0,74732,,40276,IPL 2026,1,1167,Lucknow Super Giants,242,Punjab Kings,2026-05-23T21:17:14Z,6,False,2667,Arshdeep Singh,7107,Abdul Samad,7580,Arjun Tendulkar,90,48,Wicketkeeper,1,1,1,0,HalfVolley,Wide,NotOut,Left,BackFoot,Leave,ReverseSwingOut,Over,Fast,Left,Null,NotReferred,Null,True,False,False,False,False,False,1000,False,False,False,False,True,False,1,0,1,0,0,False,False,0.0,,,,
1586495,20,9.8,17.0,0.0,3.0,196.0,6.0,17.0,74732,,40276,IPL 2026,1,1167,Lucknow Super Giants,242,Punjab Kings,2026-05-23T21:16:26Z,6,False,2667,Arshdeep Singh,7107,Abdul Samad,7580,Arjun Tendulkar,90,48,Wicketkeeper,1,1,1,0,Yorker,Wide,NotOut,Left,DeepInCrease,Leave,ReverseSwingOut,Over,Fast,Left,Null,NotReferred,Null,True,False,False,False,False,False,1000,False,False,False,False,True,False,1,0,1,0,0,False,False,0.0,,,,
1586505,1,10.0,10.0,1.0,2.0,10.0,1.0,10.0,74734,,40276,IPL 2026,2,242,Punjab Kings,1167,Lucknow Super Giants,2026-05-23T21:33:38Z,1,True,10913,Mohammed Shami,11929,Priyansh Arya,2708,Prabhsimran Singh,194,91,Mid Wicket,0,0,0,0,BackOfALength,OutsideOff,NotOut,MisTimed,BackFoot,Pull,NoMovement,Round,Fast,Right,Out1stUmpire,NotReferred,Null,False,False,False,False,False,False,1327,False,True,True,False,False,False,0,0,0,0,0,False,False,1.0,Caught,11929.0,Priyansh Arya,Caught
1586505,1,10.0,10.0,1.0,2.0,10.0,1.0,10.0,74734,,40276,IPL 2026,2,242,Punjab Kings,1167,Lucknow Super Giants,2026-05-23T21:35:16Z,2,False,10913,Mohammed Shami,3958,Cooper Connolly,2708,Prabhsimran Singh,90,48,Wicketkeeper,1,1,1,0,LengthBall,Wide,NotOut,Left,FrontFoot,Leave,SeamAway,Round,Fast,Right,Null,NotReferred,Null,True,False,False,False,False,False,1327,False,False,True,False,True,False,1,0,1,0,0,False,False,0.0,,,,
1586505,1,10.0,10.0,1.0,2.0,10.0,1.0,10.0,74734,,40276,IPL 2026,2,242,Punjab Kings,1167,Lucknow Super Giants,2026-05-23T21:35:53Z,2,False,10913,Mohammed Shami,3958,Cooper Connolly,2708,Prabhsimran Singh,169,185,Deep Backward Square Leg,4,0,4,4,LengthBall,OffStump,NotOut,WellTimed,FrontFoot,Flick,InSwinger,Round,Fast,Right,Null,NotReferred,Null,False,False,False,False,True,False,1327,False,False,True,False,True,False,4,0,0,0,0,False,False,0.0,,,,
1586505,1,10.0,10.0,1.0,2.0,10.0,1.0,10.0,74734,,40276,IPL 2026,2,242,Punjab Kings,1167,Lucknow Super Giants,2026-05-23T21:36:24Z,3,False,10913,Mohammed Shami,3958,Cooper Connolly,2708,Prabhsimran Singh,344,90,Cover,0,0,0,0,LengthBall,OutsideOff,NotOut,Played,BackFoot,Drive,NoMovement,Round,Fast,Right,Null,NotReferred,Null,False,False,False,False,False,False,1327,False,False,True,False,True,False,0,0,0,0,0,False,False,0.0,,,,
1586505,1,10.0,10.0,1.0,2.0,10.0,1.0,10.0,74734,,40276,IPL 2026,2,242,Punjab Kings,1167,Lucknow Super Giants,2026-05-23T21:37:00Z,4,False,10913,Mohammed Shami,3958,Cooper Connolly,2708,Prabhsimran Singh,39,173,Third Man,4,0,4,4,LengthBall,Wide,NotOut,WellTimed,FrontFoot,Cut,NoMovement,Round,Fast,Right,Null,NotReferred,Null,False,False,False,False,True,False,1327,False,False,True,False,True,False,4,0,0,0,0,False,False,0.0,,,,
1586505,1,10.0,10.0,1.0,2.0,10.0,1.0,10.0,74734,,40276,IPL 2026,2,242,Punjab Kings,1167,Lucknow Super Giants,2026-05-23T21:37:40Z,5,False,10913,Mohammed Shami,3958,Cooper Connolly,2708,Prabhsimran Singh,90,48,Wicketkeeper,0,0,0,0,LengthBall,Wide,NotOut,BottomEdge,BackFoot,Cut,AwaySwinger,Round,Fast,Right,Null,NotReferred,Null,False,False,False,False,False,False,1327,False,False,True,False,True,False,0,0,0,0,0,False,False,0.0,,,,
1586505,1,10.0,10.0,1.0,2.0,10.0,1.0,10.0,74734,,40276,IPL 2026,2,242,Punjab Kings,1167,Lucknow Super Giants,2026-05-23T21:38:18Z,6,False,10913,Mohammed Shami,3958,Cooper Connolly,2708,Prabhsimran Singh,90,48,Wicketkeeper,1,1,1,0,LengthBall,Wide,NotOut,Missed,FrontFoot,Cut,AwaySwinger,Round,Fast,Right,Null,NotReferred,Null,True,False,False,False,False,False,1327,False,False,True,False,True,False,1,0,1,0,0,False,False,0.0,,,,
1586505,1,10.0,10.0,1.0,2.0,10.0,1.0,10.0,74734,,40276,IPL 2026,2,242,Punjab Kings,1167,Lucknow Super Giants,2026-05-23T21:38:57Z,6,False,10913,Mohammed Shami,3958,Cooper Connolly,2708,Prabhsimran Singh,342,65,Point,0,0,0,0,LengthBall,OutsideOff,NotOut,Played,BackFoot,Cut,NoMovement,Round,Fast,Right,Null,NotReferred,Null,False,False,False,False,False,False,1327,False,False,True,False,True,False,0,0,0,0,0,False,False,0.0,,,,
1586510,2,10.5,11.0,0.0,0.0,21.0,1.0,11.0,74734,,40276,IPL 2026,2,242,Punjab Kings,1167,Lucknow Super Giants,2026-05-23T21:40:00Z,1,False,14819,Prince Yadav,2708,Prabhsimran Singh,3958,Cooper Connolly,270,40,Bowler,0,0,0,0,LengthBall,OutsideOff,NotOut,Played,FrontFoot,ForwardDefensive,InSwinger,Over,Fast,Right,Null,NotReferred,Null,False,False,False,False,False,False,1000,False,False,True,False,True,False,0,0,0,0,0,False,False,,,,,
1586510,2,10.5,11.0,0.0,0.0,21.0,1.0,11.0,74734,,40276,IPL 2026,2,242,Punjab Kings,1167,Lucknow Super Giants,2026-05-23T21:40:34Z,2,False,14819,Prince Yadav,2708,Prabhsimran Singh,3958,Cooper Connolly,161,137,Deep Backward Point,1,0,1,1,BackOfALength,OutsideOff,NotOut,Played,BackFoot,Steer,NoMovement,Over,Fast,Right,Null,NotReferred,Null,False,False,False,False,False,False,1000,False,False,True,False,True,False,1,0,0,0,0,False,False,,,,,
1586510,2,10.5,11.0,0.0,0.0,21.0,1.0,11.0,74734,,40276,IPL 2026,2,242,Punjab Kings,1167,Lucknow Super Giants,2026-05-23T21:41:15Z,3,False,14819,Prince Yadav,3958,Cooper Connolly,2708,Prabhsimran Singh,181,183,Deep Square Leg,4,0,4,4,LengthBall,DownLeg,NotOut,WellTimed,BackFoot,Flick,NoMovement,Over,Fast,Right,Null,NotReferred,Null,False,False,False,False,False,False,1000,False,False,True,False,True,False,4,0,0,0,0,False,True,,,,,
1586510,2,10.5,11.0,0.0,0.0,21.0,1.0,11.0,74734,,40276,IPL 2026,2,242,Punjab Kings,1167,Lucknow Super Giants,2026-05-23T21:41:58Z,4,False,14819,Prince Yadav,3958,Cooper Connolly,2708,Prabhsimran Singh,335,185,Deep Cover,4,0,4,4,HalfVolley,OffStump,NotOut,WellTimed,FrontFoot,Drive,InSwinger,Over,Fast,Right,Null,NotReferred,Null,False,False,False,False,False,False,1000,False,False,True,False,True,False,4,0,0,0,0,False,True,,,,,
1586510,2,10.5,11.0,0.0,0.0,21.0,1.0,11.0,74734,,40276,IPL 2026,2,242,Punjab Kings,1167,Lucknow Super Giants,2026-05-23T21:42:36Z,5,False,14819,Prince Yadav,3958,Cooper Connolly,2708,Prabhsimran Singh,342,145,Deep Cover,2,0,2,2,LengthBall,LegStump,NotOut,Played,BackFoot,Drive,NoMovement,Over,Fast,Right,Null,NotReferred,Null,False,False,False,False,False,False,1000,False,False,True,False,True,False,2,0,0,0,0,False,False,,,,,
1586510,2,10.5,11.0,0.0,0.0,21.0,1.0,11.0,74734,,40276,IPL 2026,2,242,Punjab Kings,1167,Lucknow Super Giants,2026-05-23T21:43:17Z,6,False,14819,Prince Yadav,3958,Cooper Connolly,2708,Prabhsimran Singh,252,87,Mid On,0,0,0,0,BackOfALength,DownLeg,NotOut,MisTimed,BackFoot,Pull,NoMovement,Over,Fast,Right,Null,NotReferred,Null,False,False,False,False,False,False,1000,False,False,True,False,True,False,0,0,0,0,0,False,False,,,,,
1586512,3,10.0,9.0,1.0,0.0,30.0,2.0,9.0,74734,,40276,IPL 2026,2,242,Punjab Kings,1167,Lucknow Super Giants,2026-05-23T21:44:22Z,1,False,10913,Mohammed Shami,2708,Prabhsimran Singh,3958,Cooper Connolly,172,138,Deep Backward Point,1,0,1,1,LengthBall,OutsideOff,NotOut,Played,FrontFoot,Drive,NoMovement,Over,Fast,Right,Null,NotReferred,Null,False,False,False,False,False,False,1327,False,False,True,False,True,False,1,0,0,0,0,False,False,0.0,,,,
1586512,3,10.0,9.0,1.0,0.0,30.0,2.0,9.0,74734,,40276,IPL 2026,2,242,Punjab Kings,1167,Lucknow Super Giants,2026-05-23T21:44:59Z,2,True,10913,Mohammed Shami,3958,Cooper Connolly,2708,Prabhsimran Singh,0,0,,0,0,0,0,HalfVolley,OffStump,NotOut,Missed,FrontFoot,Drive,InSwinger,Round,Fast,Right,Out1stUmpire,NotReferred,Null,False,False,False,False,False,False,1327,False,False,True,False,True,False,0,0,0,0,0,False,False,0.0,Bowled,3958.0,Cooper Connolly,Bowled
1586512,3,10.0,9.0,1.0,0.0,30.0,2.0,9.0,74734,,40276,IPL 2026,2,242,Punjab Kings,1167,Lucknow Super Giants,2026-05-23T21:46:50Z,3,False,10913,Mohammed Shami,10922,Shreyas Iyer,2708,Prabhsimran Singh,320,72,Mid Wicket,0,0,0,0,LengthBall,OutsideOff,NotOut,MisTimed,BackFoot,Worked,NoMovement,Over,Fast,Right,Null,NotReferred,Null,False,False,False,False,False,False,1327,False,False,True,False,True,False,0,0,0,0,0,False,False,0.0,,,,
1586512,3,10.0,9.0,1.0,0.0,30.0,2.0,9.0,74734,,40276,IPL 2026,2,242,Punjab Kings,1167,Lucknow Super Giants,2026-05-23T21:47:30Z,4,False,10913,Mohammed Shami,10922,Shreyas Iyer,2708,Prabhsimran Singh,198,85,Cover,0,0,0,0,LengthBall,OutsideOff,NotOut,MisTimed,BackFoot,Drive,NoMovement,Over,Fast,Right,Null,NotReferred,Null,False,False,False,False,False,False,1327,False,False,True,False,True,False,0,0,0,0,0,False,False,0.0,,,,
1586512,3,10.0,9.0,1.0,0.0,30.0,2.0,9.0,74734,,40276,IPL 2026,2,242,Punjab Kings,1167,Lucknow Super Giants,2026-05-23T21:48:15Z,5,False,10913,Mohammed Shami,10922,Shreyas Iyer,2708,Prabhsimran Singh,250,201,Long Off,4,0,4,4,LengthBall,OutsideOff,NotOut,WellTimed,BackFoot,Drive,NoMovement,Over,Fast,Right,Null,NotReferred,Null,False,False,False,False,False,False,1327,False,False,True,False,True,False,4,0,0,0,0,False,True,0.0,,,,
1586512,3,10.0,9.0,1.0,0.0,30.0,2.0,9.0,74734,,40276,IPL 2026,2,242,Punjab Kings,1167,Lucknow Super Giants,2026-05-23T21:48:56Z,6,False,10913,Mohammed Shami,10922,Shreyas Iyer,2708,Prabhsimran Singh,347,189,Deep Mid Wicket,4,0,4,4,LengthBall,OffStump,NotOut,WellTimed,FrontFoot,Flick,InSwinger,Over,Fast,Right,Null,NotReferred,Null,False,False,False,False,False,False,1327,False,False,True,False,True,False,4,0,0,0,0,False,True,0.0,,,,
1586517,4,10.25,11.0,0.0,0.0,41.0,2.0,11.0,74734,,40276,IPL 2026,2,242,Punjab Kings,1167,Lucknow Super Giants,2026-05-23T21:50:16Z,1,False,7560,Mohsin Khan,2708,Prabhsimran Singh,10922,Shreyas Iyer,171,143,Deep Backward Point,1,0,1,1,LengthBall,OutsideOff,NotOut,Played,FrontFoot,Drive,AwaySwinger,Over,Fast,Left,Null,NotReferred,Null,False,False,False,False,False,False,1000,False,False,True,False,True,False,1,0,0,0,0,False,False,,,,,
1586517,4,10.25,11.0,0.0,0.0,41.0,2.0,11.0,74734,,40276,IPL 2026,2,242,Punjab Kings,1167,Lucknow Super Giants,2026-05-23T21:50:57Z,2,False,7560,Mohsin Khan,10922,Shreyas Iyer,2708,Prabhsimran Singh,177,140,Deep Point,1,0,1,1,LengthBall,OffStump,NotOut,Played,BackFoot,Drive,NoMovement,Over,Fast,Left,Null,NotReferred,Null,False,False,False,False,False,False,1000,False,False,True,False,True,False,1,0,0,0,0,False,False,,,,,
1586517,4,10.25,11.0,0.0,0.0,41.0,2.0,11.0,74734,,40276,IPL 2026,2,242,Punjab Kings,1167,Lucknow Super Giants,2026-05-23T21:51:38Z,3,False,7560,Mohsin Khan,2708,Prabhsimran Singh,10922,Shreyas Iyer,243,91,Mid Off,1,0,1,1,LengthBall,OffStump,NotOut,Played,FrontFoot,Drive,AwaySwinger,Over,Fast,Left,Null,NotReferred,Null,False,False,False,False,False,False,1000,False,False,True,False,True,False,1,0,0,0,0,False,False,,,,,
1586517,4,10.25,11.0,0.0,0.0,41.0,2.0,11.0,74734,,40276,IPL 2026,2,242,Punjab Kings,1167,Lucknow Super Giants,2026-05-23T21:52:06Z,4,False,7560,Mohsin Khan,10922,Shreyas Iyer,2708,Prabhsimran Singh,161,173,Deep Backward Point,4,0,4,4,LengthBall,OffStump,NotOut,WellTimed,BackFoot,Cut,AwaySwinger,Over,Fast,Left,Null,NotReferred,Null,False,False,False,False,False,False,1000,False,False,True,False,True,False,4,0,0,0,0,False,True,,,,,
1586517,4,10.25,11.0,0.0,0.0,41.0,2.0,11.0,74734,,40276,IPL 2026,2,242,Punjab Kings,1167,Lucknow Super Giants,2026-05-23T21:52:49Z,5,False,7560,Mohsin Khan,10922,Shreyas Iyer,2708,Prabhsimran Singh,179,90,Point,0,0,0,0,LengthBall,OffStump,NotOut,Played,FrontFoot,Pushed,NoMovement,Over,Fast,Left,Null,NotReferred,Null,False,False,False,False,False,False,1000,False,False,True,False,True,False,0,0,0,0,0,False,False,,,,,
1586517,4,10.25,11.0,0.0,0.0,41.0,2.0,11.0,74734,,40276,IPL 2026,2,242,Punjab Kings,1167,Lucknow Super Giants,2026-05-23T21:53:17Z,6,False,7560,Mohsin Khan,10922,Shreyas Iyer,2708,Prabhsimran Singh,220,185,Deep Extra Cover,4,0,4,4,LengthBall,OutsideOff,NotOut,WellTimed,FrontFoot,Drive,NoMovement,Over,Fast,Left,Null,NotReferred,Null,False,False,False,False,True,False,1000,False,False,True,False,True,False,4,0,0,0,0,False,True,,,,,
1586520,5,11.0,14.0,0.0,0.0,55.0,2.0,14.0,74734,,40276,IPL 2026,2,242,Punjab Kings,1167,Lucknow Super Giants,2026-05-23T21:54:48Z,1,False,15856,Digvesh Rathi,2708,Prabhsimran Singh,10922,Shreyas Iyer,28,127,Fine Leg,2,0,2,2,LengthBall,OutsideOff,NotOut,MisTimed,FrontFoot,Flick,LegSpinner,Over,LegSpin,Right,Null,NotReferred,Null,False,False,False,False,False,False,1327,False,False,True,False,True,False,2,0,0,0,0,False,False,,,,,
1586520,5,11.0,14.0,0.0,0.0,55.0,2.0,14.0,74734,,40276,IPL 2026,2,242,Punjab Kings,1167,Lucknow Super Giants,2026-05-23T21:55:27Z,2,False,15856,Digvesh Rathi,2708,Prabhsimran Singh,10922,Shreyas Iyer,117,184,Third Man,4,0,4,4,LengthBall,OutsideOff,NotOut,WellTimed,BackFoot,Steer,LegSpinner,Over,LegSpin,Right,Null,NotReferred,Null,False,False,False,False,False,False,1327,False,False,True,False,True,False,4,0,0,0,0,False,True,,,,,
1586520,5,11.0,14.0,0.0,0.0,55.0,2.0,14.0,74734,,40276,IPL 2026,2,242,Punjab Kings,1167,Lucknow Super Giants,2026-05-23T21:56:14Z,3,False,15856,Digvesh Rathi,2708,Prabhsimran Singh,10922,Shreyas Iyer,287,154,Long On,2,0,2,2,LengthBall,Wide,NotOut,MisTimed,FrontFoot,Slog,Googly,Over,LegSpin,Right,Null,NotReferred,Null,False,False,False,False,False,False,1327,False,False,True,False,True,False,2,0,0,0,0,False,False,,,,,
1586520,5,11.0,14.0,0.0,0.0,55.0,2.0,14.0,74734,,40276,IPL 2026,2,242,Punjab Kings,1167,Lucknow Super Giants,2026-05-23T21:56:51Z,4,False,15856,Digvesh Rathi,2708,Prabhsimran Singh,10922,Shreyas Iyer,34,180,Fine Leg,4,0,4,4,LengthBall,OutsideOff,NotOut,WellTimed,MovesInfront,SlogSweep,Googly,Over,LegSpin,Right,Null,NotReferred,Null,False,False,False,False,True,False,1327,False,False,True,False,True,False,4,0,0,0,0,False,True,,,,,
1586520,5,11.0,14.0,0.0,0.0,55.0,2.0,14.0,74734,,40276,IPL 2026,2,242,Punjab Kings,1167,Lucknow Super Giants,2026-05-23T21:57:37Z,5,False,15856,Digvesh Rathi,2708,Prabhsimran Singh,10922,Shreyas Iyer,176,79,Point,1,0,1,1,LengthBall,OutsideOff,NotOut,Played,FrontFoot,Pushed,LegSpinner,Over,LegSpin,Right,Null,NotReferred,Null,False,False,False,False,False,False,1327,False,False,True,False,True,False,1,0,0,0,0,False,False,,,,,
1586520,5,11.0,14.0,0.0,0.0,55.0,2.0,14.0,74734,,40276,IPL 2026,2,242,Punjab Kings,1167,Lucknow Super Giants,2026-05-23T21:58:26Z,6,False,15856,Digvesh Rathi,10922,Shreyas Iyer,2708,Prabhsimran Singh,337,144,Deep Mid Wicket,1,0,1,1,LengthBall,OutsideOff,NotOut,Played,BackFoot,Worked,Googly,Over,LegSpin,Right,Null,NotReferred,Null,False,False,False,False,False,False,1327,False,False,True,False,True,False,1,0,0,0,0,False,False,,,,,
1586523,6,10.83,10.0,0.0,1.0,65.0,2.0,10.0,74734,,40276,IPL 2026,2,242,Punjab Kings,1167,Lucknow Super Giants,2026-05-23T21:59:48Z,1,False,14819,Prince Yadav,10922,Shreyas Iyer,2708,Prabhsimran Singh,170,126,Deep Backward Point,1,0,1,1,LengthBall,OutsideOff,NotOut,Played,BackFoot,Drive,NoMovement,Over,Fast,Right,Null,NotReferred,Null,False,False,False,False,False,False,1000,False,False,True,False,True,False,1,0,0,0,0,False,False,,,,,
1586523,6,10.83,10.0,0.0,1.0,65.0,2.0,10.0,74734,,40276,IPL 2026,2,242,Punjab Kings,1167,Lucknow Super Giants,2026-05-23T22:00:27Z,2,False,14819,Prince Yadav,2708,Prabhsimran Singh,10922,Shreyas Iyer,293,4,Short Leg,1,0,1,1,Yorker,LegStump,NotOut,MisTimed,BackFoot,Worked,InSwinger,Over,Fast,Right,Null,NotReferred,Null,False,False,False,False,False,False,1000,False,False,True,False,True,False,1,0,0,0,0,False,False,,,,,
1586523,6,10.83,10.0,0.0,1.0,65.0,2.0,10.0,74734,,40276,IPL 2026,2,242,Punjab Kings,1167,Lucknow Super Giants,2026-05-23T22:01:15Z,3,False,14819,Prince Yadav,10922,Shreyas Iyer,2708,Prabhsimran Singh,237,40,Silly Mid Off,0,0,0,0,LengthBall,OutsideOff,NotOut,Played,BackFoot,Pushed,InSwinger,Over,Fast,Right,Null,NotReferred,Null,False,False,False,False,False,False,1327,False,False,True,False,True,False,0,0,0,0,0,False,False,,,,,
1586523,6,10.83,10.0,0.0,1.0,65.0,2.0,10.0,74734,,40276,IPL 2026,2,242,Punjab Kings,1167,Lucknow Super Giants,2026-05-23T22:02:38Z,4,False,14819,Prince Yadav,10922,Shreyas Iyer,2708,Prabhsimran Singh,45,191,Fine Leg,4,0,4,4,FullToss,LegStump,NotOut,WellTimed,FrontFoot,Flick,InSwinger,Over,Fast,Right,Null,NotReferred,Null,False,False,False,False,True,False,1327,False,False,True,False,True,False,4,0,0,0,0,False,True,,,,,
1586523,6,10.83,10.0,0.0,1.0,65.0,2.0,10.0,74734,,40276,IPL 2026,2,242,Punjab Kings,1167,Lucknow Super Giants,2026-05-23T22:03:22Z,5,False,14819,Prince Yadav,10922,Shreyas Iyer,2708,Prabhsimran Singh,90,48,Wicketkeeper,1,1,1,0,Short,OutsideOff,NotOut,Left,SwayedAway,Leave,NoMovement,Over,Fast,Right,Null,NotReferred,Null,True,False,False,False,False,False,1327,False,False,True,False,True,False,1,0,1,0,0,False,False,,,,,
1586523,6,10.83,10.0,0.0,1.0,65.0,2.0,10.0,74734,,40276,IPL 2026,2,242,Punjab Kings,1167,Lucknow Super Giants,2026-05-23T22:04:01Z,5,False,14819,Prince Yadav,10922,Shreyas Iyer,2708,Prabhsimran Singh,254,86,Mid Off,1,0,1,1,LengthBall,OutsideOff,NotOut,Played,FrontFoot,Drive,InSwinger,Over,Fast,Right,Null,NotReferred,Null,False,False,False,False,False,False,1327,False,False,True,False,True,False,1,0,0,0,0,False,False,,,,,
1586523,6,10.83,10.0,0.0,1.0,65.0,2.0,10.0,74734,,40276,IPL 2026,2,242,Punjab Kings,1167,Lucknow Super Giants,2026-05-23T22:04:36Z,6,False,14819,Prince Yadav,2708,Prabhsimran Singh,10922,Shreyas Iyer,306,135,Mid On,2,0,2,2,LengthBall,OffStump,NotOut,MisTimed,FrontFoot,Drive,InSwinger,Over,Fast,Right,Null,NotReferred,Null,False,False,False,False,False,False,1327,False,False,True,False,True,False,2,0,0,0,0,False,False,,,,,
1586524,7,9.86,4.0,0.0,0.0,69.0,2.0,4.0,74734,,40276,IPL 2026,2,242,Punjab Kings,1167,Lucknow Super Giants,2026-05-23T22:06:06Z,1,False,7580,Arjun Tendulkar,10922,Shreyas Iyer,2708,Prabhsimran Singh,178,78,Point,0,0,0,0,LengthBall,MiddleStump,NotOut,Played,FrontFoot,Pushed,NoMovement,Over,Medium,Left,Null,NotReferred,Null,False,False,False,False,False,False,1000,False,False,False,False,True,False,0,0,0,0,0,False,False,0.0,,,,
1586524,7,9.86,4.0,0.0,0.0,69.0,2.0,4.0,74734,,40276,IPL 2026,2,242,Punjab Kings,1167,Lucknow Super Giants,2026-05-23T22:06:40Z,2,False,7580,Arjun Tendulkar,10922,Shreyas Iyer,2708,Prabhsimran Singh,270,40,Bowler,0,0,0,0,LengthBall,LegStump,NotOut,MisTimed,BackFoot,Worked,NoMovement,Over,Medium,Left,Null,NotReferred,Null,False,False,False,False,False,False,1000,False,False,False,False,True,False,0,0,0,0,0,False,False,0.0,,,,
1586524,7,9.86,4.0,0.0,0.0,69.0,2.0,4.0,74734,,40276,IPL 2026,2,242,Punjab Kings,1167,Lucknow Super Giants,2026-05-23T22:07:04Z,3,False,7580,Arjun Tendulkar,10922,Shreyas Iyer,2708,Prabhsimran Singh,198,141,Deep Cover,1,0,1,1,LengthBall,MiddleStump,NotOut,Played,BackFoot,Drive,NoMovement,Over,Medium,Left,Null,NotReferred,Null,False,False,False,False,False,False,1000,False,False,False,False,True,False,1,0,0,0,0,False,False,0.0,,,,
1586524,7,9.86,4.0,0.0,0.0,69.0,2.0,4.0,74734,,40276,IPL 2026,2,242,Punjab Kings,1167,Lucknow Super Giants,2026-05-23T22:07:45Z,4,False,7580,Arjun Tendulkar,2708,Prabhsimran Singh,10922,Shreyas Iyer,64,91,Short Fine Leg,1,0,1,1,BackOfALength,DownLeg,NotOut,MisTimed,BackFoot,Slog,NoMovement,Over,Medium,Left,Null,NotReferred,Null,False,False,False,False,False,False,1000,False,False,False,False,True,False,1,0,0,0,0,False,False,3.0,,,,
1586524,7,9.86,4.0,0.0,0.0,69.0,2.0,4.0,74734,,40276,IPL 2026,2,242,Punjab Kings,1167,Lucknow Super Giants,2026-05-23T22:08:35Z,5,False,7580,Arjun Tendulkar,10922,Shreyas Iyer,2708,Prabhsimran Singh,198,140,Deep Cover,1,0,1,1,LengthBall,OutsideOff,NotOut,Played,BackFoot,Drive,AwaySwinger,Over,Medium,Left,Null,NotReferred,Null,False,False,False,False,False,False,1000,False,False,False,False,True,False,1,0,0,0,0,False,False,0.0,,,,
1586524,7,9.86,4.0,0.0,0.0,69.0,2.0,4.0,74734,,40276,IPL 2026,2,242,Punjab Kings,1167,Lucknow Super Giants,2026-05-23T22:09:03Z,6,False,7580,Arjun Tendulkar,2708,Prabhsimran Singh,10922,Shreyas Iyer,8,142,Deep Square Leg,1,0,1,1,LengthBall,DownLeg,NotOut,Played,BackFoot,Worked,NoMovement,Over,Medium,Left,Null,NotReferred,Null,False,False,False,False,True,False,1000,False,False,False,False,True,False,1,0,0,0,0,False,False,0.0,,,,
1586526,8,9.88,10.0,0.0,0.0,79.0,2.0,10.0,74734,,40276,IPL 2026,2,242,Punjab Kings,1167,Lucknow Super Giants,2026-05-23T22:10:08Z,1,False,7560,Mohsin Khan,2708,Prabhsimran Singh,10922,Shreyas Iyer,300,150,Long On,1,0,1,1,LengthBall,OffStump,NotOut,Played,BackFoot,Pull,NoMovement,Over,Fast,Left,Null,NotReferred,Null,False,False,False,False,True,False,1327,False,False,False,False,True,False,1,0,0,0,0,False,False,,,,,
1586526,8,9.88,10.0,0.0,0.0,79.0,2.0,10.0,74734,,40276,IPL 2026,2,242,Punjab Kings,1167,Lucknow Super Giants,2026-05-23T22:10:54Z,2,False,7560,Mohsin Khan,10922,Shreyas Iyer,2708,Prabhsimran Singh,13,144,Deep Backward Square Leg,1,0,1,1,BackOfALength,DownLeg,NotOut,Played,BackFoot,Pull,NoMovement,Over,Fast,Left,Null,NotReferred,Null,False,False,False,False,True,False,1327,False,False,False,False,True,False,1,0,0,0,0,False,False,,,,,
1586526,8,9.88,10.0,0.0,0.0,79.0,2.0,10.0,74734,,40276,IPL 2026,2,242,Punjab Kings,1167,Lucknow Super Giants,2026-05-23T22:11:33Z,3,False,7560,Mohsin Khan,2708,Prabhsimran Singh,10922,Shreyas Iyer,155,78,Backward Point,0,0,0,0,LengthBall,MiddleStump,NotOut,Played,BackFoot,Pushed,OffCutter,Over,Fast,Left,Null,NotReferred,Null,False,False,False,False,False,False,1327,False,False,False,False,True,False,0,0,0,0,0,False,False,,,,,
1586526,8,9.88,10.0,0.0,0.0,79.0,2.0,10.0,74734,,40276,IPL 2026,2,242,Punjab Kings,1167,Lucknow Super Giants,2026-05-23T22:12:01Z,4,False,7560,Mohsin Khan,2708,Prabhsimran Singh,10922,Shreyas Iyer,184,143,Deep Point,1,0,1,1,BackOfALength,LegStump,NotOut,Played,BackFoot,Cut,OffCutter,Over,Fast,Left,Null,NotReferred,Null,False,False,False,False,True,False,1327,False,False,False,False,True,False,1,0,0,0,0,False,False,,,,,
1586526,8,9.88,10.0,0.0,0.0,79.0,2.0,10.0,74734,,40276,IPL 2026,2,242,Punjab Kings,1167,Lucknow Super Giants,2026-05-23T22:12:31Z,5,False,7560,Mohsin Khan,10922,Shreyas Iyer,2708,Prabhsimran Singh,183,70,Point,1,0,1,1,LengthBall,MiddleStump,NotOut,Played,FrontFoot,Pushed,OffCutter,Over,Fast,Left,Null,NotReferred,Null,False,False,False,False,False,False,1327,False,False,False,False,True,False,1,0,0,0,0,False,False,,,,,
1586526,8,9.88,10.0,0.0,0.0,79.0,2.0,10.0,74734,,40276,IPL 2026,2,242,Punjab Kings,1167,Lucknow Super Giants,2026-05-23T22:13:24Z,6,False,7560,Mohsin Khan,2708,Prabhsimran Singh,10922,Shreyas Iyer,329,194,Deep Mid Wicket,6,0,6,6,LengthBall,OutsideOff,NotOut,Middled,MovesInfront,Slog,OffCutter,Over,Fast,Left,Null,NotReferred,Null,False,False,False,False,True,False,1327,False,False,False,False,True,False,6,0,0,0,0,False,True,,,,,
1586528,9,10.44,15.0,0.0,0.0,94.0,2.0,15.0,74734,,40276,IPL 2026,2,242,Punjab Kings,1167,Lucknow Super Giants,2026-05-23T22:14:19Z,1,False,7580,Arjun Tendulkar,10922,Shreyas Iyer,2708,Prabhsimran Singh,251,89,Mid Off,0,0,0,0,LengthBall,OffStump,NotOut,Played,FrontFoot,Drive,NoMovement,Over,Medium,Left,Null,NotReferred,Null,False,False,False,False,True,False,1000,False,False,False,False,True,False,0,0,0,0,0,False,False,,,,,
1586528,9,10.44,15.0,0.0,0.0,94.0,2.0,15.0,74734,,40276,IPL 2026,2,242,Punjab Kings,1167,Lucknow Super Giants,2026-05-23T22:14:52Z,2,False,7580,Arjun Tendulkar,10922,Shreyas Iyer,2708,Prabhsimran Singh,21,185,Deep Backward Square Leg,4,0,4,4,BackOfALength,DownLeg,NotOut,WellTimed,BackFoot,Pull,NoMovement,Over,Medium,Left,Null,NotReferred,Null,False,False,False,False,True,False,1000,False,False,False,False,True,False,4,0,0,0,0,False,True,,,,,
1586528,9,10.44,15.0,0.0,0.0,94.0,2.0,15.0,74734,,40276,IPL 2026,2,242,Punjab Kings,1167,Lucknow Super Giants,2026-05-23T22:15:24Z,3,False,7580,Arjun Tendulkar,10922,Shreyas Iyer,2708,Prabhsimran Singh,223,80,Extra Cover,1,0,1,1,LengthBall,MiddleStump,NotOut,Played,FrontFoot,Drive,NoMovement,Over,Medium,Left,Null,NotReferred,Null,False,False,False,False,False,False,1000,False,False,False,False,True,False,1,0,0,0,0,False,False,,,,,
1586528,9,10.44,15.0,0.0,0.0,94.0,2.0,15.0,74734,,40276,IPL 2026,2,242,Punjab Kings,1167,Lucknow Super Giants,2026-05-23T22:15:51Z,4,False,7580,Arjun Tendulkar,2708,Prabhsimran Singh,10922,Shreyas Iyer,107,176,Third Man,4,0,4,4,Short,DownLeg,NotOut,WellTimed,DownTheTrack,UpperCut,NoMovement,Over,Medium,Left,Null,NotReferred,Null,False,False,False,False,True,False,1000,False,False,False,False,True,False,4,0,0,0,0,False,True,,,,,
1586528,9,10.44,15.0,0.0,0.0,94.0,2.0,15.0,74734,,40276,IPL 2026,2,242,Punjab Kings,1167,Lucknow Super Giants,2026-05-23T22:16:27Z,5,False,7580,Arjun Tendulkar,2708,Prabhsimran Singh,10922,Shreyas Iyer,90,48,Wicketkeeper,0,0,0,0,LengthBall,OutsideOff,NotOut,Missed,DownTheTrack,Cut,NoMovement,Over,Medium,Left,Null,NotReferred,Null,False,False,False,False,False,False,1000,False,False,False,False,True,False,0,0,0,0,0,False,False,,,,,
1586528,9,10.44,15.0,0.0,0.0,94.0,2.0,15.0,74734,,40276,IPL 2026,2,242,Punjab Kings,1167,Lucknow Super Giants,2026-05-23T22:17:05Z,6,False,7580,Arjun Tendulkar,2708,Prabhsimran Singh,10922,Shreyas Iyer,19,205,Deep Backward Square Leg,6,0,6,6,BackOfALength,DownLeg,NotOut,WellTimed,MovesInfront,Pull,NoMovement,Over,Medium,Left,Null,NotReferred,Null,False,False,False,False,True,False,1000,False,False,False,False,True,False,6,0,0,0,0,False,True,,,,,
1586530,10,10.5,11.0,0.0,0.0,105.0,2.0,11.0,74734,,40276,IPL 2026,2,242,Punjab Kings,1167,Lucknow Super Giants,2026-05-23T22:20:39Z,1,False,15856,Digvesh Rathi,10922,Shreyas Iyer,2708,Prabhsimran Singh,291,148,Long On,1,0,1,1,LengthBall,OffStump,NotOut,Played,FrontFoot,Worked,LegSpinner,Over,LegSpin,Right,Null,NotReferred,Null,False,False,False,False,False,False,1327,False,False,False,False,True,False,1,0,0,0,0,False,False,,,,,
1586530,10,10.5,11.0,0.0,0.0,105.0,2.0,11.0,74734,,40276,IPL 2026,2,242,Punjab Kings,1167,Lucknow Super Giants,2026-05-23T22:21:10Z,2,False,15856,Digvesh Rathi,2708,Prabhsimran Singh,10922,Shreyas Iyer,343,122,Mid Wicket,1,0,1,1,LengthBall,OutsideOff,NotOut,Played,BackFoot,Worked,LegSpinner,Over,LegSpin,Right,Null,NotReferred,Null,False,False,False,False,False,False,1327,False,False,False,False,True,False,1,0,0,0,0,False,False,,,,,
1586530,10,10.5,11.0,0.0,0.0,105.0,2.0,11.0,74734,,40276,IPL 2026,2,242,Punjab Kings,1167,Lucknow Super Giants,2026-05-23T22:21:40Z,3,False,15856,Digvesh Rathi,10922,Shreyas Iyer,2708,Prabhsimran Singh,161,182,Deep Backward Point,4,0,4,4,LengthBall,OutsideOff,NotOut,WellTimed,BackFoot,Cut,LegSpinner,Over,LegSpin,Right,Null,NotReferred,Null,False,False,False,False,False,False,1327,False,False,False,False,True,False,4,0,0,0,0,False,True,,,,,
1586530,10,10.5,11.0,0.0,0.0,105.0,2.0,11.0,74734,,40276,IPL 2026,2,242,Punjab Kings,1167,Lucknow Super Giants,2026-05-23T22:22:16Z,4,False,15856,Digvesh Rathi,10922,Shreyas Iyer,2708,Prabhsimran Singh,201,88,Cover,0,0,0,0,LengthBall,OutsideOff,NotOut,Played,FrontFoot,Drive,LegSpinner,Over,LegSpin,Right,Null,NotReferred,Null,False,False,False,False,False,False,1327,False,False,False,False,True,False,0,0,0,0,0,False,False,,,,,
1586530,10,10.5,11.0,0.0,0.0,105.0,2.0,11.0,74734,,40276,IPL 2026,2,242,Punjab Kings,1167,Lucknow Super Giants,2026-05-23T22:22:36Z,5,False,15856,Digvesh Rathi,10922,Shreyas Iyer,2708,Prabhsimran Singh,163,176,Deep Backward Point,4,0,4,4,LengthBall,OutsideOff,NotOut,WellTimed,BackFoot,Cut,LegSpinner,Over,LegSpin,Right,Null,NotReferred,Null,False,False,False,False,False,False,1327,False,False,False,False,True,False,4,0,0,0,0,False,True,,,,,
1586530,10,10.5,11.0,0.0,0.0,105.0,2.0,11.0,74734,,40276,IPL 2026,2,242,Punjab Kings,1167,Lucknow Super Giants,2026-05-23T22:23:15Z,6,False,15856,Digvesh Rathi,10922,Shreyas Iyer,2708,Prabhsimran Singh,200,136,Deep Cover,1,0,1,1,LengthBall,OutsideOff,NotOut,Played,BackFoot,Drive,LegSpinner,Over,LegSpin,Right,Null,NotReferred,Null,False,False,False,False,False,False,1327,False,False,False,False,True,False,1,0,0,0,0,False,False,,,,,
1586532,11,10.09,6.0,0.0,0.0,111.0,2.0,6.0,74734,,40276,IPL 2026,2,242,Punjab Kings,1167,Lucknow Super Giants,2026-05-23T22:24:22Z,1,False,10913,Mohammed Shami,10922,Shreyas Iyer,2708,Prabhsimran Singh,199,136,Deep Cover,1,0,1,1,BackOfALength,OutsideOff,NotOut,Played,BackFoot,Drive,NoMovement,Over,Fast,Right,Null,NotReferred,Null,False,False,False,False,False,False,1000,False,False,False,False,True,False,1,0,0,0,0,False,False,0.0,,,,
1586532,11,10.09,6.0,0.0,0.0,111.0,2.0,6.0,74734,,40276,IPL 2026,2,242,Punjab Kings,1167,Lucknow Super Giants,2026-05-23T22:24:59Z,2,False,10913,Mohammed Shami,2708,Prabhsimran Singh,10922,Shreyas Iyer,90,48,Wicketkeeper,1,0,1,1,BackOfALength,Wide,NotOut,BottomEdge,BacksAway,Cut,OffCutter,Over,Fast,Right,Null,NotReferred,Null,False,False,False,False,False,False,1000,False,False,False,False,True,False,1,0,0,0,0,False,False,0.0,,,,
1586532,11,10.09,6.0,0.0,0.0,111.0,2.0,6.0,74734,,40276,IPL 2026,2,242,Punjab Kings,1167,Lucknow Super Giants,2026-05-23T22:25:48Z,3,False,10913,Mohammed Shami,10922,Shreyas Iyer,2708,Prabhsimran Singh,100,160,Third Man,2,0,2,2,BackOfALength,OutsideOff,NotOut,Played,BackFoot,UpperCut,NoMovement,Over,Fast,Right,Null,NotReferred,Null,False,False,False,False,True,False,1000,False,False,False,False,True,False,2,0,0,0,0,False,False,0.0,,,,
1586532,11,10.09,6.0,0.0,0.0,111.0,2.0,6.0,74734,,40276,IPL 2026,2,242,Punjab Kings,1167,Lucknow Super Giants,2026-05-23T22:26:31Z,4,False,10913,Mohammed Shami,10922,Shreyas Iyer,2708,Prabhsimran Singh,346,141,Deep Mid Wicket,1,0,1,1,Yorker,MiddleStump,NotOut,Played,BackFoot,Worked,ReverseSwingIn,Over,Fast,Right,Null,NotReferred,Null,False,False,False,False,False,False,1000,False,False,False,False,True,False,1,0,0,0,0,False,False,0.0,,,,
1586532,11,10.09,6.0,0.0,0.0,111.0,2.0,6.0,74734,,40276,IPL 2026,2,242,Punjab Kings,1167,Lucknow Super Giants,2026-05-23T22:27:11Z,5,False,10913,Mohammed Shami,2708,Prabhsimran Singh,10922,Shreyas Iyer,90,48,Wicketkeeper,0,0,0,0,BackOfALength,Wide,NotOut,Missed,BackFoot,Cut,OffCutter,Over,Fast,Right,Null,NotReferred,Null,False,False,False,False,False,False,1000,False,False,False,False,True,False,0,0,0,0,0,False,False,0.0,,,,
1586532,11,10.09,6.0,0.0,0.0,111.0,2.0,6.0,74734,,40276,IPL 2026,2,242,Punjab Kings,1167,Lucknow Super Giants,2026-05-23T22:27:44Z,6,False,10913,Mohammed Shami,2708,Prabhsimran Singh,10922,Shreyas Iyer,356,119,Square Leg,1,0,1,1,BackOfALength,Wide,NotOut,MisTimed,BackFoot,Pull,OffCutter,Over,Fast,Right,Null,NotReferred,Null,False,False,False,False,False,False,1000,False,False,False,False,True,False,1,0,0,0,0,False,False,0.0,,,,
1586534,12,10.42,14.0,0.0,0.0,125.0,2.0,14.0,74734,,40276,IPL 2026,2,242,Punjab Kings,1167,Lucknow Super Giants,2026-05-23T22:29:09Z,1,False,7560,Mohsin Khan,2708,Prabhsimran Singh,10922,Shreyas Iyer,338,158,Deep Mid Wicket,2,0,2,2,BackOfALength,DownLeg,NotOut,MisTimed,DownTheTrack,Pull,NoMovement,Over,Fast,Left,Null,NotReferred,Null,False,False,False,False,False,False,1327,False,False,False,False,True,False,2,0,0,0,0,False,False,,,,,
1586534,12,10.42,14.0,0.0,0.0,125.0,2.0,14.0,74734,,40276,IPL 2026,2,242,Punjab Kings,1167,Lucknow Super Giants,2026-05-23T22:29:46Z,2,False,7560,Mohsin Khan,2708,Prabhsimran Singh,10922,Shreyas Iyer,55,196,Fine Leg,4,0,4,4,BackOfALength,MiddleStump,NotOut,WellTimed,MovesInfront,Pull,NoMovement,Over,Fast,Left,Null,NotReferred,Null,False,False,False,False,True,False,1327,False,False,False,False,True,False,4,0,0,0,0,False,True,,,,,
1586534,12,10.42,14.0,0.0,0.0,125.0,2.0,14.0,74734,,40276,IPL 2026,2,242,Punjab Kings,1167,Lucknow Super Giants,2026-05-23T22:30:52Z,3,False,7560,Mohsin Khan,2708,Prabhsimran Singh,10922,Shreyas Iyer,199,93,Cover,1,0,1,1,LengthBall,OutsideOff,NotOut,Played,DeepInCrease,Drive,NoMovement,Over,Fast,Left,Null,NotReferred,Null,False,False,False,False,False,False,1327,False,False,False,False,True,False,1,0,0,0,0,False,False,,,,,
1586534,12,10.42,14.0,0.0,0.0,125.0,2.0,14.0,74734,,40276,IPL 2026,2,242,Punjab Kings,1167,Lucknow Super Giants,2026-05-23T22:32:04Z,4,False,7560,Mohsin Khan,10922,Shreyas Iyer,2708,Prabhsimran Singh,338,145,Deep Mid Wicket,1,0,1,1,BackOfALength,DownLeg,NotOut,MisTimed,BackFoot,Pull,OffCutter,Over,Fast,Left,Null,NotReferred,Null,False,False,False,False,False,False,1327,False,False,False,False,True,False,1,0,0,0,0,False,False,,,,,
1586534,12,10.42,14.0,0.0,0.0,125.0,2.0,14.0,74734,,40276,IPL 2026,2,242,Punjab Kings,1167,Lucknow Super Giants,2026-05-23T22:32:44Z,5,False,7560,Mohsin Khan,2708,Prabhsimran Singh,10922,Shreyas Iyer,349,188,Deep Mid Wicket,4,0,4,4,BackOfALength,DownLeg,NotOut,WellTimed,BackFoot,Pull,OffCutter,Over,Fast,Left,Null,NotReferred,Null,False,False,False,False,True,False,1327,False,False,False,False,True,False,4,0,0,0,0,False,True,,,,,
1586534,12,10.42,14.0,0.0,0.0,125.0,2.0,14.0,74734,,40276,IPL 2026,2,242,Punjab Kings,1167,Lucknow Super Giants,2026-05-23T22:33:27Z,6,False,7560,Mohsin Khan,2708,Prabhsimran Singh,10922,Shreyas Iyer,180,140,Deep Point,2,0,2,2,LengthBall,MiddleStump,NotOut,Played,BackFoot,Cut,SeamAway,Over,Fast,Left,Null,NotReferred,Null,False,False,False,False,False,False,1327,False,False,False,False,True,False,2,0,0,0,0,False,False,,,,,
1586536,13,10.69,14.0,0.0,0.0,139.0,2.0,14.0,74734,,40276,IPL 2026,2,242,Punjab Kings,1167,Lucknow Super Giants,2026-05-23T22:34:44Z,1,False,15856,Digvesh Rathi,10922,Shreyas Iyer,2708,Prabhsimran Singh,216,84,Extra Cover,1,0,1,1,LengthBall,OutsideOff,NotOut,Played,BackFoot,Drive,LegSpinner,Over,LegSpin,Right,Null,NotReferred,Null,False,False,False,False,False,False,1000,False,False,False,False,True,False,1,0,0,0,0,False,False,0.0,,,,
1586536,13,10.69,14.0,0.0,0.0,139.0,2.0,14.0,74734,,40276,IPL 2026,2,242,Punjab Kings,1167,Lucknow Super Giants,2026-05-23T22:35:14Z,2,False,15856,Digvesh Rathi,2708,Prabhsimran Singh,10922,Shreyas Iyer,294,148,Long On,1,0,1,1,LengthBall,OutsideOff,NotOut,Played,BackFoot,Worked,LegSpinner,Over,LegSpin,Right,Null,NotReferred,Null,False,False,False,False,False,False,1000,False,False,False,False,True,False,1,0,0,0,0,False,False,0.0,,,,
1586536,13,10.69,14.0,0.0,0.0,139.0,2.0,14.0,74734,,40276,IPL 2026,2,242,Punjab Kings,1167,Lucknow Super Giants,2026-05-23T22:35:40Z,3,False,15856,Digvesh Rathi,10922,Shreyas Iyer,2708,Prabhsimran Singh,342,128,Deep Mid Wicket,1,0,1,1,LengthBall,OutsideOff,NotOut,Played,BackFoot,Worked,Googly,Over,LegSpin,Right,Null,NotReferred,Null,False,False,False,False,True,False,1000,False,False,False,False,True,False,1,0,0,0,0,False,False,0.0,,,,
1586536,13,10.69,14.0,0.0,0.0,139.0,2.0,14.0,74734,,40276,IPL 2026,2,242,Punjab Kings,1167,Lucknow Super Giants,2026-05-23T22:36:17Z,4,False,15856,Digvesh Rathi,2708,Prabhsimran Singh,10922,Shreyas Iyer,22,183,Deep Backward Square Leg,4,0,4,4,BackOfALength,Wide,NotOut,WellTimed,BackFoot,Pull,Googly,Over,LegSpin,Right,Null,NotReferred,Null,False,False,False,False,True,False,1000,False,False,False,False,True,False,4,0,0,0,0,False,True,0.0,,,,
1586536,13,10.69,14.0,0.0,0.0,139.0,2.0,14.0,74734,,40276,IPL 2026,2,242,Punjab Kings,1167,Lucknow Super Giants,2026-05-23T22:36:47Z,5,False,15856,Digvesh Rathi,2708,Prabhsimran Singh,10922,Shreyas Iyer,339,94,Mid Wicket,1,0,1,1,LengthBall,OutsideOff,NotOut,Played,BackFoot,Worked,Googly,Over,LegSpin,Right,Null,NotReferred,Null,False,False,False,False,False,False,1000,False,False,False,False,True,False,1,0,0,0,0,False,False,0.0,,,,
1586536,13,10.69,14.0,0.0,0.0,139.0,2.0,14.0,74734,,40276,IPL 2026,2,242,Punjab Kings,1167,Lucknow Super Giants,2026-05-23T22:37:21Z,6,False,15856,Digvesh Rathi,10922,Shreyas Iyer,2708,Prabhsimran Singh,347,205,Deep Mid Wicket,6,0,6,6,LengthBall,OutsideOff,NotOut,Middled,FrontFoot,SlogSweep,Googly,Over,LegSpin,Right,Null,NotReferred,Null,False,False,False,False,True,False,1000,False,False,False,False,True,False,6,0,0,0,0,False,True,0.0,,,,
1586539,14,10.71,11.0,0.0,0.0,150.0,2.0,11.0,74734,,40276,IPL 2026,2,242,Punjab Kings,1167,Lucknow Super Giants,2026-05-23T22:38:49Z,1,False,14819,Prince Yadav,2708,Prabhsimran Singh,10922,Shreyas Iyer,198,86,Cover,0,0,0,0,LengthBall,Wide,Caught,Played,FrontFoot,Drive,NoMovement,Over,Fast,Right,NotOut3rdUmpire,NotReferred,Null,False,False,False,False,True,True,1340,False,False,False,False,True,False,0,0,0,0,0,False,False,0.0,,,,
1586539,14,10.71,11.0,0.0,0.0,150.0,2.0,11.0,74734,,40276,IPL 2026,2,242,Punjab Kings,1167,Lucknow Super Giants,2026-05-23T22:42:20Z,2,False,14819,Prince Yadav,2708,Prabhsimran Singh,10922,Shreyas Iyer,137,69,Short Third Man,1,0,1,1,Short,Wide,NotOut,Played,BackFoot,UpperCut,OffCutter,Over,Fast,Right,Null,NotReferred,Null,False,False,False,False,False,False,1327,False,False,False,False,True,False,1,0,0,0,0,False,False,0.0,,,,
1586539,14,10.71,11.0,0.0,0.0,150.0,2.0,11.0,74734,,40276,IPL 2026,2,242,Punjab Kings,1167,Lucknow Super Giants,2026-05-23T22:43:11Z,3,False,14819,Prince Yadav,10922,Shreyas Iyer,2708,Prabhsimran Singh,270,198,Long On,4,0,4,4,HalfVolley,OffStump,NotOut,WellTimed,FrontFoot,Drive,ReverseSwingIn,Over,Fast,Right,Null,NotReferred,Null,False,False,False,False,True,False,1327,False,False,False,False,True,False,4,0,0,0,0,False,True,0.0,,,,
1586539,14,10.71,11.0,0.0,0.0,150.0,2.0,11.0,74734,,40276,IPL 2026,2,242,Punjab Kings,1167,Lucknow Super Giants,2026-05-23T22:43:54Z,4,False,14819,Prince Yadav,10922,Shreyas Iyer,2708,Prabhsimran Singh,284,145,Long On,1,0,1,1,LengthBall,OutsideOff,NotOut,Played,BackFoot,Worked,ReverseSwingIn,Over,Fast,Right,Null,NotReferred,Null,False,False,False,False,False,False,1327,False,False,False,False,True,False,1,0,0,0,0,False,False,0.0,,,,
1586539,14,10.71,11.0,0.0,0.0,150.0,2.0,11.0,74734,,40276,IPL 2026,2,242,Punjab Kings,1167,Lucknow Super Giants,2026-05-23T22:44:28Z,5,False,14819,Prince Yadav,2708,Prabhsimran Singh,10922,Shreyas Iyer,224,196,Deep Extra Cover,4,0,4,4,BackOfALength,Wide,NotOut,WellTimed,BackFoot,Cut,OffCutter,Over,Fast,Right,Null,NotReferred,Null,False,False,False,False,True,False,1327,False,False,False,False,True,False,4,0,0,0,0,False,True,0.0,,,,
1586539,14,10.71,11.0,0.0,0.0,150.0,2.0,11.0,74734,,40276,IPL 2026,2,242,Punjab Kings,1167,Lucknow Super Giants,2026-05-23T22:45:05Z,6,False,14819,Prince Yadav,2708,Prabhsimran Singh,10922,Shreyas Iyer,357,141,Deep Square Leg,1,0,1,1,BackOfALength,OutsideOff,NotOut,MisTimed,BackFoot,Pull,NoMovement,Over,Fast,Right,Null,NotReferred,Null,False,False,False,False,False,False,1327,False,False,False,False,True,False,1,0,0,0,0,False,False,0.0,,,,
1586540,15,10.8,12.0,1.0,0.0,162.0,3.0,12.0,74734,,40276,IPL 2026,2,242,Punjab Kings,1167,Lucknow Super Giants,2026-05-23T22:46:26Z,1,False,7580,Arjun Tendulkar,2708,Prabhsimran Singh,10922,Shreyas Iyer,21,100,Backward Square Leg,1,0,1,1,FullToss,OutsideOff,NotOut,MisTimed,MovesInfront,Slog,NoMovement,Over,Medium,Left,Null,NotReferred,Null,False,False,False,False,False,False,1000,False,False,False,False,True,False,1,0,0,0,0,False,False,0.0,,,,
1586540,15,10.8,12.0,1.0,0.0,162.0,3.0,12.0,74734,,40276,IPL 2026,2,242,Punjab Kings,1167,Lucknow Super Giants,2026-05-23T22:47:04Z,2,False,7580,Arjun Tendulkar,10922,Shreyas Iyer,2708,Prabhsimran Singh,282,156,Long On,2,0,2,2,FullToss,OutsideOff,NotOut,Played,DeepInCrease,Slog,NoMovement,Over,Medium,Left,Null,NotReferred,Null,False,False,False,False,True,False,1000,False,False,False,False,True,False,2,0,0,0,0,False,False,0.0,,,,
1586540,15,10.8,12.0,1.0,0.0,162.0,3.0,12.0,74734,,40276,IPL 2026,2,242,Punjab Kings,1167,Lucknow Super Giants,2026-05-23T22:47:44Z,3,False,7580,Arjun Tendulkar,10922,Shreyas Iyer,2708,Prabhsimran Singh,332,201,Deep Mid Wicket,4,0,4,4,FullToss,OutsideOff,NotOut,WellTimed,FrontFoot,Slog,NoMovement,Over,Medium,Left,Null,NotReferred,Null,False,False,False,False,True,False,1000,False,False,False,False,True,False,4,0,0,0,0,False,True,0.0,,,,
1586540,15,10.8,12.0,1.0,0.0,162.0,3.0,12.0,74734,,40276,IPL 2026,2,242,Punjab Kings,1167,Lucknow Super Giants,2026-05-23T22:48:29Z,4,False,7580,Arjun Tendulkar,10922,Shreyas Iyer,2708,Prabhsimran Singh,145,171,Third Man,4,0,4,4,BackOfALength,DownLeg,NotOut,WellTimed,BacksAway,Cut,OffCutter,Over,Medium,Left,Null,NotReferred,Null,False,False,False,False,True,False,1000,False,False,False,False,True,False,4,0,0,0,0,False,True,0.0,,,,
1586540,15,10.8,12.0,1.0,0.0,162.0,3.0,12.0,74734,,40276,IPL 2026,2,242,Punjab Kings,1167,Lucknow Super Giants,2026-05-23T22:49:12Z,5,False,7580,Arjun Tendulkar,10922,Shreyas Iyer,2708,Prabhsimran Singh,295,163,Long On,1,0,1,1,HalfVolley,OffStump,NotOut,Played,BackFoot,Worked,ReverseSwingOut,Over,Medium,Left,Null,NotReferred,Null,False,False,False,False,False,False,1000,False,False,False,False,True,False,1,0,0,0,0,False,False,0.0,,,,
1586540,15,10.8,12.0,1.0,0.0,162.0,3.0,12.0,74734,,40276,IPL 2026,2,242,Punjab Kings,1167,Lucknow Super Giants,2026-05-23T22:49:57Z,6,True,7580,Arjun Tendulkar,2708,Prabhsimran Singh,10922,Shreyas Iyer,0,0,,0,0,0,0,FullToss,MiddleStump,NotOut,HitPad,FrontFoot,Flick,ReverseSwingOut,Over,Medium,Left,Out2ndUmpire,NotReferred,Null,False,False,False,False,False,False,1000,False,False,False,False,True,False,0,0,0,0,0,False,False,0.0,Lbw,2708.0,Prabhsimran Singh,LBW
1586543,16,11.38,20.0,0.0,0.0,182.0,3.0,20.0,74734,,40276,IPL 2026,2,242,Punjab Kings,1167,Lucknow Super Giants,2026-05-23T22:54:31Z,1,False,10913,Mohammed Shami,10922,Shreyas Iyer,12057,Suryansh Shedge,40,187,Fine Leg,6,0,6,6,Short,OutsideOff,NotOut,WellTimed,BackFoot,Pull,SeamIn,Over,Fast,Right,Null,NotReferred,Null,False,False,False,False,True,False,1327,False,False,False,False,True,False,6,0,0,0,0,False,True,,,,,
1586543,16,11.38,20.0,0.0,0.0,182.0,3.0,20.0,74734,,40276,IPL 2026,2,242,Punjab Kings,1167,Lucknow Super Giants,2026-05-23T22:55:04Z,2,False,10913,Mohammed Shami,10922,Shreyas Iyer,12057,Suryansh Shedge,270,40,Bowler,0,0,0,0,LengthBall,OutsideOff,NotOut,MisTimed,BackFoot,Worked,NoMovement,Over,Fast,Right,Null,NotReferred,Null,False,False,False,False,False,False,1327,False,False,False,False,True,False,0,0,0,0,0,False,False,,,,,
1586543,16,11.38,20.0,0.0,0.0,182.0,3.0,20.0,74734,,40276,IPL 2026,2,242,Punjab Kings,1167,Lucknow Super Giants,2026-05-23T22:55:54Z,3,False,10913,Mohammed Shami,10922,Shreyas Iyer,12057,Suryansh Shedge,344,185,Deep Mid Wicket,6,0,6,6,LengthBall,OutsideOff,NotOut,WellTimed,FrontFoot,Slog,ReverseSwingIn,Over,Fast,Right,Null,NotReferred,Null,False,False,False,False,True,False,1327,False,False,False,False,True,False,6,0,0,0,0,False,True,,,,,
1586543,16,11.38,20.0,0.0,0.0,182.0,3.0,20.0,74734,,40276,IPL 2026,2,242,Punjab Kings,1167,Lucknow Super Giants,2026-05-23T22:56:37Z,4,False,10913,Mohammed Shami,10922,Shreyas Iyer,12057,Suryansh Shedge,95,156,Third Man,2,0,2,2,Short,OutsideOff,NotOut,Played,BackFoot,UpperCut,NoMovement,Over,Fast,Right,Null,NotReferred,Null,False,False,False,False,True,False,1327,False,False,False,False,True,False,2,0,0,0,0,False,False,,,,,
1586543,16,11.38,20.0,0.0,0.0,182.0,3.0,20.0,74734,,40276,IPL 2026,2,242,Punjab Kings,1167,Lucknow Super Giants,2026-05-23T22:57:25Z,5,False,10913,Mohammed Shami,10922,Shreyas Iyer,12057,Suryansh Shedge,22,10,Short Leg,0,0,0,0,BackOfALength,OutsideOff,NotOut,MisTimed,BackFoot,Pull,OffCutter,Over,Fast,Right,Null,NotReferred,Null,False,False,False,False,False,False,1327,False,False,False,False,True,False,0,0,0,0,0,False,False,,,,,
1586543,16,11.38,20.0,0.0,0.0,182.0,3.0,20.0,74734,,40276,IPL 2026,2,242,Punjab Kings,1167,Lucknow Super Giants,2026-05-23T22:58:05Z,6,False,10913,Mohammed Shami,10922,Shreyas Iyer,12057,Suryansh Shedge,311,209,Long On,6,0,6,6,LengthBall,OutsideOff,NotOut,Middled,FrontFoot,Slog,ReverseSwingIn,Over,Fast,Right,Null,NotReferred,Null,False,False,False,False,True,False,1327,False,False,False,False,True,False,6,0,0,0,0,False,True,,,,,
1586545,17,11.0,5.0,0.0,0.0,187.0,3.0,5.0,74734,,40276,IPL 2026,2,242,Punjab Kings,1167,Lucknow Super Giants,2026-05-23T22:59:17Z,1,False,7580,Arjun Tendulkar,12057,Suryansh Shedge,10922,Shreyas Iyer,270,40,Bowler,0,0,0,0,FullToss,OutsideOff,NotOut,Played,FrontFoot,Worked,NoMovement,Over,Medium,Left,Null,NotReferred,Null,False,False,False,False,False,False,1000,False,False,False,False,True,False,0,0,0,0,0,False,False,0.0,,,,
1586545,17,11.0,5.0,0.0,0.0,187.0,3.0,5.0,74734,,40276,IPL 2026,2,242,Punjab Kings,1167,Lucknow Super Giants,2026-05-23T23:00:05Z,2,False,7580,Arjun Tendulkar,12057,Suryansh Shedge,10922,Shreyas Iyer,340,152,Deep Mid Wicket,1,0,1,1,HalfVolley,DownLeg,NotOut,Played,BackFoot,Worked,ReverseSwingOut,Over,Medium,Left,Null,NotReferred,Null,False,False,False,False,True,False,1000,False,False,False,False,True,False,1,0,0,0,0,False,False,0.0,,,,
1586545,17,11.0,5.0,0.0,0.0,187.0,3.0,5.0,74734,,40276,IPL 2026,2,242,Punjab Kings,1167,Lucknow Super Giants,2026-05-23T23:00:40Z,3,False,7580,Arjun Tendulkar,10922,Shreyas Iyer,12057,Suryansh Shedge,340,142,Deep Mid Wicket,1,0,1,1,FullToss,LegStump,NotOut,Played,BackFoot,Worked,ReverseSwingOut,Over,Medium,Left,Null,NotReferred,Null,False,False,False,False,False,False,1000,False,False,False,False,True,False,1,0,0,0,0,False,False,0.0,,,,
1586545,17,11.0,5.0,0.0,0.0,187.0,3.0,5.0,74734,,40276,IPL 2026,2,242,Punjab Kings,1167,Lucknow Super Giants,2026-05-23T23:01:10Z,4,False,7580,Arjun Tendulkar,12057,Suryansh Shedge,10922,Shreyas Iyer,252,157,Long Off,1,0,1,1,HalfVolley,MiddleStump,NotOut,MisTimed,BackFoot,Worked,ReverseSwingOut,Over,Medium,Left,Null,NotReferred,Null,False,False,False,False,False,False,1000,False,False,False,False,True,False,1,0,0,0,0,False,False,0.0,,,,
1586545,17,11.0,5.0,0.0,0.0,187.0,3.0,5.0,74734,,40276,IPL 2026,2,242,Punjab Kings,1167,Lucknow Super Giants,2026-05-23T23:02:07Z,5,False,7580,Arjun Tendulkar,10922,Shreyas Iyer,12057,Suryansh Shedge,340,148,Deep Mid Wicket,1,0,1,1,FullToss,OutsideOff,NotOut,Played,DeepInCrease,Slog,NoMovement,Over,Medium,Left,Null,NotReferred,Null,False,False,False,False,False,False,1000,False,False,False,False,True,False,1,0,0,0,0,False,False,0.0,,,,
1586545,17,11.0,5.0,0.0,0.0,187.0,3.0,5.0,74734,,40276,IPL 2026,2,242,Punjab Kings,1167,Lucknow Super Giants,2026-05-23T23:02:46Z,6,False,7580,Arjun Tendulkar,12057,Suryansh Shedge,10922,Shreyas Iyer,223,153,Deep Extra Cover,1,0,1,1,FullToss,OutsideOff,NotOut,Played,FrontFoot,Drive,NoMovement,Over,Medium,Left,Null,NotReferred,Null,False,False,False,False,True,False,1000,False,False,False,False,True,False,1,0,0,0,0,False,False,0.0,,,,
1586546,18,11.11,13.0,0.0,0.0,200.0,3.0,13.0,74734,,40276,IPL 2026,2,242,Punjab Kings,1167,Lucknow Super Giants,2026-05-23T23:03:53Z,1,False,7560,Mohsin Khan,12057,Suryansh Shedge,10922,Shreyas Iyer,122,194,Third Man,4,0,4,4,LengthBall,OutsideOff,NotOut,TopEdge,BackFoot,Cut,NoMovement,Over,Fast,Left,Null,NotReferred,Null,False,False,False,False,False,False,1327,False,False,False,False,True,False,4,0,0,0,0,False,True,0.0,,,,
1586546,18,11.11,13.0,0.0,0.0,200.0,3.0,13.0,74734,,40276,IPL 2026,2,242,Punjab Kings,1167,Lucknow Super Giants,2026-05-23T23:04:27Z,2,False,7560,Mohsin Khan,12057,Suryansh Shedge,10922,Shreyas Iyer,179,101,Point,1,0,1,1,LengthBall,MiddleStump,NotOut,Played,BackFoot,Pushed,NoMovement,Over,Fast,Left,Null,NotReferred,Null,False,False,False,False,False,False,1327,False,False,False,False,True,False,1,0,0,0,0,False,False,0.0,,,,
1586546,18,11.11,13.0,0.0,0.0,200.0,3.0,13.0,74734,,40276,IPL 2026,2,242,Punjab Kings,1167,Lucknow Super Giants,2026-05-23T23:05:01Z,3,False,7560,Mohsin Khan,10922,Shreyas Iyer,12057,Suryansh Shedge,90,48,Wicketkeeper,0,0,0,0,BackOfALength,LegStump,NotOut,Missed,BackFoot,Cut,OffCutter,Over,Fast,Left,Null,NotReferred,Null,False,False,False,False,False,False,1327,False,False,False,False,True,False,0,0,0,0,0,False,False,0.0,,,,
1586546,18,11.11,13.0,0.0,0.0,200.0,3.0,13.0,74734,,40276,IPL 2026,2,242,Punjab Kings,1167,Lucknow Super Giants,2026-05-23T23:05:33Z,4,False,7560,Mohsin Khan,10922,Shreyas Iyer,12057,Suryansh Shedge,339,156,Deep Mid Wicket,1,0,1,1,BackOfALength,MiddleStump,NotOut,Played,DeepInCrease,Pull,NoMovement,Over,Fast,Left,Null,NotReferred,Null,False,False,False,False,True,False,1327,False,False,False,False,True,False,1,0,0,0,0,False,False,0.0,,,,
1586546,18,11.11,13.0,0.0,0.0,200.0,3.0,13.0,74734,,40276,IPL 2026,2,242,Punjab Kings,1167,Lucknow Super Giants,2026-05-23T23:06:17Z,5,False,7560,Mohsin Khan,12057,Suryansh Shedge,10922,Shreyas Iyer,185,73,Point,1,0,1,1,LengthBall,MiddleStump,NotOut,Played,BackFoot,Pushed,OffCutter,Over,Fast,Left,Null,NotReferred,Null,False,False,False,False,False,False,1327,False,False,False,False,True,False,1,0,0,0,0,False,False,0.0,,,,
1586546,18,11.11,13.0,0.0,0.0,200.0,3.0,13.0,74734,,40276,IPL 2026,2,242,Punjab Kings,1167,Lucknow Super Giants,2026-05-23T23:06:49Z,6,False,7560,Mohsin Khan,10922,Shreyas Iyer,12057,Suryansh Shedge,337,198,Deep Mid Wicket,6,0,6,6,LengthBall,OutsideOff,NotOut,WellTimed,DeepInCrease,Slog,NoMovement,Over,Fast,Left,Null,NotReferred,Null,False,False,False,False,True,False,1327,False,False,False,False,True,False,6,0,0,0,0,False,True,0.0,,,,
